Sec,RR_Intervals,QRS_Duration,QRS_Duration_Avg,RR_Entropy,QRS_Area,R_Amp,QRSPPK,Qdur,QRSdur1,TransQRSMaxMacA,TransQRSMaxMacB,QRS_Front_Axis,APC_Incr_P,APC_Incr_RR,Std_LineaIso_R,Std_LineaIso_P,APC_Detectado,VarRR,VarQRSPPK,VarRAmp,PNN10,PNN50,PNN100
0.21432463570184387,0.7422614033944207,0.06821575894859429,,,0.02470206314221854,0.9493031519088619,1.3174149387506764,0.0034474205333983,0.06870592108934023,,0.01347813296685643,72.01363302877658,-6.003659379903777e-05,-0.08143515618766989,0.04827941422326271,0.010403836592950313,0,,,,,,
0.9782882565100295,0.740415012060289,0.07031830820322563,,,0.023916209976460528,0.9415487453869832,1.2601991267606067,0.0034361127278906725,0.07031382110432667,,0.01233474848517104,69.88485828255428,0.07170415320527583,0.617785376636664,0.04846637460903399,0.0075503928065790244,0,,,,,,
1.756079273169947,0.7417723104071092,0.06840329509390534,,,0.024671299941778926,0.9535517195680148,1.3300334712640445,0.003214888448479891,0.06851433953621035,,0.012322832589971154,64.90452992723405,0.11110278083531722,-0.4137279478560105,0.05135486623880628,0.00894337006954854,0,,,,,,
2.5200428939781325,0.7443547689952817,0.06690205100019234,,,0.0252079007331899,0.9486875220222887,1.3848398706864395,0.003361334856019897,0.0669377090593767,,0.012917589997530728,69.64964435083014,-0.05463455348040168,0.06635168209344577,0.054141919855103554,0.008264123477653646,0,,,,,,
3.301290759600983,0.7436548630440011,0.06655749245902173,,,0.024463060616640598,0.9611979942345207,1.3957806052130473,0.0033825095132210535,0.06661479518772633,,0.01354084102220154,70.72592651770607,0.0528514267106496,-0.14878570790296963,0.054529375732914664,0.009610465581651939,0,,,,,,
4.072168078335033,0.7428324814505095,0.06680682184657563,,,0.024478711469894148,0.9456130992902203,1.3764506129479304,0.00315192034602367,0.06624543362280176,,0.012930010664551314,69.81091738164014,-0.07829383183199629,-0.1823617691926736,0.054234925087875537,0.008546661824162399,0,,,,,,
4.839588548106153,0.7452192315596713,0.06691338562833035,0.06960321042292107,,0.02389757867105729,0.9387025093202926,1.3188231181281436,0.0032876166080991398,0.06681676552593376,0.6434535036569371,0.01354770555586768,65.47777051567056,-0.13906335635731898,0.03565800058187149,0.05385339867066035,0.007196545836108124,0,,,,,,
5.613922715803137,0.7474938239855474,0.06686965312935685,0.06950722719205296,,0.02439457241936683,0.9682952718466719,1.397349499604627,0.0033850160149176945,0.06636143147345104,0.7554591010679417,0.013601023955000886,64.9537972932626,0.04463015194351207,0.2450177065738544,0.04902948541958755,0.007128042113778804,0,,,,,,
6.388256883500122,0.7441399280994053,0.06685554733270353,0.06935899561452921,,0.026197808327087343,1.0522533816891688,1.4126803162866268,0.0033417384293991177,0.06683523776937549,0.8111637888949507,0.01441840585529097,70.07533149149036,-0.11193977744840222,-0.44796926956414357,0.05556288031179013,0.006528667280663019,0,,,,,,
7.159134202234173,0.743653879902033,0.06643618312474159,0.06955511656173391,,0.0245452979200777,0.9675326920576636,1.40501501945968,0.003224420641097421,0.06671310413527659,0.7399829500595331,0.013694758587590469,69.03792013382039,-0.08481558723782365,-0.5925914797411306,0.05536422702741982,0.007746994149506092,0,,,,,,
7.933468369931158,0.7449803631365297,0.0666079697162283,0.0694429635839176,,0.023386529205347735,0.9475036285257008,1.3172354985577026,0.0033333942836192175,0.06685104110362053,0.6747464394657642,0.01273393168854376,66.63857949774953,0.06749873709408495,-0.2812052793524537,0.048495215318106716,0.006276862553907982,0,0.018925614686473795,0.02550570206392564,0.02353550966468124,35.77983169403447,6.5578586811658495,6.332076483452162
8.707802537628142,0.7458535278290718,0.06660104433465841,0.06938177662593249,,0.024435833061018198,0.9690574899966056,1.3905202262186052,0.0034091308764467375,0.06665502314192055,0.734534506374265,0.012829286102951967,65.7218731725162,0.08316147870831393,0.37147211501403105,0.05614534298052515,0.0060539899399434495,0,0.00838753530767258,0.02672492635517918,0.02587240277513303,33.197880811710455,5.2827402392855305,3.154751313038312
9.475223007399263,0.7447845531527595,0.06681364481167146,0.06956540342486363,,0.026212084330471782,1.0403492673380093,1.4044678170563203,0.0033974976745354993,0.06677087769522579,0.7661919121462536,0.012767768266374116,65.43524638497874,0.09025823276948884,0.39303162243147666,0.0475693828491166,0.008703210829210165,0,6.345476611674018e-05,0.02671691238445284,0.023224942988220986,29.381128965270996,-2.103814834328598,-2.5908552553739006
10.239186628207445,0.7375293880564867,0.06663093353675933,0.06929095372434797,,0.024664558186935984,1.0410085621529723,1.3891741205493153,0.00686806809221522,0.06675735134324479,0.7291276909658185,0.012463972314081091,65.27807102893676,0.054284731635765394,0.5100201446356994,0.048253810552125735,0.00835464951961005,0,-0.0004177574390901315,0.028362666118867723,0.02345192332232056,25.025781151929827,-0.5367916492228177,0.5115366696174646
10.996236551089765,0.7364562393137682,0.06676130560948867,0.06947943200628053,,0.024606763554035113,0.9560495819188731,1.3288890601526886,0.006798990974139971,0.06677918091802074,0.7133935231788379,0.012674184248784274,66.3340425036607,0.12127987367082642,-0.024840327883847227,0.042645439858580915,0.005594660404648272,0,-0.0013484989927269808,0.027463533468850942,0.02297393361692767,20.131757273074797,3.5663983602034026,-1.258131990327695
11.760200171897951,0.736987345664403,0.0664424559384726,0.06957894464093027,,0.024640699583387302,0.9597919066486692,1.3247517880556479,0.006500498940514966,0.06701027740970503,0.7383401423250477,0.012654505982276798,64.57747769993824,-0.10862597985940026,0.1576021138313763,0.04275966005807439,0.0061967497668499886,0,0.0008749186148514724,0.027687424332987248,0.022413710865477512,23.046854518891855,-0.3611965709293579,1.5991024890275247
12.531077490632004,0.7382668243915835,0.06722548670219848,0.0695400688351539,,0.0246953854599876,1.0347707505652894,1.4453408334738862,0.006696213253512569,0.06685143208152257,0.7788494671285202,0.013002317062011883,66.17274133866806,-0.16826540731762404,-0.20458925649272006,0.042344901954594005,0.00734502314027934,0,0.00022441933272271319,0.029170889993826422,0.023233089015443267,22.15041262371616,-1.2336041284971193,-1.4901423581586022
13.291584262477256,0.7320246193260967,0.06659217136942566,0.0685329680814352,,0.02696261014136636,1.0251621666381916,1.4416359747943543,0.006771351550764359,0.06662097977449125,0.7754562228609363,0.012864958112028322,67.55925037564243,0.04021283167207964,-0.3155629158348666,0.04267854639844743,0.007751479251083499,0,-0.0005862153989876007,0.031203213899553973,0.02260198386365466,23.17378288354925,-1.1694972457986212,-0.2832341215468641
14.05209103432251,0.7356085174122089,0.06692239900540893,0.06782375793762699,,0.024577827842374774,1.0216032434679243,1.3454568656837356,0.006650548022848784,0.06687550872615304,0.7644566090480773,0.012823634032356148,67.39804101768121,0.06479793338373946,0.049621789504386414,0.0429757195125581,0.009205306346224162,0,-2.8934235293373575e-05,0.03001737582353986,0.024088972372260094,20.31912326763151,1.1671366352349737,0.10154680504760669
14.809140957204828,0.732014589621747,0.07006442958947205,0.06811850592834158,,0.024439709333274884,0.9624285332679458,1.2752242977027526,0.006523171116605387,0.06996540201878883,0.7090316997609567,0.012916175575815477,66.10361750168411,-0.07380515606068679,-0.21417378263111267,0.042786754313085824,0.009116228037900841,0,0.0005310055997679249,0.029149365078209394,0.023964613701053787,21.239242780958456,-1.0190134573277534,-0.4728246486898334
15.576561426975946,0.7318995891793917,0.0702969009434331,0.06827210002356679,,0.024525732729761367,1.0005638820043083,1.3551524409772382,0.006543740638727796,0.07019614881903767,0.7185845950510082,0.012965089001737143,65.22192423000376,0.021534653428727454,0.4239878282184349,0.04185103826071093,0.009442768162516327,0,0.0004614700279296593,0.030341321098135143,0.02198198667224114,20.974453251232635,-0.46208133218552727,-0.9862009508064199
16.32324080296947,0.7326274012122392,0.06989017251223824,0.06833811188801993,,0.02453747741562943,1.0147011025887724,1.4202115518862768,0.0068669233376054606,0.06997008532201748,0.708276248324244,0.01274010198643006,65.981066251297,-0.08788306980604445,-0.23013322611374665,0.04255642751688267,0.011510696321689651,0,-0.00015200361706533636,0.030561944703165148,0.022404806314506014,21.227894338671092,0.5254305307692952,0.08896687250131838
17.069920178962988,0.7266365329377653,0.07007773995510443,0.06803697576298312,,0.024572504889268494,1.0021136646296076,1.3637023077046218,0.010089550277794145,0.06976438319139538,0.7130397967859187,0.012931679563116362,66.09788740291684,-0.059238525177694096,0.3335838307660357,0.04178924782055524,0.009383262980940284,0,3.7921826908636215e-05,0.03803241061554444,0.020629390586389632,18.10640520207097,-2.1267740676355635,0.9798349923882492
17.813142705993574,0.7278370555114312,0.07026162768902197,0.06815295480199059,,0.02377105464640086,0.9665751820787405,1.2634259991285848,0.010152912793473329,0.07012923067723084,0.6517957054826692,0.012942564834721016,67.9917270770787,-0.018545605943764906,-0.02809184946231689,0.04283288779798481,0.007978316274138227,0,-7.459618953416466e-05,0.04090975742192202,0.02024785837141539,21.60414014751031,0.2608915985420264,1.2133120388068455
18.5598220819871,0.7305213329496621,0.06985158648406033,0.06877099956818586,,0.02433667309619218,0.9676732382188874,1.2988577611382561,0.01012196093226351,0.06957869100378099,0.6700170552738568,0.012801849433915267,66.84072431224679,-0.12412182637506469,0.3229849022404664,0.04209847448540979,0.007610849046984713,0,0.0013011861903583436,0.040912577042084855,0.019550711335364245,22.55520695076212,-1.646220100984226,-0.4177439395400544
19.299587760054752,0.7287423533368032,0.06977636664379139,0.06913278686365076,,0.024198952192749763,0.9997628079578919,1.3682299455048814,0.009974680546935408,0.06990896766815695,0.6681418685087932,0.012756790248154262,67.91619676067914,0.14677669369777277,-0.5718644935354446,0.040834844805956116,0.007856833304748402,0,0.0007226979771901806,0.03983189084105054,0.019946015846337997,20.520466815133474,1.3881460079072103,-1.0266800781688548
20.056637682937072,0.7246461571322808,0.06973622832601542,0.06926779006346295,,0.02396782059695194,0.9477691198500399,1.3014000065688889,0.0100150907654725,0.06996573621610606,0.6455450683087898,0.012932599897956273,66.13243027677682,-0.08654676752419446,-0.2920489150608791,0.040820018143903146,0.009083139628453779,0,-0.0003230948180450803,0.0395436944896949,0.019958801056659644,21.608672074345094,-0.8414582334063992,-1.8106582726888467
20.810230756856456,0.7329382886209467,0.07346140723164449,0.06915909684982739,,0.023493742804359306,0.9263633309297215,1.2764696221072052,0.009984115346664456,0.07342505383620483,0.6346451995233943,0.012569785377224666,66.49329704265567,0.01491035749401853,0.25806056989405507,0.04033767810393258,0.007823567697926484,0,0.0007664892256846085,0.040930819493720974,0.019511338789761048,23.241829058390486,-1.9630976551333539,1.7956290812526174
21.570737528701713,0.7284649042384473,0.07358987774684217,0.07011870094415665,,0.02374239286791126,0.895904873041348,1.2773141118789886,0.013393463897110902,0.07319265707825491,0.6276131557944908,0.011982575342673111,64.84466825653018,-0.09738323174123932,0.023378476852235444,0.04048774800826952,0.010193626692890308,0,3.646035989336117e-05,0.04149219503036842,0.01889685686186038,20.53191710633406,2.2722207943308974,1.482291025059546
22.334701149509893,0.7330516915436093,0.07317152054739358,0.06989299747891255,,0.024099311055115827,0.9238256610422777,1.2635039118772413,0.009792710899703393,0.07323452357715522,0.6432103531737584,0.011863498748028193,65.93481847942948,-0.04740415909750511,0.13803975145741745,0.04089891486193402,0.010159510265272335,0,-1.7962943583523086e-05,0.040069080636134166,0.01729884118112554,21.318541604443467,1.2129347041275922,0.49984728595730976
23.091751072392213,0.7311560915748027,0.07334326486850581,0.07057157165394373,,0.024021450279164466,0.9435582587900032,1.2857911625334504,0.009729480758791738,0.07317060787489743,0.6647051584952715,0.012017034157160156,66.16290277483145,-0.037755293187316165,-0.5155474838883363,0.04081894234074982,0.010273152401882053,0,0.00042281932996689864,0.04158113232668485,0.019020642792209396,20.501732840976576,-0.558674268655197,0.8690103009480796
23.855714693200397,0.7317193031986795,0.07336929289936016,0.07083596164171856,,0.024166054475898025,0.9427711230701137,1.2817913662747495,0.01004133300606135,0.0733417619200108,0.6715779276808777,0.01212544496704058,67.94362738749687,0.07256237505837691,0.01695167734217931,0.04108594764266415,0.009707668867428944,0,0.00023999481586897605,0.04003610870085683,0.018833879095763815,22.009554386897424,0.245742151776783,-0.006273227331289765
24.616221465045655,0.7293067880046041,0.07332544172298026,0.07150834156519031,,0.0240075097777001,0.9190257943463905,1.2662036016188691,0.00996570892944223,0.0731818374332061,0.7036344638934708,0.012953471277364745,68.31627086833096,0.011371461345024179,0.12413980723602554,0.04024877238751376,0.009214240670078826,0,0.00039155184705865094,0.040437440752190086,0.01883561135160262,20.72239611190495,1.290262938137131,0.637930866974715
25.38018508585384,0.7328938056769866,0.07350975823684468,0.0716006854125546,,0.024710657981816406,0.9474880102244033,1.283736291312275,0.009816190213041958,0.07336511757260718,0.7821771955914679,0.012123531234535457,66.13035558351334,-0.025361894695397513,0.5530779440253354,0.04078830397322144,0.009599037872507508,0,0.0002485244913349216,0.03974157674617023,0.018549930189358053,21.951384048955248,0.9794042307094584,-0.36634813902705166
26.144148706662026,0.7295771607958959,0.0737165319804841,0.07170157244911418,,0.024863724794774666,0.9515808433008497,1.2969079564756718,0.009856226851695836,0.0726867016112358,0.8112729384316621,0.012743440579022013,70.14582727959935,0.02633556963950469,0.006663350230909748,0.040708596020504015,0.010414713293266417,0,-0.000269335744179028,0.039998259115238466,0.016780961122703813,20.665811227304587,-0.512308360632414,-1.0892994669454732
26.904655478507276,0.7325452537691116,0.07357290225305456,0.07203159948128755,0.25131749119426516,0.024733907484212263,0.9404553967142121,1.325528415958764,0.009969099417040696,0.07316186537232335,0.8205792984735069,0.011953425284738087,75.32781132702972,-0.16186311866256656,0.9787507812955957,0.040413783719811365,0.010355248523677772,0,0.0007511086685725679,0.037726040731603815,0.017650758596467815,12.486226585582456,-0.9859221230956697,-1.703996329358116
27.661705401389593,0.7325723179576326,0.0734150948230064,0.07223404415514924,1.0433785930673207,0.024620172688238906,0.9140800494146218,1.2689204352796368,0.01004521540838934,0.07372128949754646,0.8096907427159166,0.011939747932960454,75.64982189243673,0.07866677721100133,-0.4237614644671125,0.04087040373436906,0.008996273643862003,0,0.00028034119877198534,0.038401870963987644,0.016522665983152374,4.804438709095891,-0.7755296803909792,0.7230673159071466
28.411841626346053,0.7322309810793859,0.07350401756552903,0.0721506661121392,1.9263593964498713,0.024497689271574873,0.9524801039007913,1.325239575162682,0.010097804538490263,0.07320620049957945,0.8081573431939063,0.011945426426205098,73.11406581424833,-0.09284276667267126,-0.3418061726924333,0.04073253955861668,0.009841585283606515,0,0.001134224390432022,0.0257512524716863,0.009003571017179161,6.744598697125949,-0.30613165169713524,-0.7852821168771746
29.158521002339572,0.7253364506733118,0.0735398144764218,0.07223854840103418,1.911194238611264,0.025954916336664587,0.9506040981255911,1.3286012371990499,0.009603111965185936,0.07310093772253919,0.8380609595527554,0.012554957396372211,69.92144506353283,-0.07459399127116415,0.18055358310394226,0.04133261178931965,0.009495497421192767,0,-0.0005209649382231076,0.023037298625947757,0.00790808443078386,7.8812003745809225,0.24264541578173185,-1.4701025148416225
29.901743529370155,0.7246058799989846,0.07293276301709908,0.0726541167658429,1.9474064602772645,0.02600356651309446,0.9417517574871535,1.3207841960077549,0.009923405379370193,0.07367041168875059,0.8536318398522357,0.012704863909038617,72.50775578301416,-0.063191557464893,-0.23878571096734535,0.03739836302209754,0.00853478175870928,0,0.00028664284243348,0.021269857211757552,0.008595758020303799,6.395848701942956,2.1766925337160004,-0.42194789659325815
30.651879754326615,0.7230853067359644,0.07332657922906226,0.07216238884584661,1.957790390724289,0.024536814356945102,0.9360114238840656,1.338694929452491,0.010076523311933308,0.07334951946692989,0.8007957289345605,0.012847740634394674,71.05514165877544,0.0848931520025309,0.27017118342448415,0.03737933362014478,0.008578274703090394,0,0.0010308460085555772,0.022194104239773926,0.008977559110207391,6.094759498402333,1.9342747236093418,-1.9307700352660861
31.4158433751348,0.7233200444142411,0.07301833968881422,0.07202934302746455,2.0067475950326727,0.02574281969667115,0.9429836884622359,1.31062506505358,0.009937018452712786,0.07356282614270454,0.8403515060877967,0.011804349476511216,66.19354610183409,-0.046233376410165186,0.30806361961155415,0.03319085798652825,0.008111720340820593,0,0.00010327816513864193,0.021372093992265834,0.00805500395715567,6.291944378831139,-0.17077833397350453,-1.121153652756721
32.162522751128314,0.7234241847757963,0.07307468649502669,0.07201240652420204,1.9674483212012728,0.025844461538478698,0.9309801596157615,1.3261630472335277,0.009935910251662015,0.0733747835266634,0.8462524159820544,0.011953520567759031,66.71013826823203,-0.014878430451245489,-0.6945553747384764,0.03279836505898298,0.007568326985657031,0,-0.000686293891162506,0.021477829470566208,0.008417874003649557,8.6102003995229,-1.0907400780660281,-1.2016147330037366
32.91265897608478,0.7257649538254577,0.07302729507181553,0.07221901025346135,1.9635891830977423,0.02588600529056937,0.9344188685524057,1.320548696516114,0.010008181372061631,0.07332486353253316,0.8394615071769246,0.011381432727819484,65.00697987289774,-0.028161491769424552,-0.24315809946419328,0.03262115400067576,0.00766458684100117,0,0.0007666020910257962,0.020199082646425368,0.010404044618566734,14.52665089172738,1.9927538763400359,1.2842593529481539
33.66625205000416,0.7258346221171093,0.0733500294416892,0.07224370131745886,1.9401912973500683,0.024668877819093302,0.9235300603047694,1.314132309704437,0.010174704146376385,0.07358047606662384,0.8037557936319604,0.011838768282950203,65.56970731750589,-0.06964914710730132,0.7030721330819366,0.032832054289362825,0.006836733785208713,0,0.00028661141429590036,0.019030807316105746,0.009404612833513949,14.724279918453046,1.2679705679349216,-3.4323052716495748
34.43021567081235,0.7348868303985895,0.07346200159297891,0.07197218065795731,1.9344308222189432,0.024536879892196432,0.9204002783591024,1.3268634230358582,0.009823118933102802,0.07312135606766734,0.8025773343281811,0.011843293888664348,64.8146736487161,0.1377987976519386,0.27209901811946996,0.03239046730955556,0.006466856163387188,0,-0.0006940678678829423,0.01987919575194193,0.010998291429752206,13.934543108952935,1.3494375059524841,-2.610672344343453
35.1803518957688,0.7322185735649109,0.07290023959596431,0.07194104069508964,1.9863692969703313,0.026201951524166517,0.9315901186822187,1.3313389977974006,0.009997605809458224,0.07315461846886089,0.8492465448864321,0.014861757239408486,65.09522471126853,-0.03966208933537396,0.08524569995266142,0.03742064289503712,0.006556539683897369,0,0.00011493583900953769,0.019876341981036494,0.010601765917884639,22.82032033415841,-1.9220907564437149,-1.325751266536177
35.94085866761405,0.7230760656543472,0.07340087516708159,0.0716693299058969,1.9298598771276405,0.026396557465756285,0.9964387236677636,1.3401467118537516,0.010170550719555813,0.07321172266025686,0.8533155951385305,0.01543143359990646,65.44290567633603,-0.11177285893184791,-0.009648246904194207,0.037609399035752424,0.007446035083980018,0,0.0005812848997264749,0.01990048616420694,0.010981197504183532,30.735527292148983,-0.1060262102682079,-0.5167321037695346
36.704822288422235,0.7266894932057776,0.06973705833917918,0.07174336087083008,1.7705890844641348,0.0260516692132112,0.9343656308771351,1.323684416664669,0.009954391888372766,0.07019850934890652,0.8387653021219474,0.014818070312719357,65.0449908842311,0.05039738077093186,0.561419097048949,0.04167760731845609,0.006320994965528409,0,0.00020014699487521184,0.02101038759266562,0.010307012155704953,29.411720498200225,-1.1927571220854774,0.13260721991569607
37.46187221130456,0.7238123812313402,0.06997549649476614,0.07142843126840574,1.8212641160939596,0.024168014821072264,0.9350379215658086,1.3176805820495883,0.00982445201106124,0.06996073052995455,0.7966958235462119,0.011996408426469223,66.31401840339308,-0.021511615910639496,-0.16895827117619214,0.041380660179326255,0.006789447494377248,0,-0.000383658309687778,0.01943341774684967,0.010817840648531132,26.833777689764762,1.695225124330481,1.57992017925998
38.22237898314981,0.7268581726920538,0.06993406550155996,0.07202586149285889,1.8046151202413947,0.026454735857560877,0.9882767544803475,1.3289254586625505,0.01000547589845783,0.06995177531852034,0.8427236896009338,0.014746683838099392,63.61785530555137,0.0072272560602331636,0.2646962603731808,0.04584164582752253,0.007824819016074035,0,-0.0004405707196153834,0.020747394902081464,0.00951138466668661,28.639083573542237,-1.6406828116578906,-1.55353643396663
38.9759720570692,0.7256714944822703,0.07003028957488704,0.07180616941206006,1.7870721648288828,0.0265751867561672,0.9950246386280746,1.3360001705742228,0.009975575870761602,0.06982418787748976,0.8408810173751251,0.014821084638662711,65.61776872167715,0.025275843664631027,-0.69894860029658,0.04575959840176514,0.007638263886881273,0,-0.0006647864822301783,0.022783612971419884,0.011600362543942156,28.597762307697213,0.022391642132276374,-0.23196879838346238
39.72265143306272,0.7281510683922279,0.07347382562299606,0.07177313610489044,1.7738790442609909,0.026390024576544158,0.9948929907563948,1.3556436758380805,0.006926961175871965,0.07338914347201578,0.8340675786289268,0.016012745812160483,66.49141580941819,-0.08208422713557266,-0.5016280837441026,0.04577015757641407,0.008540791507900707,0,0.0007592124752130956,0.02453719973167999,0.016487757901926758,29.39286050750116,0.4947998402657419,-1.586629302817508
40.46587396009331,0.7276530764213246,0.06977621261096116,0.07147626839610131,1.7548560887930864,0.024297275523348268,0.9694970741984045,1.3344012349691934,0.006867525922865566,0.07002424685229859,0.7920662240803473,0.014885781134803827,66.01132526952111,-0.09253784090468195,0.3304615889607542,0.04600514163952692,0.008774045336674658,0,-0.00010125263086187562,0.02438818915204214,0.016168523398232132,28.49685201359359,-3.3155201190300065,2.5938101977884895
41.219467034012695,0.7254914338374504,0.06983255058879996,0.07094304174904302,2.084524218663926,0.02655137646356978,0.9965700220960161,1.3550459796245211,0.006569256563185172,0.06997332898155478,0.8389410801282741,0.015817638442387108,65.75720619779032,-0.08825625881974507,0.05580030327289373,0.04586802508909501,0.008760154931420237,0,-0.00045039628180994467,0.024299318406950123,0.016761499270897623,27.46660483650943,-0.16252767468240653,-1.7164082757163956
41.95577586311741,0.7237113178898977,0.07028874309041451,0.07052722349132176,2.124509480221503,0.026479725361716642,1.0314181543503769,1.3485976760958232,0.006789199336029989,0.06996367138345629,0.8322685810757465,0.014817974082453944,70.60583853130396,-0.00356501968201346,-0.7099549928225417,0.04606308896808192,0.008995409991357005,0,-0.0005363176150236974,0.02364632884958886,0.016176861183264685,30.103619302226537,-0.060175019959566214,-0.02022147795656029
42.69554154118507,0.716248939666916,0.06673366876626348,0.07015515010527874,2.0774031500505763,0.024248688339026245,1.0160501470212533,1.3539672337826025,0.0066491846963444515,0.06671945045991112,0.7413339762337751,0.013103617087485942,69.49129203721922,-0.018965280177043197,-0.1022960108244345,0.045716657351830337,0.007980918071398802,0,-0.0006246507149888313,0.024633887818783614,0.01696350889828087,29.354567369849768,-0.8636142446124006,-3.301927422082011
43.449134615104455,0.7191411792330292,0.06690709726682392,0.07007823832815557,2.2071426774704777,0.023626283842826213,0.9729852070328743,1.3425201733189314,0.006637997597861246,0.06657493476482074,0.7083053816460537,0.01288322417129833,66.25903795540036,0.10140789033586425,-0.0032141682498140573,0.04655616070157596,0.0086169838800199,0,0.00011107793998062493,0.02349186034754904,0.018047742351579323,28.086910194924766,-1.38044858592881,1.6868535114446281
44.199270840060905,0.7188061133723215,0.0666132511935976,0.0697353208396492,2.2423655516398022,0.023520337363694778,0.9675308042059669,1.29404290395518,0.006845081187224565,0.06641032887331141,0.7088042422405355,0.012887924491781277,67.56423394659964,-0.053226695688401195,0.06751762681929764,0.04582624394806208,0.008277793314104734,0,0.0002890577027544269,0.02326014031788739,0.016489365167011695,27.247793196153367,0.585780552958786,2.51850266678355
44.945950216054435,0.7210212740792433,0.06694855365921296,0.06953607041946404,2.2043046132337705,0.024282741110935094,0.969550218051151,1.3393797656366564,0.006605739503120109,0.06642438073793966,0.7370228591171408,0.012932602451276263,69.33021178138402,-0.03597677186088649,0.33506026931509386,0.04654200131056882,0.008420452851885227,0,0.000719109405642114,0.023260190356154425,0.016804164403756087,27.293783862201757,-1.0632321053652427,-0.3545110675662059
45.69954328997382,0.719247511445927,0.06682105640759825,0.06914685889663817,2.156249001940792,0.0250010245313575,0.9765529294983216,1.3411665661112038,0.0065230826207141514,0.06697680332633851,0.7842441259219065,0.013816319773047297,70.12382929061323,-0.007984707290830862,0.3899633712334037,0.04678061434322701,0.008649348330837326,0,0.0002027132442458023,0.02423660581039669,0.017737232697889096,28.78138671235097,-0.9814166152661575,-0.7663031573609635
46.44622266596734,0.7194159906518253,0.06663161149743722,0.06822243935191721,2.188593608047763,0.02422117082282101,0.9707400030372144,1.2945637773204355,0.0065323632680693335,0.06687451832458159,0.7410973719521059,0.013033671282476811,69.78595648618428,0.1397148592884947,-0.5244802807067384,0.04830520663135408,0.008114131547290664,0,-0.0008080423741486856,0.021086711746091988,0.01667316803608674,28.11549799133532,1.5860242024375206,-0.12800367478632899
47.19981573988672,0.7225218618056799,0.06683422331229322,0.06759767176607549,2.1911424981997643,0.023419893643729112,0.9229129296487698,1.2664201910163593,0.006647223633456213,0.06679740737137635,0.747229812656248,0.013376522592269168,70.9333447411027,-0.0005900019180150472,0.03869119013090804,0.05276356559917961,0.008278897510241967,0,0.00034053812077063133,0.02164544103252444,0.01643050655511813,29.037752149624122,-0.6213828675266971,-0.20660114567827628
47.943038266917306,0.7190776388098086,0.06713208003240974,0.06753920161510533,2.132748928297232,0.023578962641818503,0.9216504519434772,1.2543264598281343,0.00672974880510858,0.06668682717000528,0.7498061181735398,0.01309260732524071,67.03175270652615,-0.05160948242138256,0.26858434984926316,0.05280240665974753,0.008290707772401564,0,-5.024623785888021e-05,0.022339934721822174,0.015737987851904976,28.776765252652883,-2.049861885820036,-0.7698795833543641
48.68280394498497,0.7183659278493048,0.06699560669050975,0.06692077001192123,2.1685789261935797,0.02500355681208946,0.9743891720113435,1.287510871487429,0.006465358101101744,0.066985677373933,0.7898285226247003,0.013091488964732122,67.6469402813598,0.05353698144028525,-0.024226468344856696,0.052629742633385046,0.007408785489059037,0,-0.00032793292970600886,0.020589836819533993,0.016316614133157645,28.445209029308042,-0.9615644530041859,-0.3457083897430664
49.422569623052624,0.717415957189068,0.06663763439320072,0.06700694627321127,2.154221983511897,0.024852916056946898,0.9694606911550918,1.281465256361247,0.0066066387872643455,0.06692763439238607,0.7807644998352672,0.013101607940494132,69.37430233647812,0.09940855436118051,0.09649808402381171,0.04952105509046895,0.008063050932163387,0,-0.0015639999207594478,0.020125971830960588,0.015098502426958786,28.253569623762328,-1.8818091441572855,3.1420516827843694
50.17616269697201,0.7207436321425764,0.06690186140027986,0.06676644434024295,2.1537190726202873,0.02489064736566854,0.9673807036324548,1.2822498674783795,0.00690001605861909,0.06686508445737963,0.8222695937006745,0.013173814438040249,67.2459151771205,0.1556111633751499,0.2579242775335692,0.0494222192252691,0.0071715873444474455,0,0.0006186438645275821,0.018292618551006886,0.01469348971101811,29.33726649137674,-1.5973155993592125,-1.4651721920993395
50.92284207296553,0.7214845084582823,0.06650781667873001,0.06701678161756672,2.173517950627925,0.02479541673029269,0.9663767492820601,1.3341694728542568,0.006542569015747368,0.06709156167513575,0.8179450362534998,0.013373422176508639,62.67233753217696,-0.0526880193868782,-0.3220328450333579,0.04997546796922214,0.008835446689838274,0,-0.00020395705574333638,0.01795497749448348,0.010508403668069936,27.784154407283662,1.7162225797432629,-1.045052110833779
51.672978297921986,0.7225104827428254,0.06704640507898169,0.06605489498502995,2.1764739125391643,0.02620194499606967,1.0005792071189141,1.418770890739338,0.006892949317337324,0.06691271227280189,0.8428718888203197,0.013993855212090617,68.09903780038276,-0.07713578250043329,0.16382435956537256,0.048331933626129926,0.007387481492559293,0,1.0994613209176803e-05,0.01791778396983809,0.010581775829367587,30.628541552860895,-0.11146343138897034,0.09040949158251953
52.416200824952575,0.7216855104985876,0.06660869524643802,0.06605031730753601,2.2156065675576104,0.024843631603961767,0.9990697158093911,1.4102698439097647,0.006694835483090019,0.06643311571205042,0.8325545639460533,0.013459331582286172,61.61786431462991,0.10170495647608478,0.6223546334742607,0.048779597585771696,0.008672829693005464,0,0.00034595034618223146,0.01657987540229759,0.010787253770162602,27.576774711132447,1.085070908126329,-2.287949730508592
53.17670759679781,0.7213569100184098,0.06679911031715816,0.06604663829885855,2.2043320234868347,0.024847137617790033,0.9633141461149707,1.3392942839707762,0.006944377294595395,0.06663018063253193,0.8260840846572913,0.01332071977157978,61.76722648983067,-0.00476041817425818,-0.23462848966906094,0.0489053373310925,0.009283253297256188,0,-0.0007084599846053514,0.016427954443987026,0.009553261324735067,27.11763854596764,-3.6377515684106076,1.8245622148427634
53.92338697279135,0.7197554483914915,0.06684715723049428,0.06621076839200524,2.1953098062285674,0.02451404094014334,0.9650426902251306,1.3326240289931348,0.006671001687566504,0.06660279552442687,0.8310830749482429,0.013128223863154603,61.193524588415265,-0.05927199389136631,0.0783883186762861,0.04878557577138446,0.009099295823651326,0,0.00044482955971028484,0.015575726375469527,0.008974752385998645,27.62771285692256,-2.314116448250155,1.6359786862306316
54.663152650859,0.7201942443873917,0.06662423843780978,0.06628954428408626,2.2724378401778473,0.025001140477417427,0.9577796868923909,1.4172262983117279,0.0064389206443596575,0.06669969478414403,0.8217307987879563,0.013171261952176069,58.19550486789439,-0.027125178036442803,-0.06736705816650833,0.04848740179693309,0.009231605394240177,0,-7.681191551488212e-05,0.016363833605657532,0.00869453011467313,28.907616888869644,-0.4739680013524967,0.6216699149633378
55.40983202685252,0.7208053922935131,0.06674687219122336,0.06637146361005268,2.2974959417897987,0.026128252089676507,0.9882651203787666,1.4155059840396755,0.006434247123615626,0.06642632265820074,0.8402158210779248,0.01400300459307263,64.39631083175786,-0.053407366530104555,-0.08790729502643074,0.045701672769917975,0.009822401274525548,0,3.6237113643530444e-05,0.016961795216585845,0.008020497464049753,30.6503951229135,-0.42618182529432747,-1.6582531411773347
56.16688194973484,0.7232372110891375,0.06648848604618045,0.06635003922184587,1.931212805510724,0.025331897147746644,0.9718622023945375,1.4167583736229834,0.006567460342297223,0.06627024174343905,0.82862778807231,0.013883359877388942,56.77407178094324,-0.15080414794568076,-0.5145596243009901,0.04627351789301313,0.009850905584438055,0,8.488652509164723e-05,0.017852171537889,0.008293966056333892,27.034643081695837,0.009112532529678983,2.2765528924245624
56.91356132572836,0.7214196060903375,0.06697644533821895,0.06634028620067892,1.9989654988093308,0.025015556402467193,0.9592532147029105,1.3586943000160348,0.006512566618147827,0.06659025595366458,0.8243791116877188,0.013877586676693967,55.92119689671109,0.04442676517709275,-0.4794855513060186,0.04627406016935678,0.00989364094612415,0,0.00024762228215380626,0.017156677429118205,0.007711977580741566,35.062416372201405,-3.0072556096365965,-1.8983001853153225
57.66024070172188,0.7190330238631591,0.06613884621787763,0.06638589538133062,2.086452279132394,0.024856691064611018,0.9672451764469334,1.3719549471121653,0.0066370404686691455,0.06689290328308045,0.8265688034909702,0.01383797238551287,59.09509162026178,-0.09371036651407448,-0.10220215836159947,0.046312978296415584,0.00938241208672858,0,-0.0009178597043199005,0.016354997701103612,0.008649837226384035,43.4086928109178,-1.094424538381469,-4.00008911600917
58.4172906246042,0.7245257367769811,0.06643122406403519,0.06656713269028006,2.1979841720330264,0.025609803590705645,0.9639622773997224,1.366431389894368,0.006580309908640849,0.06668169857299085,0.8265840648139005,0.013886794027138301,64.27719749025272,0.07245865652942005,0.007509378227386818,0.04651210017164231,0.009536184402644636,0,-0.00033148914648078277,0.01841634068147587,0.007667734704199403,42.45306058300261,-0.6217776426844317,3.9026303568285177
59.163970000597715,0.7256656514080952,0.06689831517866532,0.06625131019080911,2.2722362428656173,0.025312268153813763,0.9384894625960739,1.3660109089042367,0.006789789939861106,0.06673331986469459,0.8079580597899705,0.013979105188484605,68.33982673207721,-0.0017398227502618032,-0.5395743504674296,0.04727708508015973,0.009308895448205684,0,-0.0006806594382198363,0.01768688265688491,0.007439981303967203,41.836056280000506,-0.7099554593012349,0.1488434674206229
59.92101992348004,0.7358157764705144,0.06668363400540586,0.06616929449556815,2.3076562300206835,0.02508030864843884,0.918479068386745,1.3129350618425106,0.00656787395365192,0.06664567531063936,0.791871949488216,0.013964658083217195,64.06289613302255,0.025434266662292548,-0.6112155938495198,0.05540446531220371,0.009172853819612423,0,0.0008270827789911031,0.01752915530006294,0.00790182923647331,50.14778747851968,-0.4119981577581446,0.5974701724737692
60.681526695325296,0.7291420468507158,0.06667937539846154,0.06682223207236633,2.26446323633807,0.02540234599210361,0.924553273530145,1.3638809623085875,0.006660690291606251,0.06680887386541014,0.7956873416736693,0.016234766096289748,63.710082583752865,-0.0019694056828620785,0.26441137108136237,0.05519487370473226,0.009621295876069857,0,0.00038410690094164664,0.016857791856009885,0.007824726619707663,49.690708005249505,-0.6347929115946419,1.648130087183365
61.45240401405935,0.7294732728639068,0.06697864229034706,0.06673254211156356,2.3236281751973324,0.02619232899577605,0.9694834365630416,1.398633404599415,0.006617804453915739,0.06668074604263806,0.8221834171047696,0.016396312674316786,65.64658337564461,0.04948468155188405,0.09543860225411892,0.05610872626257117,0.009471489781169028,0,-0.0006863674692386474,0.017862405514217968,0.008117923913638808,56.49459237351384,-1.1019331549067721,-3.464568216974273
62.20599708797872,0.7315837724155893,0.06638989527106752,0.06690007757168125,2.291395685998062,0.026053499166105637,0.9976649937974083,1.4226665878546685,0.006765174109105411,0.06660175936738996,0.8247717880085307,0.01633653824517524,65.97796398567861,0.08892511303748264,-0.0868407818620549,0.05439395300393944,0.009132742992462042,0,0.00043326512033626976,0.017245153982007964,0.009090811249571245,56.50809386300898,-0.8407777761694388,-1.3151165521354053
62.96304701086105,0.7339364358882485,0.0665267632269509,0.06678120247344843,2.1438859218835913,0.025256679967645242,1.000292480357242,1.3830518581294249,0.006605080991647714,0.0665247003209197,0.810849011407573,0.016332402235638616,66.17950347270734,-0.1994992786244303,0.03359751757399882,0.05039897131866404,0.008723248063385168,0,0.0007361712611874365,0.017342399243865797,0.006642208909799811,64.71004103099237,0.6570547610115746,-0.8717203563406379
63.70972638685457,0.7293868938723659,0.06682275518279905,0.06712038233906945,2.094134224961108,0.025336155080799137,0.9660459445442279,1.3736052554288651,0.00676578305795267,0.06687568937886584,0.7951208546350877,0.015260927261629682,64.39900190229602,-0.10600459520591533,0.025513793617916447,0.050591658316607634,0.008509041432155591,0,0.0006038206899084243,0.01772792354648598,0.008268539479620004,63.4202898677508,-0.1646645540352884,0.3058557864968949
64.46677630973689,0.730992770120115,0.06676031583400173,0.06900245630266924,2.0600384910881777,0.02537129130341441,0.9958367175800645,1.3998890675643738,0.0065375562617264555,0.06653930469774665,0.8098274918042299,0.015330844746741477,68.31696849303552,-0.07092032590116627,-0.7179319742122948,0.05078327534748139,0.008761930325823217,0,-0.0006977207759092168,0.01759203853274141,0.00782956925946575,67.09696892700899,1.3856911093798088,0.1577039943124807
65.22728308158214,0.7267815439599308,0.0665920145551261,0.06858211143451737,1.834245586334123,0.027887591291422736,1.0166340278896797,1.422420510667194,0.006551933600850419,0.0666716182965232,0.88853667125677,0.015359021985791397,67.64718291757877,0.01252674448258859,-0.00696213060038149,0.047403422519014964,0.008737319895279004,0,0.0010376362742569021,0.01751119779818882,0.007631872724243359,65.80579006780825,2.4374931580718404,-2.0619688098971554
65.9877898534274,0.7270002892181071,0.06973972022024941,0.06892733435445184,1.7849855127571435,0.027533943189611533,1.0109209056201545,1.3800858324595326,0.006580774621164314,0.07017781026926671,0.8888588672376795,0.015392918399365704,69.12541789700077,-0.04520404045323203,0.01953467024434436,0.046999956911773284,0.008571314806129276,0,0.0006086058214837347,0.017390072454751663,0.007917717412821691,63.420268241220796,-2.7392034464448485,-0.0762408758105584
66.74138292734679,0.7280360014163342,0.06654583390402541,0.0688375525631941,1.7830420151362913,0.025023821388247273,0.999945505649922,1.300463231616312,0.006844617345197286,0.0668308651606831,0.8089308566935755,0.015090644807790689,69.39130607496064,0.14245476990625103,0.07885205028110723,0.046459735161210845,0.009358287019625771,0,0.00029882574028217574,0.017441549370118922,0.007905073141396525,64.77621401005321,-1.3672419434413539,-1.8881978198910032
67.49497600126617,0.7237600699251197,0.06658679996821756,0.06896836917454174,1.6316532124039413,0.024940770936794577,1.0024546029420554,1.335017762892686,0.00668810770340809,0.06685442586659722,0.8101637638043448,0.014901576145230234,66.1137512412443,-0.08410530824440828,0.12891211981104292,0.04682925639960954,0.008698729899122681,0,0.0002142858635063358,0.016707170429072663,0.00629219063751255,56.41005275421755,1.6952018951335839,0.4612899519949042
68.24856907518556,0.7235836452879504,0.06687574936598044,0.0689979877258841,1.6329845309664153,0.0271616421637211,1.0072504019493962,1.3981599803270777,0.006572135231847557,0.06682124586014394,0.8822797451490536,0.01405943712006696,68.57387190226846,-0.021528818549224983,-0.08617666796046808,0.04608517012636517,0.008436785686716705,0,0.00020653725700220678,0.018371522965240195,0.0069880084031310125,49.0238643398648,1.4636300858020608,1.487325983849993
68.99524845117908,0.7257638584842372,0.0701320639440942,0.06929681401389667,1.5718140810418744,0.0272510337173336,0.9996279174403232,1.4035396237659388,0.006838775147933485,0.07040352597290672,0.887955990195769,0.014055671826104264,68.72975898151648,0.08595344446224072,0.04060352467501436,0.04602245489243351,0.008681872338557536,0,6.662982401638238e-05,0.01697674865461203,0.0067753262149783675,49.890537446781,0.49214921141622237,0.07148922341991948
69.74538467613553,0.7203759340260754,0.06688112498536974,0.06915701199763077,1.564746306807654,0.027281625968072338,0.9972262289395627,1.4118216175347325,0.0066404987643161086,0.06671364470326692,0.8864315644271501,0.014166191131413841,68.14206658059078,-0.008761880054273724,0.4634327172630416,0.045730807368807865,0.006061603081760917,0,0.0008528467431392444,0.018305904480826383,0.006593579510294644,41.48710290751015,3.4348694334189487,1.1356123497306774
70.49206405212905,0.7201959043265784,0.07000264698146645,0.06907785038987621,1.4450625301488351,0.027261449226919515,0.9807633535186393,1.3212942065570465,0.006706359959405938,0.07011539103715242,0.8935207275563263,0.014147334989140257,66.73842036755552,0.10490238423970961,0.4371016790636575,0.045476993396998504,0.006781196634167494,0,-0.0004837362655740045,0.018298478429396192,0.007957142169170794,33.24934567290437,-1.7203012497655772,-0.4900724547241272
71.24565712604844,0.7194234119266263,0.06659032377654558,0.06893796395864912,1.4142212227946827,0.027157691651209376,0.9791375398273554,1.3566941882494268,0.0067672557935131526,0.06648855455143363,0.8834443148125668,0.012646524024763213,67.73439427119304,-0.027425236808564322,-0.055426177390227704,0.04315169897259677,0.008778547403964493,0,-0.0003324792151854574,0.016849258132071745,0.007233406704482854,28.339779030029746,3.2342849287142235,0.39718068823358077
71.99233650204197,0.720361282865722,0.06999103018545293,0.0692237006972784,1.4522491237358286,0.028337146593631325,1.013705092861979,1.4008633560798032,0.0066871878520904995,0.07023460164044189,0.9161062008119583,0.0114058890692662,69.14362720724927,0.09116324092252838,-0.28388086172730476,0.04543237693168717,0.008746089978972056,0,-4.363901652886571e-05,0.017891015844794512,0.006755797951513616,29.50143722172418,-0.4649797255949326,-0.8742386790185709
72.73555902907255,0.7173810464201736,0.07007106419027093,0.0685245859495109,1.4120127420411461,0.02721176982551951,0.9771416111605145,1.369667162587931,0.006754322668586874,0.06985192305822793,0.8856514408148926,0.014068202605368651,67.56456764582846,0.03004466733748858,-0.1408568186984652,0.04513073167388042,0.008145473881444163,0,7.538655935887073e-05,0.01743078976737227,0.00770717528091351,21.98723304144517,0.37440519703108666,0.2973349238149994
73.47878155610314,0.7165314324432849,0.07037147658583669,0.06865280132373752,1.4212298667863446,0.02676216018473175,0.9670094327202622,1.3424302679338829,0.006514670613043968,0.06987724682082712,0.8476433040303984,0.01407098193610772,68.831523555808,-0.15855274497769548,0.15304245518989842,0.04417812896549736,0.007985833908008706,0,0.00019759201667252698,0.01802933259901643,0.006637718856078888,13.240918854452255,1.3203924272987262,-2.499235483887171
74.21854723417079,0.7158342819087959,0.06987455910592558,0.06789506418429572,1.3836635328723768,0.023922443997656213,0.9539165357468767,1.3312953296938486,0.006734410244277619,0.06994043169630153,0.7773129980843786,0.011268087106375611,63.89633456734489,-0.17971997718693045,-0.3569934547277267,0.04454160039322151,0.0077386119410131505,0,0.00026365881120305606,0.017193534667044527,0.008424818581474543,13.12104022032904,1.3494738693624424,1.4931311441824886
74.95485606327551,0.7121565489876046,0.07001909714285899,0.06822974957255441,1.384891789493482,0.026806080907969994,0.9651875178632733,1.3585055778301516,0.006532415181534573,0.07000596311647739,0.8335129380988922,0.011263603424625136,64.4953279859256,-0.09654167208453272,0.01076406745379741,0.04471842968501217,0.007035283032232299,0,0.0009893882488679227,0.018171249734945404,0.008715747688018699,7.768199302007323,0.3884009794075857,1.321154194719629
75.6877080434173,0.7155071720557291,0.06995528698567456,0.06865027693834111,1.4087103701192687,0.02670719781011748,0.9760322290832092,1.3782931360587056,0.006633821873584381,0.06997128779231244,0.8374712541549978,0.014165771247023362,68.55314752363154,-0.006025708053669678,-0.19219291493299617,0.044542595699515665,0.0067165827730196175,0,-2.6907776242973997e-05,0.018004209332411054,0.009693402026432145,7.998734610098774,-0.37924381066969454,-1.066285949671754
76.42056002355909,0.7162885736675311,0.06987234274021772,0.0686538517817855,1.4043994839644867,0.02634949521170021,1.0116052820762338,1.384109038387251,0.006484573182450504,0.07003261453542355,0.8104811120451925,0.014680025723356657,69.32534214779541,0.2123113747966667,0.28709992997391637,0.0455356232697437,0.007118042798078447,0,0.0004582433154964184,0.017592966677249165,0.0087944656512211,5.276376674577428,-0.369474535018255,-1.0569016349869018
77.16032570162675,0.707485817618654,0.06948464598687208,0.06817889740691432,1.4089710570950318,0.02493555776523899,1.009635864437345,1.390890005980021,0.006879972191708863,0.07024707124063635,0.7861319214232585,0.0147650484897495,70.14265726621107,-0.15337957852690318,-0.7316114970750202,0.0455464367778342,0.0063817562184637616,0,0.00016434534202344994,0.018617075198841884,0.009419125733499048,7.311386312755939,-0.7133413306151578,-0.14030434094459912
77.90700507762027,0.7132289673583495,0.06988925387395949,0.06873621327843121,1.3408418427076105,0.025156029454856725,1.0138100214911656,1.3979904818614222,0.006706883220435936,0.07033133735510003,0.7868651388873618,0.01466531292742912,69.83608513939593,-0.1578301830729946,0.23784740383236738,0.045495353675913716,0.006796491564170698,0,0.0005499071461102169,0.01923103646520876,0.009821446786366298,8.708576987079164,-0.7015077554228294,-0.9786648229173625
78.64331390672498,0.7100435330151704,0.0699329480134061,0.06818000562206615,1.4407382979249719,0.026085270166737964,1.0523600961144826,1.381099474324973,0.0064603344478291755,0.06985784912307677,0.8223479203222809,0.014612229340125332,69.63928732943191,0.054409589364218726,-0.07349469638905219,0.04548330144622921,0.0072882671944170425,0,-0.0007054008890610206,0.018690978517899685,0.009680906363524379,5.541810185392311,0.04624956658640785,2.5169527782135495
79.38653643375557,0.7163907517890873,0.06992368253737255,0.06835551464614387,1.513865857484624,0.026731709728657512,1.0537263176826264,1.3968083081259632,0.006607777038621412,0.07020496066368881,0.8402116470421358,0.015797945055566864,72.90362470751425,-0.0369186309830674,-0.1352306610357683,0.04611418460413074,0.006959993557838521,0,0.0004470425540338324,0.018084556761610495,0.010839660182098894,7.392463037475042,1.2430996262144605,-1.0536408136964261
80.12975896078616,0.7153039933331595,0.06999090814221517,0.0684977937420203,1.4365271622532858,0.026298103185751973,1.0496010052481644,1.3955602472162694,0.0066664888374678415,0.06978803307538874,0.820742569339544,0.01569955077124796,73.3971771447617,0.01767854487933159,0.34947262932047346,0.04746145280902144,0.006702500974995764,0,-0.00016736955101568764,0.018512047257167995,0.010989208625658874,5.54353983117835,-0.10188358798020342,1.551342913157028
80.86606778989089,0.7168347864331143,0.0699580037101486,0.06903409248693144,1.5150915876375934,0.026106218519906074,1.0475855783195658,1.4007763692997939,0.0035325548524435236,0.07036786603550226,0.8133418121352128,0.01528328836642329,70.55197785666473,-0.05982170812216677,-0.1610777361503145,0.04734709321043816,0.007737686438772251,0,0.00010105709594016306,0.018154506313622597,0.011885628555751987,5.994738962202603,-0.745741187797801,-1.8669701110726546
81.60929031692147,0.7205184952373366,0.07013956401520229,0.0687836734524873,1.5371829531587595,0.026768477696603014,1.0575336602736265,1.3932100474868006,0.003250805853526578,0.06991534689677455,0.8691021703008339,0.01571677235356097,74.20174685263662,0.031244875205809756,-0.4397488698716022,0.048200859438416,0.008879048266214695,0,0.00036029304403580156,0.019239692280208377,0.012233670469003276,8.464745224842927,3.850420422744936,-0.6195045560323523
82.3455991460262,0.7173065351086516,0.07003250116712116,0.06856244841700421,1.5108236413953604,0.02676187675348995,1.0661110222424073,1.45390261361308,0.003185866850590818,0.07002512262845315,0.8632024899954367,0.015622845958620934,75.35539716444472,0.007296991020951879,-0.20238525725873954,0.049054803806657186,0.007240924925392662,0,0.00019586469768985223,0.01906464837662959,0.011989241290257956,8.059336585738173,0.7200158104728483,-0.6674756376939944
83.09227852201971,0.7138108915807527,0.07003951026439013,0.07061375347845948,1.5541942907673911,0.026179113201952018,1.0496352246380412,1.4146064184363063,0.006459526651574448,0.07009032054763736,0.8212258932093985,0.015238081075161758,71.2525182339513,0.0016422147748806452,-0.32502257981087973,0.05034563180460973,0.00780775135063736,0,0.0001928346178829301,0.018463167050112566,0.012559358173827853,7.54876933404278,-0.4742592054499238,0.20713203113755763
83.83550104905031,0.7103802267670463,0.07051130202928253,0.07079413401820436,1.7643394323334511,0.025168981182027563,1.0474592634429896,1.3809063592144222,0.006644701105351772,0.06970649447780101,0.7868054699958795,0.01386057747748427,70.86953934739452,-0.0795614260635915,0.3855708427529464,0.04842359878285238,0.006672108869856344,0,-0.0005713783029511908,0.017662396918855773,0.01154916373140992,14.46705943205648,-0.6086197957251446,4.070464466456162
84.57180987815502,0.7145050615945723,0.07024486744447266,0.07065034585865977,1.634365827503452,0.02676213217427611,1.0650531805944168,1.4479073772259712,0.006516735182942723,0.07010646260472682,0.82243555686606,0.013683235445619593,71.42613768702199,0.14075303914833498,0.14159048587302794,0.04769650266885926,0.006798413444204846,0,0.0007889509481138801,0.0200709332952917,0.012302844835133126,13.018612164288555,-0.7209965857247144,-0.8014492777471809
85.30811870725975,0.7144956749789129,0.07022146865973869,0.07127944367718916,1.6769587739721434,0.027676915547378438,1.1065418025545886,1.4466885596820551,0.006687764432985486,0.06983567649365005,0.8726054261397569,0.013961422384544871,72.6692461490472,0.07402685408292699,-0.3198224329486247,0.044656767961593166,0.0071679391523785975,0,0.00035183550468885635,0.019508106704418642,0.01226720538344728,13.267845869419217,2.6376308486536573,-2.254855273444528
86.0478843853274,0.7133225238686622,0.06989153357274303,0.07129256618923543,1.7192356580718477,0.02685735679957388,1.1127389250249067,1.4382893304351683,0.006767589567163222,0.06996392256230972,0.8172454534075084,0.012261678265477733,70.86080241475878,-0.05393191327522389,0.09789441396817182,0.04408623223503143,0.008082502354946824,0,0.000547037208658101,0.02029620065954265,0.014383184569969142,16.06900846500846,-0.6323379772103077,-1.0666195060750756
86.78419321443212,0.7098576970326465,0.07019478197232232,0.07183222554226024,1.7962706329350777,0.02653393421935877,0.97320177535827,1.4260011333403577,0.006687018602400136,0.0696454573825044,0.7405620352511144,0.01399226061101545,70.85309465026731,0.0944846976396443,0.17945165505196664,0.04456788581533447,0.007830532903774674,0,9.403847978607477e-06,0.020285057906723337,0.01444448417769781,11.484708068910816,-0.6043204806870643,-0.7074614155546922
87.53087259042564,0.7113098521164809,0.06996233562392697,0.07142924641333469,1.7974108965905726,0.026328791203380757,0.9657190706473858,1.4342487116062952,0.009934910135326214,0.0701991742384019,0.7401370795579861,0.012292289211234837,71.75635311239036,-0.10299086623951859,-0.12368972274727093,0.043847150084324486,0.008845982258036298,0,6.674603229496641e-05,0.022593403739733817,0.014856502862706053,13.685608916694996,1.2662008218194658,-0.836889297428908
88.27063826849329,0.7170273911034434,0.07015554552843402,0.07172039100520977,1.8591504419593705,0.026490607860071843,0.969587903245102,1.4566647809991549,0.010121025484095545,0.06968674644446296,0.7501730818937858,0.012405215552301627,68.20601677203553,-0.11501486364991728,0.1936649058136363,0.0444664061772794,0.008374180798487002,0,0.0007265186768404421,0.02304465468109996,0.014737777632882941,19.318453662943014,1.6562731186901984,2.307112071144402
88.99657655070922,0.7156626669948692,0.06971369444852754,0.07182626818641498,1.8794698876394391,0.026396031558786857,1.1068805186339232,1.5025528438581957,0.01014433727894338,0.0699492870650558,0.7403124563794304,0.013921820801970764,72.06567302641801,0.06615616025941437,0.1576705785714165,0.0390804864931547,0.008609891329448465,0,-0.0008411736172805406,0.024861305206318574,0.015598927128293626,20.689125337653895,0.5715212718198693,1.4728521684801212
89.74325592670274,0.7097396383871385,0.06990199360438432,0.07147549137683626,2.0148514427017647,0.026425564344929223,0.9667337669683501,1.4390162323810218,0.01001501633993397,0.0702102800225035,0.7424202551685402,0.013710465705338135,68.53785002971192,-0.18056131228089656,-0.0501554100789878,0.04386693264828172,0.00787171502499353,0,0.00024759246961405536,0.027345644853128317,0.015335890329755675,20.5520025502255,-1.4181447408959262,2.2382739407527907
90.48993530269625,0.7193499918389923,0.07017708771765568,0.07139735446157952,2.441299327388343,0.026277069375160153,0.9619953644044944,1.4453144529600663,0.009896145894257557,0.07000955569558803,0.7425856569045612,0.012298528850797708,67.13123327977496,-0.014530242610074327,-0.08806734776010156,0.043411711652919974,0.007929718075521567,0,0.0009488895763939923,0.027866780734568133,0.015223063444042088,28.157023897551245,0.1885077723647965,-2.557689258638232
91.22624413180098,0.7194486231066578,0.06976473257797329,0.07031064062320123,2.3856793717834788,0.026258667907163857,0.9690807388716172,1.432829431012362,0.009985300219753537,0.07006018937290223,0.7406830763944621,0.013096535325443984,67.20414495911133,0.04797056588466177,0.3229196824159959,0.043787136321231615,0.007357669683791297,0,0.0001618994996895732,0.02832387049308003,0.015151549270227946,27.624483709771223,0.2274876286767296,1.3552770360200548
91.96946665883158,0.717988755224096,0.0697447742991117,0.07106310163323318,2.3567231751075735,0.02629507746087236,0.9641908999508815,1.4362829821494432,0.009812561921507573,0.07011844229732798,0.7353877236890077,0.013114107986806962,70.52534753754573,0.03665106603881492,0.5381677802985982,0.043503203064375336,0.00786939961751192,0,-0.00016334326158660333,0.02941042157527425,0.016454980593132197,26.37383187222389,-0.0795102711913702,-3.5286858554134786
92.7161460348251,0.7197163514891698,0.06998209246529401,0.07025348021130966,2.3892162318120573,0.02474968376383414,0.9574786391054703,1.432405491147069,0.010121054011980313,0.06993830508506267,0.740936564028121,0.0126169515736239,66.41507670411364,0.1724314662577437,-0.013987815716551359,0.04041895864944864,0.00855426106358086,0,-7.663976848791627e-05,0.028089751768464115,0.016301718819475817,27.98314373181349,-0.6552859432226544,1.4017865769380577
93.46973910874448,0.7188321110992689,0.06975753123785165,0.07016393549384897,2.1056710780928913,0.02489764787555436,0.912222957122782,1.305421159147817,0.01037076301987203,0.07008217403095039,0.7403207660843386,0.012924391591020464,63.49826729799109,0.008535439581167306,0.37433383902192213,0.04520188265256767,0.00798661697844919,0,-0.00018756532562730295,0.028343658097271247,0.016042771782206356,27.273214199415037,0.13894458999841486,1.0928045640311421
94.216418484738,0.7195540558931163,0.07022402608986297,0.07041326397519883,2.134044198213977,0.02488835660222096,0.9057876987115011,1.3088837076747288,0.00996957827438045,0.07000065827324518,0.7575763163361804,0.013717136889029445,65.30239954610389,0.15677378185233587,0.11100408280613394,0.046857944097092256,0.007798787263442373,0,4.148606630645312e-05,0.02778565155052056,0.01795824335850209,27.99568583452233,0.6499826929848884,-0.7328971906198753
94.95618416280564,0.7186548745391753,0.06991132469690266,0.07025102305029812,2.099861864162373,0.024939692980793144,0.9605107240294732,1.4440009052536025,0.009783483600459011,0.0695844472239623,0.7857406748887875,0.013881459804945198,63.843709215740844,0.04307043949987005,-0.28126661492645044,0.047283784097019235,0.007910067611554423,0,-0.0003883057939929188,0.0277210209282627,0.01615030884418035,29.700815882594462,-1.3051488940373281,-1.0775812865660994
95.69940668983625,0.7139570473128717,0.06991769457538756,0.07008618097757252,2.0396479657424442,0.024855234623299343,0.9446221061185022,1.361762015609785,0.010048992995404678,0.07010145873864596,0.7907735772931173,0.013685360144218192,65.93001925428361,-0.1294615522763246,0.3547304974379717,0.04704843927309719,0.007700131521261805,0,-0.00031443392115795084,0.02829013513751824,0.017143068181503008,28.852847485222295,-0.659672504860001,-0.2993504746512804
96.44262921686685,0.7164185957087339,0.0701660033049332,0.07071376236475545,2.081374897820093,0.024997274334847674,0.94414497080641,1.3643296879827695,0.009843057690468655,0.0699494500493105,0.7849777550003653,0.01388412955637097,67.25211194730232,-0.007086151501031043,-0.18670440322290582,0.04651076788194628,0.007861116734417112,0,0.0004584565594902856,0.028673998906098248,0.01774976661317865,25.80416852418087,1.6625062885626387,-0.6132565888266788
97.18239489493448,0.712818573638324,0.0701536573794342,0.07029104394908905,2.0549433668532915,0.02478155541165198,0.9178454173379123,1.312905541793444,0.009888503929385327,0.0702073527235646,0.781822512622714,0.012988908384984383,63.75513411856117,0.06062207819987516,0.20319586861341565,0.046160244545575616,0.00848847842540902,0,-0.0004992080134521753,0.028853733128443818,0.017529787202850408,27.10114034641557,-1.6580449135213653,-0.3003397305943344
97.92216057300213,0.7118098696509043,0.06983401190889096,0.07046011232586127,2.064914757063982,0.02475138930012523,0.9139684611589634,1.3080711407978105,0.010146350630817072,0.06972066019391741,0.7844784651320038,0.013120312384271504,62.96611143371529,0.09041793729273753,-0.4943578738784723,0.043663765489456545,0.009428604105537296,0,-6.105618598454502e-05,0.02818939381069576,0.017902040961560752,28.300505486807346,0.43137380444862233,0.7698652017711816
98.65501255314392,0.7139148483683913,0.06961201311975998,0.07044634847516408,2.0591299021120886,0.02459398720011135,0.9415538804294681,1.3553601675500646,0.009884765894840521,0.06996947394911653,0.7912861687972934,0.013071577856686856,67.13792273730373,-0.08197440708508213,0.004042876520614414,0.04327539098418892,0.008513990216212722,0,-0.00025609466218902064,0.02611905943874835,0.015543364225405696,19.196414625774082,0.8945576920198755,0.4964017651145335
99.39823508017452,0.7105807119047496,0.06993228540465378,0.07076816079684072,2.089939636053069,0.02575993897821577,0.9394390578527365,1.36654443944651,0.006716300228800431,0.07002440866785578,0.786923907974763,0.015092606741022307,67.76371433946106,0.052636373111948125,0.04044380430579454,0.04327994123589285,0.011041422922208844,0,0.0001942954271335747,0.027077365652713608,0.015827323964828974,22.319834448643167,-1.2742570843321337,-0.6532404556724825
100.13454390927926,0.7057585094991782,0.0699137000954706,0.07042397180076623,2.061584488299376,0.025759722213711186,1.0167485121346276,1.3561990324102897,0.006658355222828732,0.06995731376247329,0.7907794531204321,0.014804926175515275,65.39183756263637,-0.0387263575101255,0.21951493419744347,0.04336841553735582,0.011214838902933653,0,0.0003112180363841028,0.027659215791991165,0.017031892997103427,22.453873811816074,-0.13338828964655014,-1.6110434548751746
100.86739588942103,0.7064675296505187,0.07009728266814148,0.07034688593975692,2.04404265176837,0.02660903844370732,1.0542298552925988,1.3797452587242471,0.006505687053218184,0.06983362792999118,0.7876529167315136,0.015224014628430625,66.63724082840622,0.06943299374416657,-0.1737163989252479,0.04302541308448067,0.01139293038187602,0,0.0003344711443051135,0.026975061355073392,0.016912298436100662,15.040515176517378,-0.13326334397572256,2.0507032490632393
101.5967910205999,0.7071815962226671,0.0698902246469158,0.07238019735953445,2.1715972013874025,0.026639505539857323,1.0471922393132276,1.3722572719523012,0.00675253286170327,0.06973813536333588,0.7095165298680652,0.015116401373076398,72.29549472078826,-0.004049068434371303,-0.09228611005942468,0.04346406328885726,0.011688314847631083,0,-0.0006329920391585728,0.030446880351330884,0.018350838601647226,15.405148126107466,0.6342419712340092,1.047389284207865
102.30890190696408,0.7040779005490129,0.06991517816040962,0.07215754484412641,2.2253041405864646,0.02585893075525044,1.0544638143209677,1.3722216820068645,0.006848557344228045,0.07002916815421074,0.711896009488643,0.014892279208205234,73.01143669227615,-0.009897302741652068,-0.3550216930607382,0.04309077484687227,0.011746766210565363,0,0.00014139529001088043,0.030241866635960717,0.018132963160046776,15.240809501760356,-0.01281411172740901,0.5244028243708881
103.02792649125414,0.706261088428346,0.06994478284587921,0.07231701840988909,2.587442866171622,0.02577675969112179,1.0388937579644364,1.3680133839598603,0.0066370830882717755,0.06977622110521041,0.7078176271727845,0.014820543891065838,71.59298507849212,0.14979076974727515,-0.2847629280685288,0.0432851689884874,0.01133007910206884,0,0.0002063571499557681,0.04229904542652586,0.028475256346854775,15.638495647544419,0.39543204048440345,-2.038601526155068
103.75040792450713,0.705231189910662,0.07023632390439803,0.0722946385686134,2.5800571506305396,0.026558125099598918,1.0727769244421705,1.4107519069696735,0.006905418514887793,0.06981269380143097,0.7040792715050515,0.014726092689126825,73.14431263298813,-0.0456537521256236,0.23746014726120238,0.03926234917192374,0.010925607770290025,0,5.589132811677722e-05,0.04422339018923419,0.028747560527298804,14.121212177467742,1.5301514492646753,-1.6828305760073177
104.47980305568599,0.7050545363100642,0.06974610495042206,0.07254692802129799,2.5851944647947356,0.026969052306268337,1.067637954726818,1.4256112165861885,0.006514883278394461,0.06973975655755145,0.7042653893885001,0.015144338896784737,73.4165542016372,-0.06242650604790919,0.4038674095653531,0.03901692011538487,0.01033613853068095,0,-5.013143666641429e-05,0.04408758553391201,0.029197027821710405,13.865019497426191,0.018688238230040097,-0.8895120158945221
105.24030982753123,0.71473681113443,0.07007635108857257,0.07221912381290022,2.5512651683071987,0.02693613284076465,1.0882682259941034,1.4090740159859179,0.006386235804970211,0.06997960208627652,0.708638126169917,0.016468242898391147,73.15448011609129,0.12479993765577461,-0.25745884483934767,0.043324708695813,0.009904021661230564,0,-6.442501760173262e-05,0.044546871524692284,0.028249593146195122,15.164622795643519,-0.9689026608875905,-1.9546610247789016
105.98698920352476,0.7194886250087527,0.06641627857222264,0.07254188003039233,2.5866195505030993,0.027086431716292332,1.0920849136349224,1.418489568419672,0.006738141228849586,0.06670441329988062,0.7120326714370072,0.01655212724290923,72.82759760235487,-0.1372705719342705,0.04892392766040963,0.046224443270053116,0.009433588465240306,0,0.0001470915395662669,0.043850315444917375,0.028145705168459406,22.32807253465627,2.4781738603096484,0.81899639349633
106.74058227744413,0.7283211217689962,0.06655653961372227,0.07271856744849281,2.5495383666517344,0.02683259044490924,1.075376560307467,1.409352106523782,0.003085324948785429,0.06641323632278329,0.7068387388125184,0.014837765734521993,72.62066854031008,-0.09275175208791475,-0.1676903512840184,0.04656196164429654,0.010637102427313498,0,0.0009023369481281424,0.043841113729684175,0.02841862068400189,28.104528121452688,0.5160931715287851,0.30652520462083527
107.48380480447472,0.721905015742934,0.06659329776713895,0.07162737002334187,2.599636900709897,0.02705179980153822,1.0683777084729633,1.4257133128587214,0.003248789811182339,0.06668062642596063,0.7040684482628666,0.014699457769905987,72.08956105406699,-0.1336615539678128,-0.27269171665144964,0.04667905780269692,0.009600190289830654,0,0.0007059987904148089,0.044049754253564,0.027260177612232688,28.061363864586028,0.06820104114214046,0.7344367940810106
108.24085472735703,0.7277222212212359,0.06673379119698349,0.07101585618517958,2.5441257315275916,0.026843243382230892,1.0655808677054739,1.4173663178905873,0.0032066802311675018,0.06626480839882866,0.7007828451645453,0.016407617556777707,73.18161119276925,-0.09033926349443538,0.45164570091636574,0.04581134232259943,0.009653361945713397,0,0.0005172884933567217,0.04342101250340303,0.028164110800758518,34.491973347111795,-1.7858679717443466,-2.665214229610197
109.0117320460911,0.7329076250808739,0.06322351748152405,0.07012827155658816,2.4962175613499986,0.026817768185258946,1.051022514614421,1.4211297546510493,0.0033798947833990557,0.06312472319140597,0.7013303476349609,0.014729747674771986,72.52251243919271,-0.04786767319324602,-0.16342435641155992,0.0469938624342475,0.009654197275508695,0,-0.00025690131322866986,0.04269939818799796,0.025905866989525284,42.97182356934055,1.777436808535008,-0.7790855247879694
109.77915251586224,0.7344290370441074,0.06340365676849083,0.06864695857893766,2.550717930077634,0.026638249265055914,1.037158060868074,1.3940595748887559,0.0034035132409762562,0.06323958132048203,0.7082194379639423,0.014809024916006065,72.10770832719017,0.11542181349854459,0.1192212850711922,0.04756413155116507,0.009351294972924667,0,-0.000205989220649958,0.04272949214762241,0.025883340970732034,44.02413746223788,2.2934579824337935,0.531862290127281
110.53965928770747,0.7415231383273968,0.0663259798505161,0.0681851642607297,2.530784878339476,0.02679720098217894,1.0478379848889683,1.3889030965699718,0.003282689212227851,0.06679280716177816,0.7119589411742673,0.014993506610432222,70.90696240118056,0.014414897161615764,-0.270713705038909,0.04620369655817661,0.00957125101397402,0,-4.562915836127867e-05,0.041768616096398446,0.024562941425930202,43.52964048211727,-0.4727415310611031,0.5766464772072493
111.29325236162686,0.7397505328936866,0.0664210060170183,0.06784711059033521,2.5651816647194665,0.027114931607544412,1.0384944279562596,1.390281943290841,0.003333130116202273,0.06670197552597021,0.754166504309618,0.014394907465415791,71.71449038845411,0.004407786640748378,-0.15606913440136075,0.04491610130095457,0.009360965607026926,0,0.00039381318014659774,0.04059748449474245,0.025643100224083268,43.11887159696135,-0.4083766417650845,-0.36790711561398737
112.06758652932382,0.7449481549251734,0.06652847569335135,0.06748734353420431,,0.025471136359652216,1.017980688262702,1.3561947508902747,0.0064570170884439395,0.06681050170376286,0.7387960403093555,0.014052473773584756,68.39865584947924,-0.08381016258488116,0.036620660382237886,0.0454851450239047,0.009297273413210162,0,0.000305992725017333,0.039268548160323914,0.02367428934649364,42.22085724053526,0.7149712060478727,0.7669111393299873
112.83500699909494,0.747262466522806,0.06666901078110625,0.06794410051537676,,0.025253749269375854,0.9760675744109629,1.354807903282961,0.006763836665931297,0.06646346426623433,0.7490173416464703,0.01424962624987187,67.63468069416258,0.003670389397598705,0.08010629612197104,0.04312403021312036,0.009668100181348968,0,0.0010114734989492683,0.03901102233817139,0.02308758687465378,43.20553878438193,0.09516978360747108,-0.5840776511737755
113.61625486471783,0.7427718826097319,0.06652299541274802,0.0679917385566218,,0.025048363313432524,0.9791850833806426,1.344025126106825,0.006675596558981057,0.0667171798474234,0.782661717310345,0.014070670871245118,68.84405805960147,-0.06385334187864163,0.09065060230033647,0.04253745236863483,0.010559710989114512,0,0.0008875033360949036,0.03805922802836423,0.020988516757803836,45.24019489403562,1.9024202366214402,-0.07236244743134991
114.39058903241477,0.7430534705222639,0.0702204062686484,0.0677924311494244,,0.025284352869216115,0.9775460757440708,1.3598793019588495,0.010150949066381594,0.07050581483312388,0.7862443643274886,0.014150581810879592,68.29826391554091,-0.01509000204375867,-0.0905254935114274,0.04301651117318396,0.009822641107013821,0,-0.0016398819391921337,0.028190899943147527,0.01574105784126029,43.015824366414506,0.6228798534332718,2.642714777166411
115.16492320011177,0.7445784964820414,0.07326681023746265,0.06776431930156698,0.7810345889596721,0.02535316232616731,0.9710820605816555,1.353612640537014,0.009990110508927208,0.07321645800846086,0.8019513952758871,0.014021669965468839,67.50836612989161,-0.08983206047802048,-0.17431707302775554,0.04293360184324003,0.009099960816870681,0,-0.0007438819261382088,0.02875120604998166,0.016791109633349878,42.01981070052922,-0.8559320599103678,-1.7322132801547785
115.93580051884584,0.7421601756858224,0.07316708323597514,0.06823383080514023,0.7952364825377344,0.025004834380972518,0.9725151306365892,1.304654835836338,0.009896330883971753,0.07297933144254597,0.7914260820274821,0.014152762421459535,69.99620632775282,-0.04224057856611744,0.2044252472337017,0.04287766447589473,0.00926851222956059,0,-0.0003685836804308288,0.030139374119041516,0.015122315008697255,44.97209794980274,2.60110357606315,1.8929190099408244
116.71013468654282,0.7443148542326781,0.07333979800566344,0.06888865702013204,0.8006736289218835,0.024700201064680554,0.964387255817904,1.305136961872743,0.01017746296454419,0.07361778513875324,0.7884499324110497,0.013258512097928917,68.46765449710568,0.0431551350379479,0.2309527664385181,0.04290952630601881,0.009364557668657746,0,-0.0003360167827872987,0.02771701658901254,0.015459870958509044,43.55168872493453,0.18298117206863826,-1.3751076946463898
117.48101200527685,0.7464999355560415,0.07306731040947013,0.06974691983252661,0.9326630234031867,0.025006810190847467,0.958620854726466,1.3100754188519266,0.009821290525627056,0.07340188702286829,0.7983911033190281,0.013105937414634247,67.03741001153297,-0.05003690283836086,0.33343864427565295,0.04369414788328919,0.012273342964717352,0,0.00014500152994954975,0.02749115943489675,0.01561934041849861,34.911254982605556,-2.3079709911695314,1.1078254793021707
118.25188932401093,0.745316643077531,0.07318755998895346,0.07037206086700608,0.9795829483513273,0.024966864669182482,0.9895859700639126,1.3456533478387278,0.010159880705082005,0.07368424138253386,0.8012815659816502,0.013184012375422214,68.44204932165584,0.05684972883179871,-0.693648663195299,0.042523709085635866,0.012813789575275965,0,4.7872849629275665e-05,0.02644005057444881,0.01513250834534683,34.84951974339089,-1.0990088481983187,0.20657811157974937
119.01239609585618,0.7430071484701382,0.0734018773767573,0.07108385843230368,0.9534192270395481,0.02513200138685923,1.0037642479617215,1.33876355830366,0.009925945564569874,0.07295186288399201,0.8099201679693853,0.013325493420379645,69.38136597145113,0.22814208275734255,0.03252692749077988,0.042590699226371556,0.012277839764516083,0,0.0008350076796784217,0.02510458067905399,0.015160385573893117,28.333906620146767,-2.62703652548208,-2.59589405068105
119.77981656562729,0.7421259802535699,0.07357638843905326,0.07099174264359306,1.0371166016981053,0.025060224373975735,0.9942451594345374,1.3245033447956238,0.010046509294373507,0.07332981555042797,0.8056763490199974,0.013370445197729912,66.28950263914457,-0.10212196398021897,0.05397796930924567,0.046350874496538,0.012363471764331809,0,-0.00018861442546045323,0.02339472806067006,0.015252416848096183,30.820692885542726,-1.0330783977602176,-0.9998592905654848
120.55415073332429,0.7402168397188945,0.06988556506837369,0.07130589556575807,1.0027817672245056,0.025198119715654232,0.995346105271046,1.307590123847688,0.010159445934500234,0.06982750270548699,0.81657518891661,0.01576502397104825,65.94815904860575,-0.0087851577959908,-0.13506149373348555,0.046392310858825885,0.012282309562044924,0,-0.0013196898150283963,0.023420642864663836,0.013947573393707448,22.399196895753267,-0.8292008845288436,1.12149693192846
121.33194174998421,0.7387306964019836,0.07074504136600843,0.07139591113788792,1.0532139373963207,0.02509217215905098,1.0039690729655288,1.317867710260741,0.010119175571816099,0.06961703392396987,0.8216302201264385,0.016019431779547993,70.05228017325257,-0.041118672445597484,-0.289858778510668,0.04694196250329936,0.012980066764079881,0,0.0005440953213893473,0.021567120226719944,0.014936072045202866,18.245313746749225,-0.27764640879983493,1.4696504744982466
122.10627591768117,0.7356424162949683,0.07010104891621444,0.07123140509950045,0.963236460398464,0.025066296679188273,0.9952568627046179,1.32842358526957,0.006724702425743276,0.06933266570933304,0.8242168664258789,0.01384148065388684,71.69358248712375,-0.11993923164497057,-0.0449230457215157,0.04677312769970457,0.01240457586655951,0,0.0003745906965837007,0.021794090584624597,0.01360988535909299,20.927829705398466,-0.16610388104339183,-0.4550925208557215
122.86678268952643,0.7317472727109389,0.07017744685043739,0.07096276014612331,0.9657913335648068,0.02526268987391584,0.9898678141926891,1.3145546971200814,0.006648275588190913,0.07001563153066724,0.8239196172852832,0.013796216859677657,71.77946787154515,-0.2395986724661826,-0.015412841204649927,0.0468244462902772,0.012896310708450527,0,0.000595380053908002,0.020803445207782705,0.01383791901885782,21.224989549961546,-1.3768612013478103,1.1803161799286008
123.62728946137167,0.7355808353591241,0.07032752300292062,0.07100551162627777,1.065933730615324,0.02575122485093903,0.9878061678181733,1.313497692410511,0.00670542093216909,0.07027289265433757,0.824820288383011,0.014015594924142675,66.2226338057745,-0.03471394489666121,0.18305562719840698,0.04612217633368881,0.012450442240965164,0,0.0009645357513023842,0.021295551414531256,0.014250895955306212,22.25327261969071,1.9994367169700544,-1.4783162572584836
124.38433938425399,0.7261094563723565,0.07025426691536305,0.07128302491532147,1.0844872232619875,0.026152719360549432,0.9928469509427873,1.3293132340104912,0.006924560312337321,0.07073672697080366,0.8153414771221814,0.01615592284390241,65.96292288934671,0.06049416848264208,-0.34351048018107977,0.04622947317283594,0.012905739178438985,0,0.00023423641634591044,0.020971987658487925,0.014624704272662034,21.635542861952896,0.3446885206279863,-2.6243464219170742
125.13101876024751,0.7210824284287933,0.07031912943399093,0.07109961058439682,1.0681289624830057,0.026196078258245135,0.9902909412401544,1.3556055476745805,0.0065774410647008,0.06993914228286373,0.8273434270744937,0.016000542535491068,70.92789552981475,0.035159335487014054,0.18379526018345604,0.04650306064038805,0.013066582997378777,0,-0.00041300773029848077,0.02150050003160278,0.014394678399576963,24.000295586073225,-2.1675623185428887,-1.6826247424939675
125.87078443831516,0.7142488814130517,0.07027237359978197,0.07157172881263976,1.2173334253828418,0.026052942537512655,0.9943824159349544,1.3647245896757196,0.006680041776537515,0.06995288699300832,0.8253415685590795,0.013746653410048678,71.01109239191807,0.05700347536770136,0.6578473942820552,0.04658545464072817,0.015318479653831913,0,-0.0005915894238816262,0.02132323379678969,0.014978333945886374,22.439417164188797,0.6582915503884993,0.46712376945361234
126.61400696534577,0.7140401863032523,0.0697637842726726,0.07093685180238077,1.2488084235524666,0.025869687007517083,1.0026965738224582,1.3271065238219306,0.006348989248704154,0.06972238386220145,0.7661764862441468,0.0137863470781733,68.14093738911767,-0.05131916317929151,-0.0053211803246094955,0.04582164840228545,0.015781388102709088,0,0.00022041717211522505,0.020300672321673926,0.014500063662887929,18.7160944015769,-0.8081902299412174,-0.9094068489726251
127.3537726434134,0.7130948509749763,0.0698694445712569,0.07151145160452473,1.1986118730877056,0.026530956550468873,0.9953985521406551,1.3590615875305907,0.006723906010442713,0.06950350295465597,0.7628669819615768,0.013839957064010262,67.18522032791047,0.03327814469823473,-0.0034932716294757827,0.044366642674939345,0.015050736648827395,0,-0.00022989074490854786,0.019912376478516694,0.014985490655682027,23.560970319679303,0.2674935665308715,-0.7178372598916449
128.09353832148108,0.714957675545048,0.07040338279483198,0.07155057938840718,1.1864837834743127,0.027176750757618218,0.9966677726419783,1.3714075406225739,0.0065430812530048645,0.06982084931355723,0.7634205180330693,0.013971731458946523,69.84648494950068,0.04784845394874988,0.20025006293998515,0.043821252091880133,0.015131420749512263,0,0.000399282609424923,0.023208823483324488,0.015328858961730628,22.248379710984494,-2.2858294878028347,0.5897594309982434
128.82639030162284,0.7167843859906415,0.07035111878674556,0.07185961172559333,1.2558356484871365,0.026822752676982437,0.9961138923050926,1.362006310211251,0.006726456919973294,0.0701005761935604,0.7530371085256296,0.013792982636903796,70.8292856267686,0.0965051550923366,0.042412778536598215,0.044130450451934006,0.010327867885349179,0,-0.00030890795530400016,0.02818061946849203,0.017791513492529786,21.02805880645941,-0.10410315680307057,-1.6820377912474864
129.5626991307276,0.7154585907514032,0.06991116154991607,0.07154869349079392,1.2636437874731214,0.026458856226851957,1.0012773982644145,1.3517698874218504,0.006818353108336617,0.0703661140840431,0.7388146812634417,0.013800296527437323,69.97540565299562,0.12547932713666474,0.571657545726475,0.03995088267687148,0.010354227009689652,0,0.0003917849932846019,0.029011543440522872,0.01739639733244443,21.43122319138811,-1.2000045008719231,0.5704071641748835
130.2990079598323,0.7153091629978795,0.0699493060766065,0.07204758825680287,1.2853055040847794,0.025722016701768283,0.9956812831971603,1.3416656799309672,0.006659859570271226,0.06961662706680428,0.7248338341899309,0.013619494586227842,68.50495995883847,0.05223018167984742,-0.04378442657703712,0.04584922563748326,0.010273375311953215,0,0.0006101109562425422,0.03004002375457172,0.01859480366690718,20.575988968537896,-0.03390987870789587,-2.5677846394341888
131.04914418478876,0.7167013529972329,0.069832499533532,0.07188923327213874,1.2599340566551909,0.02702005445048294,1.0038285953646842,1.3667222892356952,0.0067230743314401955,0.07008428478343659,0.7523769274849819,0.01334487250542498,69.67730966214661,-0.13461651414193235,0.07354644639520322,0.0400350438048618,0.014296536181241456,0,0.0005175072184210848,0.030496048775004506,0.018911437965403354,22.306455046915964,1.1257739109958291,-0.7597860723694907
131.79236671181934,0.7159253812677725,0.07045821843142959,0.07172695774981197,1.2160327453138098,0.02714242017623363,1.004812076029097,1.3491999491462707,0.0066726843367819295,0.0699771633284125,0.7549953622099413,0.013363829644565747,71.15996189927482,0.046169869229493614,0.004579955181228643,0.04575107898312237,0.012182776669171625,0,0.0007853348152377894,0.03388301237981664,0.02044393159818439,20.906020837404068,0.4056811770716091,1.4920423013196245
132.532132389887,0.7233691342144192,0.07014270024201781,0.07212668328283346,1.176623608271942,0.025782559895648514,0.9916820890899224,1.3421966072737828,0.006785891782989564,0.07008016001202762,0.7542741162338072,0.013293889304447202,67.94795507702084,-0.000757449968564341,0.22091918377907016,0.04568304659681837,0.009730532216737538,0,0.0006012317879062719,0.03452284001571795,0.02075911191921398,21.932699936498302,1.6476731556107571,0.627783993254061
133.28226861484347,0.7213354560012932,0.06989594875946778,0.07192699720319119,1.2345201464017619,0.0256482270803136,0.9737611619902214,1.3235763581726663,0.00660241190899054,0.07018185463341957,0.7532164982687856,0.013114262213524623,67.41416170803704,-0.05105939473322455,-0.24245503022333648,0.04592006856313,0.010092690839630419,0,-0.00024072350808159327,0.034451213866762774,0.02066463699243677,20.770945946854553,-0.522807290239908,0.010629909813921597
134.03586168876285,0.7268483167469699,0.07010193893339285,0.07151652969073201,1.2660825191468779,0.02551090541688762,1.0061163135534668,1.3201087763068513,0.006662645838862308,0.0703112987859683,0.7639840467340625,0.013391029148646642,68.0968570329289,0.006479338274953761,0.4597457503954665,0.045953300244898534,0.009424652353325177,0,-0.00036200669384802374,0.03336784502776838,0.020659861403995197,22.441900425657188,0.6249396151343714,0.7496316593547456
134.78945476268223,0.724739905002028,0.06975382687651203,0.07171673978504839,1.2644118021987265,0.02531991458535643,1.0086794088097464,1.332144294139718,0.00651571445081301,0.07002033543778353,0.768122658507081,0.013245438324321379,69.53262382856525,0.24721057575540625,-0.4563329865950372,0.04542424693444238,0.008033226031510323,0,0.0008625737993387227,0.03380170453320332,0.019955431866214915,22.12582076661041,2.3139900466292773,-0.1656662185971912
135.54996153452748,0.7275978746180944,0.07013832835237092,0.07132906076945446,1.261600702301723,0.025335941380342595,0.9708609375204081,1.3322880962633321,0.006647825616821983,0.07002321445191241,0.7717519245866008,0.013092316249725294,66.92555524975992,0.0246333037581144,0.11260275828224842,0.04569549608578035,0.008190434695392311,0,7.904307016516793e-05,0.03358749155878246,0.020551613876439917,21.18510805104575,2.2312023799181695,-1.9084372607044044
136.3070114574098,0.723733433020493,0.07009635294627416,0.07099523203489719,1.2169911303679983,0.02548032113949237,0.9748685155452291,1.333938171458561,0.00992298907207962,0.07006144304644155,0.7854310517875827,0.013140290013425383,66.3218946107616,0.061817636972397984,0.11322616069967242,0.04513474322537902,0.01022930354504001,0,-0.0006558521420587909,0.033449579246374386,0.02093249673161088,20.159447390099253,1.2603659465038402,1.8154065267963142
137.06751822925503,0.7277795651104474,0.06981230329251015,0.0711380273275293,,0.02544017692855653,0.9616216056785388,1.335765867777168,0.009903085537148497,0.0702528075809286,0.7862569561741202,0.013151897620750164,65.6076561873353,0.06858735304363603,-0.6543702959730313,0.04509309128397469,0.010129185930145118,0,-0.0006754532205475591,0.034606607847510025,0.01783452923727172,22.300969320280217,1.463983695326326,-0.1366644555814807
137.82111130317446,0.7266894918600895,0.06994655311127289,0.07098573450935244,,0.025704572843363492,0.9744558520825579,1.366423323580135,0.009988215089534305,0.06999687787754198,0.7973780479495789,0.012938883395638277,64.72765864213069,0.1444174764259576,-0.041978812753750386,0.04543281914484951,0.010332416265924177,0,5.020007437919592e-05,0.03125873604388752,0.01839990635495724,22.162801268218757,-1.3850084454691916,1.9817544572337609
138.56433383020504,0.7296616525057529,0.07041841998471,0.07169713621680562,,0.02550106287570271,0.9544677608301861,1.3427030578262462,0.00994092690564209,0.0700291165789333,0.8001288270643562,0.013096710434781283,64.76683932344784,0.08371948263223417,-0.03506807139033575,0.04559333687462549,0.008563486603698687,0,0.0006694375708138721,0.02846059130694768,0.017045705212101157,22.16859642377627,1.6368860317334435,-1.4027064316347102
139.30755635723563,0.732615217311162,0.06971088386525598,0.07131270631574123,,0.025655637083808268,0.9295151562965539,1.3519517371873118,0.009884487603076114,0.07014797426720967,0.7863808062525645,0.01228713301040185,64.89172573106792,-0.18298111001071612,-0.04560762055920772,0.04583325876572009,0.008968379570278065,0,0.0006090402641515673,0.02820241908121459,0.016265332915463154,20.194732092225447,0.9940406616565515,-0.20311749382743705
140.05423573322915,0.7317048257930501,0.06974777250221666,0.07070168065118233,,0.025354559980353325,0.9235626516841178,1.351154529326014,0.009945088443166687,0.07018465657438591,0.7797628959824818,0.011468779665701877,63.84747476206456,-0.015010653376216139,0.05490443080928572,0.04655578745859105,0.009055955663794876,0,0.00011335729872583544,0.02546721041102838,0.014609070282292243,20.238319585258793,0.33006279999608945,0.9498974694612577
140.81819935403732,0.7265982707581519,0.06993696687591104,0.07101560213894934,,0.025309652218541024,0.9603009287052447,1.3460548989416994,0.010110041901507254,0.06993323357591517,0.8038014193775243,0.012280352403023328,64.72177731770766,-0.024340924278828464,-0.07723027140971025,0.046508884987190635,0.009181029628435557,0,0.0006151169956423248,0.023799491174248292,0.013809246205192702,20.655799898606674,0.7277884626210863,-1.343493710635932
141.56833557899375,0.725954242589629,0.07294907025386674,0.0714645084838231,,0.02558642342487887,0.998187966970745,1.3652269765438503,0.009880325449428105,0.07350801207527258,0.7973900070781028,0.012222089892471059,65.601476898997,0.025900971793019964,0.5195664388416267,0.044828615140169566,0.009224219124413218,0,0.00027138533286983637,0.021933821773059244,0.013096034121702916,30.125390202016646,-0.9953315368464157,-0.30386494431480215
142.3253855018761,0.7327141114814959,0.07360440251502157,0.0711916170255081,,0.02558040969980953,0.9671692854218524,1.367776811490085,0.009869763045395536,0.07295043488045057,0.8133388888065881,0.012058267532170708,65.32724297281585,0.11683502642978541,-0.29076549038133814,0.04181878156366146,0.009182389106196356,0,0.0009215691279170599,0.022309646715838002,0.012748040398968076,27.729467181683418,0.7324980062125312,-0.09731863528109941
143.08589227372136,0.7314663456058607,0.07334824851865927,0.07142089188708127,,0.02545829888704061,0.9489605944377815,1.3776233397710682,0.010030094473583835,0.07320226296532106,0.8074154691184298,0.011397752248687757,64.51589417843346,0.09746603984503671,0.281847527788124,0.03760390905529501,0.010602263179697593,0,0.0008181217504759425,0.018293783681743263,0.010014833936558578,29.68118979021252,-1.202571836047776,-0.2124869087159335
143.86368329038126,0.7342144046744287,0.07337492733545502,0.07119390800651813,,0.02556445595797814,0.9429500266091333,1.3690493142748064,0.010044867159864275,0.0737037867832146,0.8612479742136622,0.011223785420286486,65.5597605608517,0.03571042237582779,0.14241690395619133,0.03842394387448152,0.00976362794150469,0,-0.0002599861548776413,0.015081646271495122,0.008419410523396838,29.63360608078941,-0.6458297048076262,2.1203247941163537
144.62764691118946,0.736626481312131,0.07339717535465344,0.07163492940298875,,0.025625349029069835,0.9457447827799417,1.346838981020293,0.01013549835442981,0.07330207970417142,0.8621734835323125,0.01135654141058198,66.52695057488944,-0.21837413009797813,0.014517938548712174,0.04486740902487278,0.009512927182569698,0,-0.0007039145599166284,0.015536224849456506,0.008862670686225543,29.612862097885884,-0.6205408828709972,-0.32156282482286846
145.39506738096057,0.7295238684866578,0.07340240600883309,0.07123076721627687,,0.026255916286141927,0.9673767690112438,1.3765788564039907,0.00989656300742053,0.07337335802018996,0.8857021049639668,0.012141894823434573,65.63148885190415,0.07175321331811388,0.04029789126982965,0.044121784185251235,0.00901377013621938,0,-0.00017932042117830934,0.014609548676559924,0.008960589173599903,35.52820629029075,1.220525100229531,0.9414844040096987
146.17285839762047,0.7320747816728349,0.07377074550953988,0.0715905932659985,,0.026340125033320085,0.9674776714361645,1.3780755229100374,0.009884502702851532,0.07347600492367978,0.8869164592778384,0.012248686939237051,65.46267205142483,-0.0640055942698315,0.11465359864205958,0.03931135691017281,0.009441700093380365,0,0.0003557924869340608,0.013703795065634333,0.00842320322598964,36.18512131543402,0.8534429526316311,-0.06547836376063935
146.93336516946573,0.7354244333666389,0.07316365870898141,0.07086958937107994,,0.026677871042304742,0.9918178947823066,1.4218284532718202,0.01006098555228368,0.07351639446907748,0.9287876520270321,0.012272290690431469,65.41524480187957,-0.07349642701798523,0.21527184842994845,0.03816419507039382,0.011029078973102789,0,-0.00021109642296418936,0.01599901081062196,0.00740355684064589,42.52489697382511,-0.3213432950466413,-0.8423816938549303
147.693871941311,0.736290134224928,0.07324124012404261,0.07136366005034765,,0.027464309153824022,0.9905317835278706,1.4113748348295574,0.00655777246298204,0.07304718241488374,0.9262850148585459,0.015064729166145544,68.15963541114152,-0.15291307129133608,-0.5726028183770352,0.038692737517319636,0.010874063860425743,0,-0.0006255647966061108,0.015129037165330433,0.007745181124480615,49.90843508372646,-0.5071670209785628,2.5748005247784453
148.4578355621192,0.7315160421048724,0.07336996431123001,0.07171202019407479,,0.027281158059454858,1.0032936842541365,1.427829705808527,0.006875488373897254,0.07319787491515983,0.9238509941108056,0.014941566994772847,68.7545686467167,-0.033683285749579184,-0.10172601509673783,0.038172417386803485,0.01135022280204187,0,0.00033287982143504846,0.015124241196939728,0.009461433070926954,52.190621112437206,1.4037961277294846,-0.08779156037362852
149.20451493811268,0.7219123669264441,0.07287898836503393,0.07159183244572069,,0.02654655644950915,0.9831809156481074,1.3730132978385694,0.006868181108279348,0.07334145017510436,0.8941063751735077,0.014110333175573439,69.77361159823583,-0.040753318282276095,0.10555425440009354,0.037567006772873626,0.011060460931056317,0,0.00030818364311773166,0.015853476680544223,0.00809486205578635,48.561323481875654,0.04981269217889126,1.2049958230644724
149.95465116306914,0.7205168629163959,0.06983871034829202,0.07139614337863992,,0.026129239742910326,0.9878154784799114,1.4307831053283804,0.006735368556503934,0.06969228928458243,0.8617355115042186,0.014408642537079444,68.48441821619406,0.10035164291584937,-0.2041346577650995,0.039688309871933544,0.010855282790298279,0,-1.1533238191259928e-05,0.01608135120772481,0.008084025520770758,51.11218194428476,-0.655047450933858,0.8133243512789217
150.6944168411368,0.7207999781132267,0.06987612926037776,0.07129391468458614,,0.026506703703238287,0.9831322198170946,1.3516951249781153,0.006850819321541926,0.07036982462633612,0.7403355952344921,0.014278192012925836,69.61813573514429,0.058825067513406055,-0.26634340631417536,0.042164786919711976,0.010398553139177893,0,-0.001015249078246178,0.027864985466766575,0.01262115793014731,51.06822030423381,0.2591368880002951,-0.44818925902710677
151.44455306609325,0.7161966141277649,0.07018215002892421,0.07116925232678181,,0.02634541571372945,0.990377158807831,1.363552575353788,0.006519230589259783,0.07015548999308452,0.6690133286205313,0.014299405813271198,69.39386328620982,0.09532318315191197,0.4800171340822651,0.042299040880852776,0.01132814145367561,0,0.0008625433985550409,0.05134156483945922,0.030466435187107285,56.91741653913427,-0.7571711127759568,-1.8213431232345028
152.18431874416092,0.714109726510574,0.07002790420530215,0.07084762140848291,,0.026225889465212968,1.0040228856778723,1.36588899294198,0.0068196043976007795,0.07019254837708418,0.669415306538822,0.015002550076815592,68.288439150998,0.008848656300841461,0.707346533932447,0.044170994293444725,0.011293976823415007,0,0.0003049916469873634,0.05253677875022688,0.030111574827054472,59.0028907411904,2.018014242324589,-0.6757558670158254
152.92062757326565,0.7113844627435958,0.0662755336881918,0.07085594625980444,,0.026860994522416644,1.040641895858876,1.4421915048736806,0.006605802357148208,0.06600785280972173,0.6550717117260184,0.014130031092498182,65.20571917198737,-0.018277361875433225,0.17088511636580098,0.04252741957862485,0.01159099447901085,0,-0.0005120210962337342,0.05282000891355226,0.03127102242418018,56.61875498555595,1.903177299434416,1.3321795863847392
153.66730694925917,0.7147911513317248,0.06671107600334729,0.07081559259401637,1.4020769529599624,0.026746921150626622,1.0349996739249745,1.4082281904722174,0.006871822690516711,0.06630476713053432,0.6691460359802051,0.01423091182459892,71.35817729277717,0.0057600244361242624,-0.3682143051478199,0.042557612690700415,0.012055853555373119,0,2.6427029071654978e-05,0.05387127908545935,0.032944695241289776,58.58936849778955,-1.6419758514937473,0.15549725181397125
154.40361577836387,0.7119042694814686,0.06645073467315492,0.07006960208569593,1.386965160071813,0.02577978453023963,1.0147830743070236,1.3698290207238961,0.006627678192459764,0.06599791043444084,0.6360445768180314,0.014155031513321908,65.21663116980574,0.029959824746052684,0.08975190232578587,0.048145183309330916,0.011115520948043871,0,0.0001841180788430402,0.053963260456790965,0.03198959167594874,56.235191135957514,1.0719064993542013,0.48907203560130963
155.14338145643154,0.7132551220613184,0.06725522940692422,0.0694964308614051,1.4167876545737277,0.023690896616006162,0.9511125519572718,1.3217306124816621,0.006555895082923902,0.06648656434593002,0.5912667570982038,0.012437370722672108,65.1605204900011,-0.0342473929237706,0.17828607347177597,0.05327904883994596,0.010597828917318006,0,0.0002921714981263062,0.0554547452017606,0.03270076941853374,57.35928084371985,-0.48917183514459944,2.0896657802905834
155.88314713449918,0.7089608987298085,0.06642734140931308,0.0689275084183397,1.4174501966886923,0.023908229408507252,0.9482730267692198,1.346329094016935,0.00670428767298494,0.06653445236707115,0.5881169995080415,0.01236796457588415,64.7082710178446,-0.0830434615975678,0.12074302813514477,0.05306817100004792,0.010651470099690648,0,0.00026564399011638274,0.054137093459718254,0.03205085921562243,55.327880587841825,-1.3415547594841337,2.902116559495346
156.615999114641,0.706645978204702,0.06655970053790686,0.06915393278204361,1.318701578756763,0.02537449325153919,1.0100646612427249,1.398937736232562,0.006690740515376617,0.06645317513844053,0.6407756528526574,0.012539139404049207,64.81165038793793,-0.07493271357240489,-0.262945045377869,0.052939487727013755,0.010216423371882142,0,0.0005171891693255446,0.053754066341677606,0.031066444683221534,56.534108576899776,-1.460619118221674,0.15372616499782196
157.3557647927086,0.7115731518413425,0.06690929007430262,0.06836331101527199,1.392898455814774,0.025646192685759808,1.0323179993922251,1.3903200929070751,0.006592366872217688,0.06626426329162959,0.6650241198945728,0.01383345831065976,65.78306764791871,0.18380811534810965,-0.17697580227994814,0.05294709797649701,0.010609926563567572,0,0.00036292680200462825,0.053576345269760045,0.03227156471210901,47.901206421401916,0.9313329282634952,-2.1122133192943635
158.09207362181334,0.7150516274439223,0.06652584532564633,0.06793819411715085,1.3594580413371278,0.025533465443194917,1.0039033825325545,1.358228330947365,0.006790875174676301,0.06676330436103253,0.6798009064767826,0.012933117985125149,63.30794335856122,0.04106489664239031,-0.21642070732266452,0.053454398304285534,0.011045818768002773,0,0.0003840774096083123,0.05403953561699919,0.0317873406169233,47.27154793766311,-0.9864083502857903,-1.5839678563294104
158.82838245091807,0.7121862072475796,0.06656323282371662,0.0669865294714158,1.371313516468438,0.02511878067201828,1.007314618599409,1.3564572373646846,0.00662523093993002,0.06663901288837536,0.7217284438052995,0.013290966030019415,63.93438132139039,-0.09202995778295067,-0.22362013459061908,0.048534649319594496,0.010211590163973983,0,0.0005547958444222236,0.05387137527493774,0.03137994288773119,41.34604812147542,1.519004239959105,-4.350880115492487
159.5646912800228,0.7113725269863348,0.06661385611702422,0.06636259619596231,1.4191477265359977,0.025955369419309197,1.035476263463438,1.3867083100699198,0.006376503842282425,0.0670557555511761,0.7204923440298598,0.013158161151740733,65.94042257079109,0.041615349063676664,0.016559591387242223,0.048343940760517415,0.010242038167480606,0,-0.00010783419284446176,0.05280970098204513,0.03000668827352259,42.93380273134527,-0.6835648355728526,-0.11802153604683843
160.30445695809044,0.715515152567551,0.06634760633474426,0.06593048776407658,1.3421384058995263,0.02583717030488386,1.0335055874637151,1.4036036143108586,0.006486715493154825,0.06612884878510181,0.8407710661411505,0.013281941892418912,64.66898972603629,-0.013898940407017025,0.06105832701387442,0.04833780627361963,0.009986835399804063,0,0.00033851855029320255,0.054123780394562955,0.03149827595052024,34.561218993110856,3.4178909009117775,0.04169442757113528
161.04767948512102,0.7112073904689029,0.0665661164872484,0.0661693192104241,1.4009027505025229,0.025543918000423025,1.0335036672715128,1.3443353828892364,0.006617755898430656,0.06657644288639747,0.8451341927303601,0.013327017642718111,65.89924911598997,-0.008559746263595324,-0.04444331230108807,0.04856037593495183,0.009796767139992989,0,-0.00020184166309360815,0.05191279251895007,0.031060059914017165,35.75622984586708,-0.4561325835300532,2.4226474827605498
161.80127255904043,0.7203900614116651,0.06658314260291467,0.06602292093832736,,0.024444267071959114,1.0234314531203763,1.3298549937525403,0.006660491039831135,0.06672904941258596,0.8494056830311274,0.013117907238578697,64.53407770913692,-0.025298312155132032,0.36092497623566033,0.05759499131455797,0.009048771480355017,0,8.998848102457809e-05,0.03767991115785862,0.026793284267092907,28.753826982790294,-1.6832839721429516,-2.151304088846822
162.55486563295983,0.7205945498680563,0.06688211844414121,0.06614325479616433,,0.025189528877378208,1.0341520448262036,1.35477545153733,0.0067816605280931015,0.06674149927591916,0.8488025981246957,0.013075029769110067,66.04735802346221,0.16001408813171958,-0.06920483329710198,0.0486277910004591,0.009775280651260602,0,-8.937325285749044e-05,0.020740584227165338,0.011908894796212752,31.38802290007457,-2.546046144930607,-0.5315256399394099
163.3084587068792,0.7315713995377724,0.06692137967794341,0.06596646335203767,,0.025706194960826118,1.0248989859415238,1.4051717949382714,0.006515941420060916,0.06652471278294526,0.8519396115023711,0.012949473080387897,65.53546685500648,0.05047970625703119,0.3550352691327465,0.04616669457117608,0.00956863647946047,0,0.0007067975989113298,0.020871403544361854,0.011059404881339578,28.329328227497598,1.0909353426588901,0.20395233671225585
164.04476753598394,0.7248814872115098,0.0666228370271081,0.0663809380586502,,0.025387920000662804,1.0255869543980758,1.3530608266377302,0.006856739229369893,0.06610262616818721,0.8451918221862313,0.013048978291025413,66.28184123954806,0.027218163990424406,-0.32522608052129215,0.04576059807083151,0.009456533352211027,0,-0.00023838421822416385,0.020093441430281987,0.009624905069566045,30.296465683253317,-0.7664654302841792,1.1984680285566804
164.79144691197746,0.7261958857027183,0.0699016369274325,0.06830463167242255,,0.024652776815539592,0.9980555513570197,1.3417699266050251,0.006807544051665189,0.07004228465182098,0.8147518778261519,0.012875954763798764,66.47638113668245,-0.01123305842217699,-0.08354297409090657,0.04509541797560834,0.009600412210899998,0,-0.0003851796415565167,0.021230464506561617,0.00931472188065707,28.216545641688118,-1.1169627377475244,0.11113756820831074
165.5519536838227,0.7309882553019389,0.06935273294505788,0.06880655997637433,,0.024677005746444772,0.9954609659871114,1.3452990977951724,0.006463822757348824,0.07015827820262982,0.7931694258099823,0.012759337267065555,64.97638899940337,0.07473534099076538,-0.24347327169817706,0.04573725041008717,0.009180611214418585,0,-0.00044854289878668225,0.020786533997338593,0.00806231578263484,28.950042295264428,-1.356612027993205,0.8086203534700855
166.31246045566795,0.7346905649394503,0.07005571243651246,0.06879423644095797,,0.026187761203819375,1.0253584223870962,1.4214592713984382,0.006483195040830603,0.07011244311769961,0.809856168367189,0.012845922937652866,65.3732291148088,0.10185106641675166,-0.3037224785522749,0.04604890423939239,0.009597239842001344,0,0.0005313542760237859,0.02185034519972956,0.008889886732418995,29.272216214630124,0.5209087190730641,0.36762815331676335
167.06951037855026,0.7300713116980664,0.07010880473592855,0.06916325877724235,,0.026774925741867923,1.0677490036257726,1.4308397815791773,0.006513250032895545,0.0705700280773721,0.8218835697306056,0.012906800235588243,64.31606788965864,0.044080804325252604,-0.3010137574506033,0.04515884415846251,0.009136657702635368,0,-0.000503038150597897,0.02124107301620095,0.008615297796926548,27.593650965810927,-0.09397767747862545,0.8151145703831442
167.83347399935846,0.734680480502436,0.07316528989988225,0.06966225974354034,,0.026968917650510994,1.0523536830281035,1.4117376695934027,0.006626382855856123,0.07324286053886092,0.8205442868325599,0.012857395542966603,66.8182573965676,-0.09806199954738583,-0.16161427155380062,0.04363986381456405,0.008110235114763246,0,0.0008210044489987095,0.020294521298891144,0.007878338445694737,29.878987668490133,-0.23868302287599363,-0.2146524388087873
168.59052392224078,0.7327656086423862,0.0733695142616756,0.07022791860188836,,0.0267282830293089,1.0585465522823256,1.414302253453774,0.00657497361589213,0.073221610430407,0.8207021151457764,0.015088609702608235,68.68138725899986,0.026008228602561946,0.15664821096374693,0.045319763548614854,0.008219622114096348,0,-0.0006481205079439588,0.021328982340624063,0.008534184545271103,29.419311832100323,0.4877406718812497,-0.30316810389719795
169.36831493890068,0.7350680772264794,0.07333115335524613,0.07054162238257332,,0.026682275289050525,1.0561293060364287,1.3943347452445225,0.0069382222976858655,0.07335800712953096,0.8469483630604457,0.015044228631455974,66.7793371415858,0.008602335759822829,0.04396757876697778,0.04490682671279213,0.006844348524440365,0,-0.0004351182173237753,0.021784546349033585,0.007939195272081891,27.21384769488582,-1.243368647048678,0.7771739047112324
170.12882171074597,0.736048052807777,0.07323856092578641,0.07057484318180268,,0.027967823679680513,1.0922351675720043,1.4633007324836362,0.006630370154522632,0.07357948158141611,0.8602499799325056,0.015087588676412137,70.8564698475291,-0.04755597647733987,0.47475350418910667,0.043785219009205685,0.00799629435555222,0,-5.972359164750335e-05,0.01951119978723304,0.007833089820174395,34.62960895526834,1.5572719524830625,2.4355642503168764
170.8755010867395,0.7315301012434876,0.07318007228798508,0.07054964246466057,,0.027889174552582746,1.1028429276917326,1.4482246984315752,0.006641159902040893,0.07372504700212808,0.8565598788984219,0.015841547250579076,70.59850295165194,0.10509644067415584,0.13906183439483055,0.04541080789545316,0.008485859166085033,0,-0.0006126454617199704,0.020338238080362142,0.008490254505033113,42.05351819850922,0.06929564521271839,0.4153272438182327
171.63946470754763,0.7312087215185601,0.07355461177523592,0.07089292401289916,,0.026610985928605592,1.0823271908007028,1.4538817152547905,0.0033518500754546074,0.07302958752186207,0.8634199424475941,0.015908727732487974,71.97983892084872,0.032743930995255514,0.48518664946775686,0.046549747907402995,0.008200789774543756,0,-0.00014369466315259573,0.02101826691981765,0.008908921444995273,49.8336369000801,-0.1998506588835044,-1.8142660092553435
172.41379887524462,0.7348556582781356,0.07321825708198607,0.07169549217269405,,0.027150115139724013,1.0871558073843892,1.4588591525721224,0.0035204249818555134,0.073065193531672,0.8458614499115664,0.015533561982294011,70.83165756410588,0.10296276548513379,-0.03576394313429231,0.046793330794007784,0.009024243603431403,0,2.570622170543545e-05,0.020102753039609046,0.009275175515648557,55.207398383010975,-0.9686488131515744,0.3914037094770716
173.17776249605282,0.7353078780082153,0.07316264543248505,0.07174549542879945,,0.02686617107386564,1.0838484092324772,1.4545115094019527,0.0032864021757057905,0.07346108959329067,0.8444497095153868,0.015656720099711422,70.51655729680155,0.07534259395092152,0.12032669750402951,0.04687818967454779,0.007953888800176464,0,0.00015360445504278636,0.022225968530756566,0.009454501523102048,55.87877199684768,0.33519007641985277,1.8347346542077532
173.9313555699722,0.734590774828452,0.07308011407897919,0.07221660310033884,,0.027949931783215934,1.0807719433219325,1.4615635371796567,0.0033216352557074893,0.07347040704233751,0.8639698080477686,0.01581337910033714,71.09110526149075,-0.11561070466541579,0.24105196568575352,0.04667104310870501,0.007816823555875381,0,0.0015816423415277961,0.022788828908998526,0.008945912747545175,57.32931740213833,1.3368176773892302,0.01854870756282247
174.69186234181745,0.7305963589067158,0.07336398219008028,0.07282741615040977,,0.026759104092471075,1.0541398444375778,1.393720681179077,0.006645058640516426,0.07321771869696254,0.8513553453938779,0.015652061843161563,71.62856165920701,0.027758386522251828,-0.15512587100369418,0.04693260350618667,0.007114133349956108,0,0.0009761004840033379,0.023760447382403165,0.009039408921940158,55.93999092492807,-1.5856543559994263,-0.08956270148769449
175.44545541573686,0.7353448410720256,0.07358314605973162,0.07346491988788062,,0.026923642643497683,1.0496927501661706,1.3338187084542956,0.003180376345061921,0.07349752948775777,0.8073073395312316,0.01633935367115469,72.53048703341972,-0.03392098484171532,0.47046614576252727,0.04705671570400898,0.00763281698092371,0,0.0003137639647807438,0.023037594007480625,0.010131213328938569,58.16768150373579,0.3125577813383894,1.7233683199614187
176.21287588550797,0.7353226719140092,0.07017547182383645,0.0735033594021896,,0.026483775417972606,1.0249258679271747,1.3467006080934152,0.003320433998379532,0.06980729264772678,0.8026356537842351,0.016321609415346126,72.97221316472101,-0.04184989566919342,-0.7718201518155188,0.04895089024490567,0.007609173088676116,0,0.00043297270998245103,0.022603697147423933,0.009650536167121696,64.63226674912408,-1.6427718329474799,-1.2014485070756586
176.98375320424202,0.7339800415851043,0.06971498763505524,0.07365816235700157,,0.026261060489863368,1.0287011633732268,1.349992696124852,0.003157275183983976,0.07020094565900754,0.8063545853743732,0.015837954443091072,72.19907199082267,-0.015727626784207048,0.5808532124944906,0.05118119046928562,0.007955689087248181,0,-0.00027855806722576763,0.022759178661356853,0.008883505851446937,62.77936827700759,-1.6768282876750384,-0.33592139700765605
177.7442599760873,0.7346365996197254,0.06669868894635224,0.073644698938833,,0.025369276460651836,1.0422412148872169,1.3750403213355409,0.003263250182048446,0.06682421618495102,0.7711989595270063,0.015825054240787305,75.14527406201931,0.044378440804192544,-0.12860200123774845,0.05009203648218555,0.008692957553576902,0,0.0008851043222552342,0.02223376534723449,0.00913753782593608,65.61352492299615,1.3434083864325712,0.44258888746211517
178.50130989896957,0.7273828242561161,0.06657848585569427,0.07358906730804868,,0.02549113317542872,1.044139399035621,1.386479066731958,0.0033317844824910007,0.06635900187331492,0.7715347245747142,0.01575869782079798,75.41974497617264,0.20639209037112086,0.22188373156023822,0.05436267406333772,0.008139682424080114,0,0.0011184927135751014,0.02134413661117774,0.0077114893168690165,62.88820494975567,0.6344117963919057,-0.16708710474415792
179.2618166708148,0.7317608824749625,0.06319000027436202,0.0737420521447021,,0.025196801133308487,1.0102264621685253,1.3428393903822358,0.003188171805230249,0.0634941945534363,0.7654938022722058,0.015185015541316578,75.9012545943206,-0.09337657459689767,-0.18399825279898593,0.05466282228281463,0.007807065297555255,0,4.7225760567971304e-05,0.022822075935963037,0.008445274337841917,63.08204976403589,0.6901259413954475,-1.5862972417288188
180.03960768747473,0.7340651860329517,0.06336796322877164,0.07344532342804176,,0.024506229085001156,1.0111150393794615,1.3655152317684138,0.003309484293520718,0.06322858757440739,0.7757851899089278,0.01583046173776583,74.78858670273628,0.1082073480262427,0.12550794983380856,0.05631965536125637,0.00792259054472759,0,-0.00022552614707845825,0.02060961842803818,0.008754875574281137,57.75312207369946,0.9860745292425799,-0.4192353029780085
180.79665761035707,0.7324846913059929,0.06334018664101138,0.07332105363803906,,0.025695934457297398,1.049885913909499,1.3660646349577024,0.0032764738206640847,0.063401713771536,0.7844110465527385,0.016110266967637402,75.31018433925942,-0.19386858187904937,-0.19773378920097756,0.05586270895556537,0.007537421734900878,0,0.0007475199046912352,0.02179439600611152,0.007671095455159313,57.11729308366716,1.003798313082854,-1.3612590504278257
181.56062123116524,0.7323937282198505,0.0633753616244503,0.07308968897011352,,0.025816878639242962,1.0391845537355715,1.375302559729911,0.0031863105120254085,0.06296935674666919,0.7958126878920622,0.016233038801177116,75.64238639293164,0.13604383007169932,-0.20821420811844984,0.05581432477040454,0.007006727658106854,0,7.526937545621634e-05,0.02161243326153691,0.00869433255364347,59.15889091328837,-1.3227835674113722,-1.1849767104601203
182.31421430508468,0.7327216739864073,0.0632374418595289,0.07263825106555583,,0.024975652610582762,1.0050949280672794,1.3731343956054758,0.0033223270555776084,0.06317048404060319,0.785323152962228,0.01562891382981388,74.89739088663947,-0.1244941955546972,-0.2991186112967436,0.057495124468534886,0.0070626404690739145,0,7.140456920089235e-05,0.020425630192235686,0.007259737436083415,57.494759158775956,-1.5383109900830665,0.43062253667367967
183.0850916238187,0.7345711872490539,0.06370005538482669,0.06998539172112933,,0.025110507616632385,1.0015256262030139,1.3305737341336776,0.003406763413481564,0.06326984618696375,0.7885526309211102,0.015599820545636979,74.98727935395088,0.005627620694173891,0.11657764142256846,0.05763244980052013,0.007311989888725348,0,0.0005285425767913318,0.01739278707236591,0.006468716868530022,56.89633017470979,1.1546563183751297,-2.390055294729363
183.84559839566396,0.7310097309811079,0.06340458237772155,0.06822777053080141,,0.025487193391088316,1.0056143339708303,1.365196133025863,0.0034296254628538077,0.06358252211835176,0.7978458217473215,0.01562277277818787,76.29164580390217,-0.017700203865358036,-0.005453414268413982,0.057953688192548376,0.007655256219969119,0,0.00015653864799200577,0.017247854773487913,0.006386884711621063,57.85171120037987,-0.7724209823620982,-0.37986534708913977
184.59573462062042,0.7321991045172901,0.06373526115164954,0.06844250953730616,,0.025569966047178993,1.0327226827637834,1.3692968680862219,0.0035611874098020815,0.06364734876910595,0.8238579342627984,0.015692421131528925,74.14216361085987,0.040357463710954215,0.312556760004351,0.05961994571491253,0.008415723389213134,0,0.00032853474778421303,0.017218630357920404,0.00640104032831293,56.01711777217157,1.2489573248423522,-1.1892628887974552
185.35624139246565,0.7252231473403089,0.06315059407750981,0.06772440315328726,,0.02569157840651579,1.0436537462666502,1.3453135376636272,0.00333447810491302,0.06353094591978924,0.8298078277465467,0.016214311098544976,73.53947891430442,0.05795918273055141,-0.2653886950293422,0.05971384634863367,0.01028484777497061,0,-7.015544948525848e-05,0.01592656448201784,0.004834810237755401,50.847189153514876,0.32830866907439876,-1.5759780271227977
186.113291315348,0.7289302743110284,0.06334086717838588,0.06637290851714,,0.025233021259841015,1.0029308682487437,1.3404220070820776,0.0033225844778701857,0.06310396065153503,0.8266678752828465,0.015725302420295302,74.68089248991429,-0.012492864329926405,0.1276705016771295,0.056764461607008806,0.010070796301677742,0,-0.00031376454838389934,0.010180429648731074,0.004425069779859761,48.83506524160838,-0.9678773428372853,-0.4942424869708915
186.86342754030443,0.725470835441659,0.06318195111633401,0.0641437211248787,,0.025028350835743847,0.9896502682145282,1.291421441632841,0.003256951025687149,0.06327207394565497,0.8399323213137397,0.01565265711805041,70.93683674200851,-0.07055309477203389,0.18093495124446815,0.0530043020057507,0.010176632919380356,0,-0.0006173324362435407,0.010796823986972215,0.004322292510701805,49.1922202882622,-0.5973979619929703,0.2814848908427871
187.6170206142238,0.7275129961066693,0.06340263176157505,0.06344102043920556,,0.025138717327264443,1.011028862352039,1.342053103300964,0.0034132422116456493,0.06320190159571955,0.8538502760724535,0.015680848000452993,72.76294862970256,0.07794920639140074,-0.15732222568388257,0.0487405822260795,0.00898010890147836,0,-7.128291451143102e-05,0.010920173226354682,0.005368743030426368,41.230781994994516,-0.08755408418057246,1.0370306317535543
188.36715683918024,0.719648559448934,0.06323377845222128,0.06353267435724023,,0.0252606723402253,0.9925016664165821,1.3085201184704014,0.003326066079926327,0.0636015491396254,0.8398183340575147,0.01527289908993538,74.49296528595774,-0.0769409526882677,-0.22885773939138637,0.04645449719469962,0.009490777544082046,0,-0.0012159862364162538,0.011692034343156375,0.003537287311571528,43.606900454015964,0.4189257514297994,-1.0921696317627292
189.1103793662108,0.7232761506571509,0.06347612608001414,0.06357454521726473,,0.02489704657464259,0.9723462914049879,1.2573202078632502,0.0031489513085284616,0.0637156724864439,0.8383268702837335,0.014940325153569514,74.01218947169163,0.0072458140341809165,-0.106227983970115,0.04943350416018354,0.00936502537932964,0,0.001069008712649824,0.010802995706628625,0.005373923571168252,35.27808462784282,2.6541813244422956,1.1912504646756916
189.8605155911673,0.7170686768664205,0.06366730141496825,0.06345505597148578,,0.02254085962194012,0.9608301526256402,1.2594384709987465,0.0035534607593720674,0.06340680586455776,0.7786853938202523,0.014949258758395206,71.47758244697474,0.10726937339638695,0.11889364668851411,0.049619488188947576,0.009604939121371968,0,0.0012676429805851164,0.010430946591428555,0.005130968611859145,38.07683445195371,0.030894474853531056,-1.2225217558713584
190.59682442027201,0.7191289509343657,0.06343692320451295,0.06398951173390795,,0.02489955480204068,0.9941472140770479,1.2718310530158976,0.0031576732977891234,0.06337054429857215,0.8440628783186798,0.015646533895184635,72.38024942871056,-0.08307665784602868,0.2236213327729713,0.04961342380898184,0.008958112234102391,0,0.0005696095208688919,0.011196617577374758,0.008149898811621625,34.51880997293312,2.922327017896912,1.1748109695932052
191.33313324937677,0.7081474443954237,0.06344600849868819,0.06370797168914234,,0.024930751725795317,1.0459973591959302,1.3390452205184273,0.00325044824422321,0.06311985071787181,0.845701811941446,0.015697243764323607,74.29590812857371,0.0365484946383089,0.09443221311561494,0.0498267766448706,0.008404201318821013,0,0.0003052876270628666,0.01200016938160416,0.007718142293179478,36.715176990349235,2.0738978827074668,1.6296128583433358
192.07635577640733,0.709620983563038,0.06296526195526707,0.0633676874141863,,0.024693811444855652,1.0179701422973542,1.2881468354747412,0.0033382193448734596,0.06363198052664247,0.7885966197615032,0.0156311408608299,73.64849154010597,0.021799172927381066,-0.6640313129535199,0.04901874945601229,0.008660859777314466,0,0.0013093272577999137,0.012374396826044994,0.009043283281690564,28.47572684876187,-1.6570986092262814,-0.30821371904578154
192.80575090758617,0.7026343892141284,0.06278101614294972,0.06366784904262071,,0.024322495436276858,0.9884889070247527,1.2788214215036058,0.00343810904481366,0.0638215406752977,0.7665215667275348,0.015573279639844562,73.62408463875322,0.03654836703508111,-0.5120620252116072,0.04860700011836939,0.0083972884746617,0,0.00015145664364241086,0.016212035908830396,0.010684788117841631,29.88230392584003,-0.48725459143347066,-1.4429549036859923
193.52823234083914,0.703500712137311,0.06319654553980039,0.06343249974568255,,0.024306557308699073,0.9754367815081271,1.2713200454774882,0.0032951679060778294,0.06351771000851114,0.7707657855225106,0.014808074535991216,74.88289184532486,-0.026109799550038844,0.12923339065511533,0.04923841068486357,0.006960909180734332,0,-0.00013003216719338384,0.019596627972219005,0.010864686830230692,28.719781733392363,-1.902355902731958,0.3813925121774527
194.2507137740922,0.7012150600614672,0.06340161649924494,0.06351011754073566,,0.024446030670134112,0.9926232151192136,1.304973765290432,0.003500160605306348,0.06364685628903098,0.7628618233788603,0.014764093750648535,74.5610950584002,0.02115162718734935,-0.1646842584364588,0.04942429386890932,0.006867322674330435,0,-0.00019365446179810635,0.01976184210633103,0.010447851684562817,21.140318776013284,-0.6033635664487953,-2.086411809846198
194.96973835838224,0.6972523362080123,0.06322069022702988,0.06350051559881749,,0.0247282066591431,0.9826472653951127,1.3870027820657818,0.003213552266259851,0.06326176353481298,0.7781418475568422,0.015110474150646813,73.39658379048296,0.04460693074000159,-0.1324062573778289,0.049164041002116576,0.006513667920311913,0,-0.00026505370147628614,0.022902493450681256,0.012261621400102686,21.459029362696622,0.8992782401446668,-2.0678801720413467
195.6922197916352,0.6975204390743309,0.06316743913398547,0.06371180905999865,1.2872857129543018,0.02464764500556107,0.9840238640842767,1.37941222013481,0.0031379671298255017,0.06345600026821135,0.783106747161322,0.015753393578324792,76.77106806073992,-0.033860131444958606,0.2650941920008438,0.04985832144476316,0.0066166381081338155,0,0.0008609230617667916,0.024286750207161863,0.013075495775484471,23.012329175530596,-0.6853991460602611,0.4560849927443373
196.42161492281406,0.6980994553185494,0.06331839212623111,0.06370155903218004,1.3281547988036937,0.0246111628215113,0.9881078509874774,1.3881549025221838,0.003415049357420741,0.06312332548319617,0.7835489738728049,0.015595067791150675,74.11824770324627,0.05739370184791023,-0.21147285298764482,0.049451278521668716,0.006783969461099069,0,0.0005434600258466843,0.023090302123343513,0.013134184209849341,21.99289961272764,-1.538091961730514,-0.04468646996980707
197.1337258091783,0.6947566610523322,0.06318182877780991,0.06340375757429494,1.3235154694399838,0.02635146675844562,0.997042019612212,1.394975357566228,0.0032519882777007846,0.06323831408437255,0.804413283731515,0.016852715759861515,70.44080812422646,-0.056445016165447004,0.26808751816025506,0.049310337468640386,0.006986159261224824,0,-2.758659611222248e-05,0.0258923284912039,0.013816882976577023,20.782035088212268,0.7302363174133317,-1.527068082514536
197.85275039346834,0.7005343175322749,0.06322160527487444,0.06375415248416663,1.3215342625475321,0.025990332165996822,0.9932766688685759,1.388415375305974,0.003189492515813122,0.0635341165839555,0.7994483308248643,0.016789117322535477,71.56120930964163,0.03861775476061599,0.012639356332919507,0.05029856945663131,0.007405227691660027,0,-0.0009465502206264174,0.025489349487424148,0.013907763789687793,20.25243111768169,-0.9331873079881035,1.9630057949810655
198.57868867568422,0.7045953119933096,0.06347355070573503,0.06327111603645343,1.355582601056591,0.024746489691474898,0.9910163971977892,1.3683771905367395,0.0034939132693200836,0.06340670537992753,0.7664039244783016,0.016786864225208073,75.45185544650113,-0.000272993515864047,0.009804738906945389,0.04963546382184741,0.007888055728764562,0,-9.333597311926364e-05,0.026963442367951587,0.012866171258005394,20.587524411261754,0.5624639269603767,-1.8633923331266828
199.32191120271483,0.7080948770109005,0.06313645215141434,0.06326246854448606,1.2985236741760173,0.0246125535253398,0.9896603650175935,1.3680119498838312,0.0033207102947462514,0.06323344264354933,0.7651188333341057,0.014840185261882844,71.46314484740974,-0.048211021845505804,-0.05154770706716128,0.052406588744611134,0.007173316940760012,0,0.00023068413364348234,0.025546382371108813,0.01372335622185524,21.832616500010648,0.6609409378643014,-0.22663600769262332
200.06513372974538,0.7056730189370672,0.06349665945915743,0.06326636816838484,1.2746253942392591,0.02479820183883931,0.9869765840558707,1.3832118816434582,0.0034885765486116454,0.06320840046171114,0.7838112807978538,0.015070431160602357,70.50846557524075,0.02264807705330343,-0.25114194636302306,0.055659698059449945,0.007037227682660963,0,1.240355964859973e-05,0.022943679089709942,0.013085406351041752,30.557300186547536,0.6972359674234728,-3.052717601873803
200.7979857098872,0.7081139707439223,0.06306708014878559,0.06375674423636211,1.3309326880933272,0.025964296419662282,0.9954496928387578,1.3976196497658433,0.003353557804493485,0.06373595180868084,0.8079897616299296,0.014906498862944139,71.24794279567209,-0.07107075911255344,-0.15562002643032513,0.05658582547475458,0.00846734173501077,0,0.0009688425322583558,0.024163144757870555,0.013468904767507901,28.266004140480877,-1.0498354558671825,-0.49340517082434426
201.5412082369178,0.7058504360340364,0.06337153595398139,0.06314278035482468,1.321483037843794,0.02586629400246059,0.990432507418186,1.3890968976797822,0.0031677099817186555,0.06321443391940351,0.8056754895892938,0.01662780368411609,70.87123394161783,-0.008957182665346272,-0.11126459854631171,0.05623525297125229,0.009278319215893158,0,8.060436837459941e-05,0.026326546863180533,0.013301586487090069,26.551797432205028,1.0338276724508273,-1.6006463354244385
202.28097391498545,0.7061305260539608,0.06364741878652652,0.06312699760800852,1.3355271300071765,0.02710642603881825,1.0317330099876014,1.4048824763931276,0.0034917652891456115,0.06344554244853282,0.8067097656749462,0.01737846448120324,71.77841947936443,-0.08297262688957104,-0.42347080611698623,0.05594375109535583,0.010466838218093884,0,0.0007783955272602647,0.025475204168367765,0.013150661044552108,30.091346570559512,0.7302706164052208,-0.4316800505849229
203.01382589512724,0.7168732858404482,0.06728276778327932,0.06404878383242706,1.3181350443616107,0.026992282827181777,1.0258316272854717,1.4011817164945541,0.006874938329640263,0.06677357926527498,0.7763696973168118,0.017268317863073448,69.99917368155901,-0.14254825159835854,-0.027944100129124405,0.051974450646799356,0.009583473577389364,0,-0.0006867277499923478,0.026753065651260014,0.01360891693819111,30.93836128232331,-2.39385112883338,1.4800882713091679
203.74667787526906,0.7060253383266423,0.06642807260468032,0.06374329036433185,,0.025365936970994617,1.002005335827467,1.3728921372937504,0.006685700150689812,0.06668182578180364,0.7666885622499515,0.016795962896721275,70.14462320166592,0.04551923284208073,0.2883733628857726,0.05225726979128209,0.009971898504021878,0,0.0003246781941812425,0.027642108516190356,0.01543744248011532,28.7455816908604,1.5958096038051512,-0.5150118295593782
204.47607300644788,0.7060856305087903,0.06649055799870636,0.06449974838664481,,0.02512783729084518,0.9919624089604775,1.382475620172122,0.006826464139440256,0.06625507290419522,0.7736885444577865,0.016680398316332844,72.5504273688154,-0.09357348247633551,-0.47623664460229304,0.05616687317090522,0.009931945921069338,0,-0.0001440737002631728,0.028723065864803606,0.020828111801949364,28.288949094607403,-0.7570625224664059,0.2949312973203222
205.20892498658972,0.7076368621615085,0.06691670916559132,0.06465345004692075,,0.02475615276774219,0.9717073544512387,1.3628193457052695,0.00676356412116402,0.06709078630221074,0.7180096177914144,0.016434518705097618,69.54709580989594,0.12005974886754732,-0.4346133967026966,0.055672716169397375,0.009793310876865368,0,0.00017273475568712138,0.05168780147537296,0.033005432441799105,28.16788729712855,-2.480521415874278,2.039888520848331
205.94869066465733,0.7065405650326537,0.06652006550149805,0.06490629373180848,,0.024744326748562865,0.9722975338248785,1.3686469421769945,0.006858882025731468,0.06679732329361684,0.7131394327815924,0.01670975801000994,71.11979839727078,0.21632645386240013,0.6903998844254373,0.05579502830696447,0.011364687582717735,0,0.00017720248826604712,0.0613118021262546,0.04125942991418901,28.16274756587544,0.9815183726799598,1.0032455623075354
206.69191319168795,0.7025376382688472,0.06653651127020786,0.06596909750124949,,0.02522459090181625,1.0240610757222086,1.418471319130981,0.006789454819802712,0.06691714618553234,0.7556571955269981,0.016836455952704648,70.8447518557212,-0.0716169797411357,0.39033187934070657,0.05547319053793342,0.009733243757692944,0,0.0011091658453672186,0.06267926474574717,0.042064190705076776,27.980871238365904,0.7325690389730121,0.21725762628125608
207.4143946249409,0.7031689263339831,0.06664216142266993,0.06602951403163995,,0.025040595147679343,0.9720677484374298,1.3809354976605117,0.006629749182608733,0.06660064666404197,0.6989633413989549,0.016653239919037686,70.48866705321149,0.06467210526874288,0.303583988549245,0.05235163886079621,0.011928090930634586,0,-0.0001998978387803659,0.06345783721090456,0.0437567193777689,30.681683017103662,-2.156655464104508,2.747917530654418
208.14724660508273,0.7078419413683211,0.06643889583899315,0.06580869680576139,,0.0249768634071393,0.9714246002915607,1.3855043953814445,0.006779469253115993,0.06671777367264875,0.6993634868048294,0.01659598225443499,70.26521909070169,0.04784960856855229,-0.3613850682076168,0.049592769740328974,0.009888832015395678,0,8.512660072363856e-05,0.06418540255003752,0.04382428861351302,28.393623616531578,-2.962334299056335,1.210134117486594
208.8697280383357,0.7049640757479259,0.06660403181879133,0.06647175599407686,,0.024840787394087904,0.9730741113752244,1.2737218978190743,0.006677358421440775,0.06703800844386834,0.6863309216390656,0.01551255596701035,69.34377194091786,-0.07606311947389163,-0.08243196204381002,0.049168241583459234,0.011546767524677768,0,0.0005531170123621783,0.06661419931998361,0.045521183277006334,36.16329830631173,0.2743262996428073,-1.5467424156073757
209.60258001847745,0.7046597291308487,0.06673015038084244,0.06674253413699852,,0.024273014264559956,0.9443945493320525,1.2600116912408847,0.006625233596623172,0.06624679133533229,0.6779523107692615,0.014960452526141928,67.5350372681601,-0.11811961097527363,-0.041374591188904984,0.04922189281760886,0.007979401915743875,0,7.546544027117848e-06,0.06760328933868218,0.04388094646444372,33.273588465502584,1.9762340266634708,-0.3726563353499875
210.32160460276756,0.7030518497338721,0.06699121886573339,0.06691236908062048,,0.023768994128516293,0.9398605574382387,1.259047375014673,0.006573843507445635,0.06661743601989173,0.676954033586545,0.01440536762184656,67.11143022506707,0.11154778522867638,0.22189716462690093,0.05211459203780732,0.008119404393101735,0,3.2088066421208494e-06,0.06734436362497673,0.0448572163644798,34.91538082645447,-1.3017784829760093,-2.945174685735376
211.04754288498344,0.7040955364099344,0.0667407166953722,0.06678816945298516,,0.023791543124929957,0.9406511388083654,1.269553968534779,0.006747831599356066,0.06685602835037943,0.6727051373067217,0.014453631609122573,66.08244134510157,-0.0094450821863424,0.0029239771136520417,0.052121125034842196,0.0074324618365200264,0,-0.0003752084766032749,0.06885448695970167,0.045604702205630246,34.95020050695689,-0.3599928227331008,1.0706683204718588
211.78039486512523,0.7058669504349,0.06679563593571722,0.0664229440075784,,0.023745021779287247,0.9311055049298896,1.286782237988437,0.006724006253955127,0.06643238324752503,0.6802545691933769,0.014330083300328814,66.08811567737355,0.0019333403687550857,0.13504990713446857,0.05245992148239897,0.007416235812863946,0,0.00015293984509335252,0.06881477507543574,0.045932051436609694,36.186780915786635,0.312358129106043,-0.1723271722740699
212.50978999630408,0.7086059222238278,0.06685258509828426,0.06676247599976261,,0.024191044455821167,0.9378162871795983,1.2728953083930006,0.006790937611296678,0.06644769014743715,0.7180711290688458,0.014541840822085143,64.75314410417235,0.1341575153079474,-0.06663099530518256,0.05252826772506638,0.007952024538768164,0,0.0007222657384168793,0.06854311420022931,0.044557224416792475,41.39143397053157,-1.7040679516981014,-0.8138317142427973
213.23918512748298,0.706439860845266,0.0669232534742031,0.066443337962343,,0.024861957972028913,0.9670099421583057,1.2671347764057208,0.006580628212084795,0.06658155449867226,0.7323195143151219,0.014484616663812174,68.30830462006678,0.15181262363174275,0.035800524703965136,0.052920166338351005,0.00731778091267539,0,-7.398625977912061e-05,0.06916658764923211,0.044024292069616514,41.52757962005976,-0.34000882868912474,-0.275119173469821
213.9754939565877,0.7110337386896919,0.06670649499001843,0.06651239686152374,,0.024638946394556233,0.9674133282024573,1.3053934070535496,0.0066914010457918465,0.0664963797859489,0.741511891664279,0.014570226844212221,68.9324530308352,-0.02539956306236526,-0.02889197360921135,0.0521783698036036,0.008036325261402872,0,0.0008613860108358134,0.06823085911622477,0.0462676796176177,42.26038148575343,0.29772035766597604,-0.5022292326242694
214.72217333258124,0.716907157247308,0.06642145136878719,0.06631636244588579,,0.024849368266310363,0.9521505975282033,1.2839521133701146,0.006541401135446847,0.06676429145339857,0.7228697205341145,0.014405317601617588,67.98386288410451,-0.03552018410719195,0.5667494463915118,0.05258968340514371,0.008156022728440378,0,-0.00019804779552708618,0.06294229455043363,0.04282360980399872,41.68028760579908,0.5758083551708514,-0.81365325495367
215.46885270857473,0.7176178653970365,0.06638746997132705,0.06628306129777392,,0.02493966763801469,0.9677783923695761,1.2846485480626975,0.006542053424955053,0.0666475265988692,0.7362995174242907,0.015514454707599247,67.89513563621274,0.15295255379603007,0.29800486410287674,0.05214548922943857,0.007962765534155664,0,3.079205394220636e-06,0.0599670165271459,0.03719898238944614,44.082228176573786,1.8157636518779237,0.4204623213900028
216.21207523560534,0.7163696308171171,0.06690070271040592,0.06658538790166797,,0.024914951270380046,0.9446282607980878,1.281062543822133,0.0066786205772429936,0.06666381493755402,0.7120608707970861,0.015631072572786602,68.83151670783204,0.024440821796675744,-0.19340724267728748,0.05236171676800741,0.00856281626755477,0,-0.0004033014185852165,0.050099106104194165,0.03489575945253906,44.46187308239761,0.5061359079266732,-1.8182806015429134
216.95875461159886,0.7184810501783969,0.06667923203274287,0.06652785150896384,,0.024862089383924146,0.9506232495375416,1.2865589841161784,0.006796746804177894,0.066642319613174,0.719976773893936,0.015703003126023338,68.65601652031616,0.055465201330396695,-0.4591081357870475,0.05173210060803685,0.00868399729013251,0,0.0002573216879373313,0.034723022802276175,0.023571227731783686,42.39589996735335,0.7561289047467212,2.458600787954339
217.72617508136992,0.719762810249762,0.06692650539817253,0.06612586631259457,,0.024631329316796662,0.9545795824218976,1.2856420924961522,0.006560162606214625,0.0668809033560488,0.7125833431463712,0.015967261403828953,69.82779194794082,0.011770191044022977,0.20241534678435363,0.051156427233708314,0.00887875397685189,0,-0.0007546050575032892,0.029836270870409014,0.02035201248707543,42.8578670222191,-1.0341126477466651,-0.562649538570177
218.4832250042523,0.722411161829731,0.06671262367772966,0.06675924693133915,,0.024749871164510422,0.9792431483055155,1.291157276620285,0.0067137817820417025,0.06661369985173277,0.71328168360496,0.01576710892005798,67.83101937166333,0.03488795827364172,-0.7469048844940775,0.050757456346019025,0.010008835690502337,0,0.00031137674211548954,0.027688892603451577,0.01968044063344636,42.37158041062185,-0.2492589397613967,1.5016195717155614
219.2299043802458,0.7252755208858209,0.06667135130715225,0.06657710717271585,,0.025169516382306984,1.0067317289145254,1.292089500996703,0.0030802424934896623,0.06674048395306748,0.7113931328156884,0.01639430787731202,69.1364581192153,-0.038254211215059876,0.12002813652692172,0.051834115548311466,0.010382334516834315,0,-0.0006890303511387797,0.0288244335296167,0.020176613327530714,42.704621344406036,2.068687813976897,1.043695313249646
219.98349745416516,0.7249547881658729,0.06645545238540881,0.06655579640920113,,0.024741509871252346,0.9785769183558634,1.2908822943140008,0.006706840720715952,0.06664089117511196,0.7125607195607729,0.015687265495645687,69.14765644950934,-0.09635279698612355,-0.09129123345813735,0.05109049141626747,0.010609883370354662,0,0.00021743753335780165,0.029165253297325864,0.020282000096596527,42.16459868541384,-0.3244463963054579,-0.47651318733784254
220.73709052808456,0.7287270567215082,0.06670173720292118,0.06713392506114253,,0.024630946127618653,0.9807203504062783,1.2974482557979807,0.006667309977764434,0.06651410706628196,0.7203215029471423,0.015873725233021715,69.54861812854288,-0.050239797832371265,-0.062838578244028,0.05012558511890709,0.01066380860791054,0,-0.0010605410782916248,0.028303952855958454,0.02028538847946969,34.865470666577245,-1.2705441372787556,0.9184949815879062
221.49068360200394,0.7302365672273184,0.06639363822022493,0.06658642455140691,,0.024365431672302932,0.9533126750623304,1.2861002426876902,0.006672256591439653,0.06644270931246338,0.7156163197300914,0.015660486399403727,68.24349447308715,-0.027255836701009072,-0.097998666375163,0.0444535455096619,0.010791670173081433,0,0.00011337275379737056,0.02842429362308644,0.018778619197303444,28.973739957974605,0.43016873362081764,1.2484070946288093
222.24081982696043,0.7276722456167097,0.06637620451007958,0.0664127270134376,,0.024339516740678368,0.975104278628519,1.2966110876860326,0.006895130712049676,0.06653724381348802,0.708915524527369,0.015086029832723107,68.2074362080624,-0.10185410617399854,0.04876807656792504,0.04450154185242643,0.01054072868333192,0,-0.000472303680512592,0.029332741232437835,0.01937175267687723,30.466961059733663,-0.7021089132173801,1.4779130156844829
222.9944129008798,0.726356232841333,0.06715505044234069,0.06669324441529491,,0.024237403525932937,0.9858478929152513,1.3330437985710295,0.006664795124482025,0.0666194848366234,0.7784739433962496,0.014984489982044765,66.6453827196019,0.03737726090889256,-0.632706202334855,0.044005893259132664,0.010420123605697964,0,0.0007031147953334684,0.027702024587135846,0.018651910822435516,25.94355500889279,-2.2666134464912386,-1.3029403464783968
223.7514628237621,0.7230604692989892,0.06703279135290363,0.06654881618358256,,0.02441449848626575,0.9890899494573089,1.3329752786183537,0.0065548936889977235,0.06680639095888669,0.779646443597871,0.015027745768912089,66.49589510053738,0.09577742652487033,0.17037360461710818,0.04463182818369582,0.008433107547391376,0,0.00019550937889991471,0.027293516904254057,0.019510832035135633,29.242544989472954,-1.65485503926222,-1.567734736445405
224.51196959560738,0.7275428042215915,0.06680357283933967,0.06647261426713588,,0.0245781746021137,0.99271598766008,1.322426979133791,0.006665537673873271,0.06630053266625179,0.77766436781043,0.01510541070894572,69.63928233153908,0.014729712952990526,-0.34179545864366556,0.044098715635778774,0.008102206560360736,0,0.00031370730325535663,0.027002993822124368,0.01894373787727375,28.0656615995096,-1.1572372813036687,-0.1978743131665018
225.26556266952676,0.7289868271497959,0.0664378644485248,0.0668055415532894,,0.024948569333984087,0.9876657688617085,1.3651093470969193,0.006594535947934428,0.06694727121448292,0.7751821133048329,0.014098310520121676,67.64328421844438,-0.013636283315893873,0.30138476290672545,0.04498042367671685,0.008361942358662377,0,0.0002898399902049014,0.027471375432064946,0.019464021858421332,26.561300534956928,1.3848108793227307,0.7869784786554016
226.01915574344613,0.7268533037619205,0.06667265819488509,0.06697097187635741,1.970137864008604,0.02470907337489734,0.9988428480561673,1.403065770937049,0.0067010518807012285,0.06659712834963097,0.7990309706351777,0.01414691977995076,66.96781323065362,-0.11941466905209877,-0.2933759167929013,0.04373035728631101,0.006906096615064294,0,-0.00016440316554862112,0.0249356694352244,0.019115176485093397,21.49109623206539,1.9550294191429047,-1.1901373954667271
226.77966251529142,0.7283860998258639,0.06674316719882886,0.06719837187982619,1.710324797901967,0.026695835226099963,0.9954183445945809,1.4059515922297645,0.006845382840649224,0.06666645253145034,0.815060711096749,0.014880470903889142,69.44882725258685,-0.08968066610214365,-0.20440145444620286,0.04405994938734803,0.00696547350437831,0,-0.0003124923060090578,0.024055417874939734,0.017144301067130434,22.719515042589027,-0.41956044334381826,-4.10732170982473
227.53325558921077,0.7289301507732151,0.06998881648512292,0.06928847629656143,1.5223974452232338,0.024912595806691577,0.9856202509425477,1.406487321262199,0.006433038380135654,0.06963748013817253,0.8095105861514388,0.015219469338132476,69.71647211721763,-0.12588106069499297,0.018018665419983617,0.04489507172013413,0.006296253061921981,0,-0.00010760194788993717,0.016940823128961467,0.013321768180635562,22.397498187398014,1.5799528543934294,2.439451490830154
228.293762361056,0.7320255078261747,0.06997948925202473,0.06888303613116689,1.5507789673414125,0.024816799639433645,0.9891830508322741,1.3996271771791888,0.006642728378626796,0.06993231802844706,0.8188446892946047,0.014995892208061067,70.23829884682961,0.059189544514769474,-0.06545937577089131,0.042735570591253325,0.006490946802297095,0,-0.0010983825340687818,0.017757382560633958,0.012761701286265865,22.321476030397243,-0.3261809089936884,-0.39585897047579394
229.04735543497537,0.7238120820046453,0.07018300746906854,0.06980896849796416,1.5387144307823624,0.027116267926370063,1.000483565001551,1.4112085219154686,0.009939861579167002,0.06983714267310068,0.8406514506986453,0.01601439784411669,67.0657286474924,0.0794219724970284,-0.25845869541190086,0.03996376792608198,0.006891760716418974,0,-0.0004107329495652143,0.01733197085349618,0.013392159104320197,16.097595856798335,0.2399501899645833,-2.542387986024741
229.8009485088948,0.7332010591073059,0.07289286773856142,0.06967294119134672,1.5459465605436737,0.027393544053250736,1.0517640988876154,1.4453739715641645,0.009771977146837751,0.0729129595335942,0.8712447933081447,0.016182126690631866,69.49110677905455,-0.00972093652701706,-0.24834244826893825,0.04004731842750547,0.006707324407019805,0,-0.0002908291053522463,0.017459111743330112,0.012518267271823346,7.9374796869587065,2.086307782583766,-0.7214183421747157
230.56145528074,0.7320992613424794,0.07360962599956335,0.07057165702637518,1.5466340929714684,0.026973872841751623,1.0641874328938852,1.422469058910729,0.010151278002200155,0.07362867757946291,0.839978804161523,0.01604878183847184,70.52419385203663,0.1032808341124277,-0.042545656215995584,0.03744641248403189,0.006206440240247046,0,0.00013396608980706178,0.016069568479720128,0.012792297744112122,7.902010791853035,-0.33579656635625615,-0.8013650141511311
231.31850520362235,0.7298450383006547,0.07365358825179984,0.07122846924635298,1.5178687547039857,0.025071791364075724,0.9810949258900168,1.4067871387075002,0.010262923479028496,0.07303925537260528,0.7724339640962734,0.01607769491933141,69.86653751287429,-0.08438896179237404,-0.06360100692606276,0.037383323900098415,0.006581688925325237,0,0.00032852022267381467,0.017317786794718886,0.012625090497987008,7.332126514888153,0.032693623498220796,-1.1606241616706783
232.0790119754676,0.7334036209053658,0.07314865301303519,0.0713221917707706,1.5490531858057368,0.024946920308614697,0.9697789257370393,1.383429826679931,0.009962298123097846,0.0736782010362068,0.7682626119543384,0.014957782529737715,70.47005036979662,0.01189919635391583,-0.12736317978494568,0.03478703834995409,0.006134918827132677,0,-0.0012282002001430124,0.017566145160819002,0.012602901073989413,8.857536953186045,0.18178434427543616,1.9301606446778812
232.82569135146113,0.7282603646498536,0.07653255121587133,0.07269357211580153,1.4985443831169838,0.02551895202780776,0.9894779463799827,1.406912247295353,0.009995709365726035,0.07646029935199727,0.8193018756744372,0.013936762090120534,71.80013879172145,0.12800249768853547,0.3861121067060519,0.033948760922502534,0.005762409981064668,0,-4.993530074974953e-06,0.01829571556946938,0.013441809249790418,7.599697283156651,2.816156081440207,-0.0712936597950601
233.58965497226933,0.7280229078637285,0.07670294128537011,0.0729063941382872,1.5448805450036507,0.02712144496562411,1.0099987715572454,1.3893975717546023,0.00992858837378053,0.07655607898507645,0.8326162614695983,0.014926478995903967,71.29284057873508,0.0234362540741478,-0.03746833934491098,0.03345181271877779,0.006726811101928261,0,7.289300080213014e-05,0.017901547795953644,0.013846547556273951,5.256421081639905,0.6701183435853597,-1.4500623743234342
234.34324804618873,0.7287260914322741,0.07643161001933792,0.0733387883576317,1.4625757444629681,0.02538701291673159,0.9709611425558599,1.3425136108969074,0.009990709223500224,0.07642216937521874,0.8204468625883037,0.015040573650406152,70.33813600200878,-0.003816866055205175,0.23517824549773717,0.033241089203548596,0.007331427182972203,0,8.234159751353165e-06,0.018821459494377968,0.014218676434390481,13.981134949580127,2.598161395428486,-2.8432206211399027
235.10721166699693,0.7287356108628892,0.07641611192742352,0.07380555806495068,1.521915382958331,0.024954920784945808,0.9563419908929103,1.336011622614464,0.009906819392391854,0.07623137487690712,0.7783018223077877,0.012802947133464571,70.10231131349607,0.11788658545376442,0.5749128752571039,0.03513907343112925,0.007288533122944373,0,-0.0003876622265374941,0.019326413972814288,0.013595099104693883,21.067031463216196,-1.1216266416711356,0.9228237416853279
235.8711752878051,0.7282215079942832,0.07632946520528125,0.0741804109260407,1.5198055237185897,0.025057728379312735,0.9683390560283068,1.3461921349614847,0.009949324471151424,0.07695777826744658,0.7742900219182451,0.011101670730827016,65.87578905884945,0.044477020006498114,-0.3546124654070577,0.034694809594059045,0.00695892698256218,0,3.2941877513232795e-05,0.019783209168303055,0.014194176013573727,29.266153198045558,-1.999608951937983,0.6323570778180697
236.6213115127615,0.725446929464536,0.07673713121201754,0.07472608330299202,1.52060649368063,0.025447841471137784,0.9674493497284393,1.3692152467843648,0.009904390535059551,0.07686241820761551,0.8230780890308637,0.012902490347652786,68.76175234809256,-0.06322577170188194,-0.03865661456862426,0.034928731205347834,0.008598580081378182,0,-0.00022435002746831758,0.018768382785819285,0.014432623074990956,27.91442751488134,-1.3622110767909865,-0.10293276102598385
237.37490458668088,0.7311630847579116,0.07693149235323234,0.07449435590744796,1.5308248394107273,0.025024847338432465,0.96208362634969,1.3431079447059093,0.01000751876078036,0.07679090874680536,0.8027802907128908,0.012712562097067788,72.71705278958137,0.05973266694346096,0.08537408752514833,0.03510435179584825,0.009133422545419507,0,-0.000187701490916977,0.018661330399043368,0.013462385314650993,36.81307402541372,1.1365672445817885,0.01748946939464558
238.12849766060035,0.7232539151124626,0.07338803151907829,0.07480012473349816,1.5689676209603072,0.025234989979811287,0.9647534990364475,1.3449128235504368,0.013176398819209552,0.07351180501921596,0.7770645901186377,0.011048746142839135,70.22097681250898,0.05256997206144464,0.20645815683006025,0.03557851818253812,0.009230017316705762,0,0.0002691578981346538,0.01948146244179276,0.013403407220017018,35.98099111491685,-0.17010668512641508,0.3582996090462173
238.87172018763093,0.7252382907629649,0.07658656375084323,0.0750497401679926,1.535416885373969,0.02510844580293089,0.9782872956284333,1.3101007008534273,0.009939551328588188,0.07685284932850801,0.801730836134013,0.01279092184578946,70.39936912031739,-0.10548645087770513,0.1486364749884238,0.03593507972545657,0.00939871945272241,0,-0.0002218387499953689,0.018311001652394313,0.012108294714034507,36.75186127599767,0.18138356329506755,-0.42686589026871363
239.61839956362445,0.7225664092259756,0.07656182941680592,0.07415575119112415,1.7794747339175752,0.02553323878416167,0.9898053845045917,1.3400999939766314,0.010021887834961767,0.07658330054099914,0.8271684335613304,0.012656842022086643,70.2369983278807,0.028547860898058424,-0.01428530840099367,0.03576154622767954,0.008899769002531812,0,0.0004379251619128273,0.01890798027453574,0.010384635412689318,41.30471099378911,0.4962563686837255,0.5361188747508694
240.3581652416921,0.7209128738521212,0.07648977893692849,0.07470317839672737,1.771337982788263,0.026318408558327323,1.0081895260539377,1.336458137114164,0.010194685441691909,0.07686457368085164,0.8662081217894294,0.01280928523950064,70.10683859369054,-0.07045835550024725,-0.14245099097013883,0.03546768929935511,0.009111275118875684,0,0.0009079672034501351,0.018462291342697293,0.010272759654584759,43.56628908180517,-0.7307196215424236,0.16466062751132785
241.08756037287094,0.7165574011353725,0.07640307007777976,0.07499060912929355,1.9228410866769612,0.024890105358541224,0.9883794308640466,1.3218882175534434,0.013532189399263605,0.07662940432428093,0.8015411099868262,0.01273609784654584,65.75399915068841,0.05811778408777665,0.31320521140338475,0.03679311425706482,0.009392753474821765,0,0.00015534876638884592,0.018500355398367196,0.010496445444394395,42.777293334001506,-1.7933037702832957,0.009883320480340166
241.82041235301276,0.7219192658795338,0.0766067288627834,0.07470799727612619,1.822910508896909,0.02412968123032221,0.9720274540065146,1.2881448133662694,0.01341354691264761,0.07651686821452537,0.778162057252814,0.012106204786628303,66.00862359582986,0.035893851545230206,0.09377711514292107,0.03670883951021304,0.009603804195542687,0,-0.0002813815965577016,0.01728967358760998,0.009349774383323387,42.567871300967624,-0.4967236292879275,2.318836540685425
242.57054857796916,0.7206479319512492,0.07664255049382267,0.07471027560755869,1.8200975329953448,0.0250242369084373,0.9896108638476002,1.3085834857201393,0.01333421603974415,0.07675663077268102,0.8033311518820635,0.01199580450082003,65.42806557146218,-0.005802798258260797,-0.057895681563090017,0.03684498423170551,0.009555949770241323,0,-0.00014297347072956304,0.018139242551179106,0.010757351765978786,44.16148821332647,1.6757796883741987,-0.08565206151577524
243.31377110499977,0.7221684684716889,0.0764539315470772,0.07503395424432753,1.830382709822221,0.026377122568521105,1.0058960554183995,1.3696680508898365,0.013293408915216746,0.07631222971220028,0.8597242217750165,0.013511252859831324,67.30101491523502,-0.1332955173572458,-0.08070508501919292,0.03564370582855509,0.008859187388139594,0,0.000648799027093309,0.01727932567227533,0.01007857845642954,45.11842477222817,-1.6543670605809253,0.22732884523227978
244.0604504809933,0.7150850073740425,0.0763848016265172,0.0748603386349457,1.8458791850068363,0.026283908356779892,1.0157436225342356,1.320574490151702,0.013317744175482966,0.07679018819987087,0.8645853563879587,0.013489457438416615,74.59445155593632,0.007712219405940526,0.14718724354314605,0.03512255571381591,0.009164802231218357,0,-0.0004999898275017548,0.016733425935194977,0.010321273672116231,43.39647141438147,-0.22599387680918398,-1.0996365862291217
244.80712985698682,0.723203783040314,0.07645257601795843,0.07522978188055804,1.8326384624080287,0.024945712395531665,0.990519548568715,1.3146544559371462,0.013141243886425243,0.0765887686157065,0.8033708456823914,0.012053854947758711,74.07035050553193,-0.022904645244215,-0.40119995146506493,0.03385975046843945,0.009117771812018708,0,0.00018134241335697996,0.017147307590665635,0.009103015969690596,41.457251424218526,-1.2555439576496485,-0.9278332553146477
245.56763662883202,0.7210631522824856,0.07630047970197042,0.07483020993607359,1.8244980269327842,0.024822622635482985,0.9423992611421489,1.3152615129535077,0.013324695209561071,0.07679306483636071,0.7741403731534308,0.01192372434761934,73.9435340902026,-0.06531768177580258,0.3650491665686308,0.03414390986947352,0.009199942297420128,0,0.00040110624919276574,0.016355372797799205,0.00925274580623438,42.60654581571534,0.5522031937140033,0.09513637297468835
246.31431600482554,0.7196365495838009,0.07648040569009627,0.07520242296706278,1.8793291754064532,0.026306754562689647,0.993890742510459,1.3441229266419616,0.010190081482583524,0.07667848284754321,0.8726049276417264,0.01174540372581032,73.81967448760038,-0.044223298344665,-0.45603151394481267,0.03339165445804193,0.00797061577714769,0,-7.677006231366593e-05,0.016349911016115555,0.009934515324588602,35.35044716000433,0.3465567457105919,0.6414449776540282
247.05753853185618,0.721833565638657,0.0770174139968732,0.0751047519726425,1.8711939710464303,0.02462404931272001,0.9271818130557463,1.3329485361293172,0.013303223975250024,0.07692316033957647,0.776867864142328,0.010821114206035418,76.70102698108016,0.09387717235970046,-0.009526081859787844,0.03406050481135485,0.00850028753260347,0,0.00013484574720746103,0.01693637520597878,0.01008604951230369,38.00542522498933,2.2075473332138498,1.6769610307640874
247.80076105888674,0.720892836560966,0.07665497458387419,0.07504442362481557,1.963231820463804,0.023552237175172967,0.922947616630075,1.304612744389125,0.009802142832792508,0.0767855717864726,0.7401636942366319,0.011010987472533009,73.66615101900491,0.18337407475496745,0.29990020800443035,0.03446860481565465,0.008485166158519216,0,0.0003796446702701364,0.015286807173276552,0.011516070916494927,33.813070510744275,-1.9882654440419436,-2.3554803356275387
248.54744043488026,0.7185732624525706,0.07661920306757435,0.07540352507265809,1.8672289361974903,0.023640474854753808,0.9164386176471548,1.2866198986412987,0.010033232238469159,0.07661025086086522,0.749183173550288,0.011096009764595223,68.39340534718994,-0.08152640412887568,0.30784838830744155,0.032612680079469755,0.005833304004972535,0,7.499769058893962e-05,0.016564702959549624,0.012012073191594353,38.50770824587534,-2.4331820390186665,-2.2197321011496864
249.31140405568846,0.7193999396217332,0.07655757638630661,0.07510086108597884,1.8940618858229508,0.024682465147864246,0.9301892790319588,1.3052181173858088,0.010143124399091688,0.07668074023940569,0.7748154457368854,0.011433304105857332,73.02279789154687,-0.016061159116674297,-0.2314827895072565,0.03256042314063958,0.005494515544354977,0,0.0005025629986537208,0.015828544314036273,0.011782184874935972,37.2456510170354,-1.069195582335693,1.1284214136159922
250.06499712960786,0.7194734535248395,0.0768111429849898,0.07536485543457615,1.8416658414337024,0.024381147665334776,0.961053111452209,1.310668892147146,0.009914128888251526,0.07655415911307535,0.7692754780168302,0.01238697379975626,75.8470109155617,-0.014080537205743583,-0.24519825607280554,0.032364043687036145,0.006355082760314181,0,0.00029856852303011003,0.01644377991145527,0.012421179627183292,41.32246830252523,-0.0020207627718324944,0.35127949799145547
250.8220470524902,0.7207668452253925,0.07325729940276357,0.07482492185658642,1.6084162723026472,0.023674388330037256,0.9243412820527228,1.3115114732688316,0.010109532328481838,0.07319403699030665,0.7511771463937554,0.011467704250182667,74.24003637863851,0.11826249838220498,0.4386152069430134,0.03234362549892955,0.006635937132763118,0,-0.0004096352779381535,0.017542747373568,0.0117943936723606,41.441075535979365,0.6943946132234773,1.9000114764673295
251.5894675222613,0.719792824598398,0.07334969506076475,0.07508780910328888,1.5250136942480992,0.023551686348430287,0.9147841715449804,1.2789503506886986,0.010104447532604966,0.07344852670720983,0.7315006798650491,0.011433129770670701,74.11372786120248,0.1601340363617266,-0.18868039981997375,0.03350435969915987,0.006596541897300377,0,-0.0009743854730400063,0.016609050171977863,0.012341660432658148,43.909493066176566,-1.4503610187713685,0.44870346237939895
252.33269004929184,0.7256907777360381,0.07333742797691094,0.07484060506401292,1.5701419753591503,0.023676695701530446,0.9322182711333904,1.2769656243747058,0.010122076579211927,0.07335760998113947,0.74464686700656,0.011541191341665136,74.22629566395406,-0.08940849319500233,-0.18952913166459248,0.03334956334466427,0.0059571288607632175,0,0.00016870487868740066,0.017081789706297257,0.013072024427604741,43.78465290773311,1.1601676181843423,-0.525917710407015
253.07936942528536,0.7229780662640405,0.07345842486443242,0.0749210462825704,1.562998916328343,0.023408717499623127,0.9272532686903607,1.2764070315426839,0.009905396334766038,0.0731959144546782,0.7227027239596077,0.01236891071076382,74.64949086232474,0.04546133361761754,0.22021152840340208,0.03348819308647224,0.006229437559452874,0,0.0006045919114908221,0.0168391472177321,0.012397617639565279,42.47964727623703,0.32131307067473847,1.6741859499674352
253.81567825439012,0.721241658765791,0.07325836144139068,0.07506747094305176,1.55695020465236,0.023781792491544745,0.921095189646375,1.2761074633037919,0.009888368465744516,0.07343540938644287,0.725163789122585,0.011270565671944469,70.37883841906478,0.0360289756934338,-0.3542192442909172,0.033651450591080496,0.006496270362923174,0,0.0010307034572339315,0.01721285195496181,0.013607373750471644,43.038100784757276,2.11841924378049,0.8912733152471496
254.54853023453188,0.7213880315046524,0.07341899848453404,0.07470803045753803,1.5829893211445556,0.022907793527835948,0.9180989361346023,1.2794366189424626,0.010104358145012845,0.07342366123822519,0.7195477340399477,0.012149752130175434,70.1019704952651,-0.028193052092803386,0.005555193311013917,0.033822622190715954,0.006547672214232281,0,-5.059378140719532e-05,0.01922965010205007,0.01288161306418863,41.13199549694469,0.6941817797916922,1.8961343253849396
255.29866645948837,0.7213550948496064,0.0737741014504345,0.07483891358083246,1.7083814369497068,0.023874685665832656,0.9279758376602714,1.281500024318125,0.01002131365138817,0.07313400810958406,0.7208803948048053,0.012131901535900406,67.684549080878,0.10288478161854453,-0.20544141328405144,0.033836097769697066,0.009227870476130795,0,-0.0006492757309552814,0.018903099820918666,0.013645963476836461,43.79867952761365,-1.2849610395144897,0.6932028759540929
256.0453458354819,0.7209596806038034,0.0740061395600795,0.07410940733856906,1.9992043690676538,0.024053219097600866,0.9577479645607053,1.282270297543075,0.010095709886658002,0.07366010272107143,0.7387025827626571,0.012262141406388974,69.97795595283871,0.011385678738411552,-0.2860366479290842,0.03363961135746906,0.010568466408593177,0,0.0005165797741298182,0.018961829787604814,0.014692911986178253,49.0121082659017,-0.9303926118877669,-1.9550168068300158
256.79548206043836,0.7190351370195517,0.07323036860076144,0.074221272034035,2.3799036055429394,0.023886044553363656,0.9206413911136568,1.2909564303046863,0.010156681102445294,0.07281342588041646,0.7326930391118467,0.012290086469296189,75.23988298151374,0.020203530943040834,-0.2569090900592911,0.034355669227419415,0.011999152611542354,0,-0.00035317029229765595,0.018339909745209246,0.013299212697365918,48.652650573667025,0.4545883637570402,1.107560646521194
257.53870458746894,0.7164747012192256,0.07371143222897074,0.07381141358285437,2.36626521005923,0.023818573641749392,0.917744235980957,1.2768677597014604,0.013439706867725785,0.07335002693291275,0.731018636725004,0.012420863913905041,68.03834830622928,-0.07823210553372541,0.06021224318927447,0.03576125536851611,0.010110631292114727,0,0.00044871437986772935,0.019521719132248337,0.013890036531929464,44.596596626022574,0.6451893310368497,0.30046508964763274
258.2888408124254,0.7151992649621322,0.07310615866213768,0.07358263504159802,2.4177429278779794,0.023852588819603292,0.8959503664239339,1.2737474617042066,0.01020368721687201,0.07332960574154415,0.7261512320163414,0.012303115137111744,68.09813855914275,-0.04613402243672185,-0.19828495486266007,0.03682419336464035,0.010364138924399843,0,0.00047822992990828605,0.019767935161068215,0.014241852595801005,44.71115213996822,1.8777201228173501,-0.31784100935463366
259.028606490493,0.7141613961216298,0.07291634701135602,0.07302003877052485,2.407126354960979,0.02412618775642972,0.9177522864585433,1.2729062146203816,0.009857922057567775,0.07319496796798008,0.731032189693494,0.012220304226560397,68.16444792755355,0.07507382304111981,0.11319348046351038,0.0367196884512802,0.009687813389352271,0,0.0005042849755344793,0.01868890508797738,0.009617048055431949,41.70991457646083,1.5386869884260255,1.3510723164975786
259.7752858664865,0.716975348628218,0.07358195055191365,0.07317074568166887,2.3688941052430463,0.02413248529729814,0.9326442429136125,1.3052288516750774,0.01017989033805202,0.0738274261770969,0.7991727060658526,0.01133627895785242,65.60371685347647,-0.029325834728360523,0.19313799747163174,0.036612931555680614,0.009155187030446914,0,-0.0005313779097821486,0.018535562285350988,0.009524549212560046,40.87461127682128,-0.296591849428655,-0.5907884968846734
260.51505154455424,0.7131026213648943,0.07007881925500092,0.073212875880522,2.337252259893604,0.023801917290477485,0.8834402827602447,1.262775377937297,0.01009537914726769,0.06975019517298242,0.7309315130970274,0.012294213918188903,67.07215558854644,-0.1679557744615086,-0.746424913235128,0.03678430649192106,0.010913057921198732,0,-0.0011621399445637078,0.017530004046494553,0.009405874171323972,43.17533172357901,0.8050390121438821,-0.8720262323651703
261.25827407158476,0.7106499979545197,0.06983118886375525,0.0732909757074056,2.4561812352812646,0.023938090120990487,0.8854387551043245,1.2724892471412192,0.009902239056455871,0.07005773674034328,0.7547612255755077,0.012871875351714778,66.13000770342984,-0.07355378903666701,0.0393147435598571,0.037023512278374006,0.009336727585289804,0,-0.0003754725704747102,0.01792322175702353,0.010614251392768462,36.26824910683601,-0.8960399935620375,0.09923339850667594
261.99803974965243,0.7124978478953373,0.07029461661792726,0.07273139856269827,2.3919144308298477,0.023964255890868466,0.87341335117032,1.2689141249128246,0.010200739520268837,0.07001464874555022,0.8044331932633737,0.012695720533455721,68.34997392978953,0.21723283689701225,-0.08451068925058157,0.03654256938799206,0.00874299536119031,0,-0.0005318683530892459,0.016603915185280132,0.00976079709546256,34.95837103708994,-1.1745497724846246,-0.8928126772068534
262.73434857875714,0.7147941624829782,0.07012417518136342,0.0717883485619231,2.4232995072869334,0.024217470322079254,0.9259171901163928,1.2628508773856997,0.01012225171427485,0.0699468388380415,0.7923819791285904,0.0131700664276118,67.14228111088435,-0.07368076657833542,-0.5070956764401986,0.041109999964433534,0.009061752963595703,0,0.0004737304370662058,0.016340139314431158,0.009603812081953983,27.886867623506653,-0.09050051695068628,-0.6222720244993416
263.4706574078619,0.7153186153727549,0.06989408764574769,0.07205172628534573,2.4472200881464015,0.023921310629149924,0.9362401913538867,1.25531792877511,0.009990063495387655,0.07042858001009225,0.8037820059869459,0.01375801045478977,69.4173974511263,-0.1664383791122827,0.09626639096605481,0.04372714337705971,0.01190506512749678,0,0.0005210271213529925,0.01779322163919888,0.009942841599731817,28.018161919264998,-0.19568558569362274,-0.3433645572073434
264.21733678385544,0.7060455869046779,0.06983847434169846,0.07159815393261092,2.334435542103968,0.024032983518875305,0.9289077150604547,1.2585307289649157,0.00684649669522737,0.06982834690985407,0.7986323735724171,0.013099500683583912,66.45750565527472,0.051778275771326356,-0.07828481098103017,0.04383519916392465,0.008311872390223811,0,0.0006753038949970292,0.01622581178280576,0.010363533741220041,29.495276898420613,-0.7420564716584561,-0.8205072954907167
264.94673191503426,0.7062777876967957,0.07032793385351571,0.07131348548817008,2.4361490901011176,0.024089384575865732,0.9271448151209902,1.3198815462023779,0.0065596936779902075,0.06991138413934357,0.81680416063706,0.013113939712432002,67.50940471752612,-0.06265009723642377,0.3684830939655676,0.04388546328897571,0.008010768877242,0,-0.000504495989102793,0.01794963467078941,0.005820361735586543,28.32374316377348,-1.6664057314694363,0.26295299498410846
265.6726701972502,0.706950296788689,0.07025693162836615,0.07055931977529008,2.4202273075274063,0.02456531622053035,0.9510325141588867,1.3117318702586773,0.006769114689952918,0.06983199233165571,0.8153065331067194,0.01302747186197594,68.78083079550657,0.0089814907381345,0.4735550650567821,0.049137170892383716,0.0098706193945202,0,-0.0009719895657482395,0.017525624739597533,0.006612354240155562,27.425245490605274,0.23565920199545273,-0.3131885405352091
266.41243587531784,0.7102343726636597,0.0694851687959143,0.07080935409599207,2.3528584609214365,0.02451851383909559,0.9460746069436923,1.415959137185383,0.006668895729592746,0.06985046702648118,0.8167399451232829,0.012967657878727475,69.07197476481966,-0.14781443093982063,-0.06536891544061779,0.04417253822328661,0.010264580363241753,0,-0.00044460147112898037,0.01761447493017527,0.005001174583577112,28.193728839210273,1.2775570025578016,1.1691032997695572
267.1452878554597,0.7090077126715096,0.0695332057719723,0.07005866556410563,,0.024370173845906572,0.9256115283272955,1.4117983195029018,0.006618188150938526,0.07007787140386074,0.8059070912607179,0.013118128720925598,67.01539286647422,-0.024461138593731804,-0.6380925817291663,0.04604802879360093,0.009843518583102558,0,-0.0009743894635633139,0.016949027320080797,0.006654722736535985,29.11662658151695,-1.2803225906576234,-1.1265688226649269
267.8746829866385,0.713597860050755,0.07009826160459409,0.06996488266409263,,0.02632761956947402,0.9521103849055195,1.418300464120784,0.0066176804273270495,0.06988707046799249,0.8656122650747335,0.012965736123168349,69.08461747800746,0.0693105263192951,-0.029184983414579778,0.049714193174912234,0.008333865050373255,0,0.00017691606482976804,0.017606161787377533,0.005435164701084888,26.722191822452444,2.9410724976344764,-0.35259542316218867
268.6144486647061,0.7135548696923287,0.06974682289168041,0.07034979165505564,,0.026071897167566728,0.9542335114298597,1.4169622227273821,0.006896285621625945,0.06972627203366501,0.8691218848704562,0.013163606559037826,68.43742993278074,-0.09213080744787473,0.0797768997493276,0.04971302300857263,0.008927148849980531,0,0.00012438201989224148,0.018209535561396598,0.005415918163251414,27.13658598730217,-0.6117161397440476,-0.8212534792228511
269.35075749381093,0.7112547250458537,0.07045014655116734,0.06992816772831456,,0.026201811794374676,0.9792976254368492,1.4440463125564458,0.0067619930714295905,0.07005912451469538,0.9023764393163909,0.013352628627830739,69.29564107671402,-0.000168966679373336,0.048565835037161324,0.04874534574020223,0.009296739337405447,0,0.00037948468272323496,0.02252562904452518,0.011575399736508665,28.632459024983046,-0.6533814106474034,-0.5145543528323863
270.09743686980437,0.717258060152092,0.07014268922883639,0.06991946881230371,,0.026136654679966776,0.9508721980937509,1.425353923934601,0.0067476272326908344,0.07030554328472101,0.8707332942450525,0.013306662409092224,62.88088563692077,0.1138286248865694,0.027798446675706665,0.049067156021768386,0.011444379451289515,0,-0.000206986755949707,0.023050793424610447,0.01100997655762495,37.475005588597654,-1.2863484977907056,0.4499899360500017
270.8544867926867,0.7212382337705957,0.0699924389407713,0.06966721771372056,,0.02618031487456147,0.9795365988210423,1.4278704124751815,0.0032184662405527016,0.07006532311338487,0.8851635075645129,0.01332736451001549,69.35622436816276,0.16454108021809163,-0.43420686834495653,0.045762204759600515,0.011185140966864142,0,-0.00018635461186955292,0.022434902437478834,0.011635202005505774,36.54809024022248,-1.3893157564715783,-0.06202286630959703
271.6080798666061,0.7235328498351208,0.06976127003514979,0.0695390085642102,,0.025955487089982313,0.9466615369073773,1.4162419081097863,0.0033499265037818444,0.06994465023603635,0.865387134901261,0.01121690138023977,61.70426871692451,0.06830540577322602,0.32260990094587194,0.049297670506964285,0.011110585242811659,0,0.0011615535535925204,0.02321731413407291,0.010477013274362793,42.040275194206934,-0.23498389166728617,0.7083182055271156
272.36858663845135,0.7245210664167101,0.07013771117402391,0.06966670332462843,,0.026704751057663827,0.9479938446191813,1.4278484310785473,0.003444066697368844,0.06984395159389595,0.8707830654475642,0.013415006558586734,69.09793389601137,0.017415352175887473,0.2362839245860614,0.04574719537378343,0.011136406083715347,0,9.10788984891825e-05,0.023882697985742093,0.010914166836576585,42.294891141937306,0.3894305807007058,-0.8965868945284604
273.11180916548193,0.7298768597720778,0.07016829161711796,0.06923457358018945,,0.02600379131099552,0.951291181488665,1.4221348325929795,0.003177387743847058,0.0702093166411041,0.8336079781295129,0.012223841286293334,70.00293485088982,-0.10884192036342576,0.2552123607268367,0.04985539816957361,0.011278565347060331,0,0.0008089382041017118,0.02150802760453969,0.011609241995846878,41.69103385919396,-0.4642346202856356,0.44651703485196304
273.8688590883643,0.727199574442032,0.06970896937912044,0.06931976534973452,,0.025935232525470538,0.9922572010816694,1.4255670152003417,0.003177180719211051,0.06984398609938595,0.8528629542406719,0.01217880756200436,68.5951987976639,-0.1458273420477709,0.11013814898917278,0.04932878462649857,0.011576502990336142,0,-0.00022145023533162456,0.022715112822905097,0.01457682909843903,43.80701618229093,1.7071314173362107,-1.1484059471682366
274.62245216228365,0.7317605361813224,0.07028519941830665,0.0691121555699825,,0.026944064769697004,1.064366487617898,1.4043402293908556,0.0033377372208725905,0.07040096515915523,0.8592247261525303,0.014313234768284897,73.9870796721868,-0.0005066767386592011,0.5379234608550024,0.05083731454223802,0.011761334048263898,0,-0.0006722448440534916,0.02269235595513042,0.01457888911410152,40.57388344202581,0.8018053001495931,0.731037145663266
275.3725883872401,0.7315548504063218,0.06656110795449496,0.06924855063459064,,0.026114611595283402,1.0599075006489307,1.4065777898105032,0.003186496659875501,0.0665826596969955,0.8547856929588296,0.014090233691068026,73.71589617967726,-0.1315088389286579,-0.17508054760791106,0.05294524427931009,0.011828235862027265,0,0.0003368589248846852,0.022397734118985786,0.015391791113559535,43.35626977205106,-0.10872058591202646,-2.0442508082102724
276.1296383101224,0.732986613946136,0.06685140909940991,0.06963531291214727,,0.025723525488191117,0.9943191339641411,1.3709505406868143,0.00011881292581188066,0.06646774589926101,0.8346039395509235,0.01643516611340561,73.4189695263862,-0.08531268251246982,0.05801063621173272,0.05341696868332798,0.011828633059851016,0,-0.00038511663227616287,0.02287625766707028,0.014559082901633201,42.510752657623485,-0.323885577768154,0.6539356046845078
276.89014508196766,0.7337137207285409,0.06319845365009029,0.06968163790728582,,0.025804735505256294,1.071744117290906,1.3965182409245511,-6.179317505694119e-05,0.063217303590064,0.8299385753404884,0.016398702216446872,74.48992429501524,0.24305784156532248,0.12883133562927615,0.05009821249955937,0.011629669895556395,0,-0.0001520174013432636,0.017958401887650494,0.01600847004893176,40.26815535557965,-0.7988498663425513,0.47970651555089877
277.65410870277583,0.7330330460924614,0.06357237832115234,0.06860310944741387,,0.025743286758316122,1.009124862013723,1.3908067424721722,-0.00017008651491144715,0.06327894266493274,0.8305370044904319,0.01629570790104474,73.54971320076082,-0.02915850248765789,0.12314739634473011,0.05003993301943103,0.011640021088198624,0,0.0006744986222460551,0.017901218402953896,0.01568272736465793,35.612582398676516,0.39825690851903234,0.4285692863606723
278.421529172547,0.7347750525121809,0.06347445513414515,0.06741381543478585,,0.02496900154423923,1.003946529975685,1.3686322850430008,-0.00013984214564252508,0.06314383437731515,0.8228808420016115,0.01612099311655031,74.68399962074703,0.07175358153893677,0.3861876430917785,0.05017886827769823,0.01108911560774084,0,-0.00015878672111770912,0.015833899254563393,0.01629079965659977,35.31102396966108,-0.5527461158785544,-0.49625699191972616
279.1820359443922,0.7374536155587633,0.06344455641607592,0.06741576168392752,,0.024404065938167557,0.9916838189264444,1.3381709181267687,3.244690256331279e-05,0.0630790264720482,0.8005083506395649,0.016355149809144938,74.71964188824698,-0.043847855720200786,0.11923478764014289,0.04993012376375536,0.010466216801727869,0,-0.0001420032923817412,0.018086562486873552,0.015481631887135689,32.23403380822138,-2.986741060061349,-1.3278805785430565
279.9459995652004,0.7340191453730298,0.0633760868889321,0.06642047936877135,,0.02413361167201529,0.9996243198883331,1.3252799535815034,0.00021938303507159528,0.06323567662262247,0.7983523605048733,0.0160967239421634,73.92919014890717,-0.08928071398904369,0.07775010228449311,0.054526799854859885,0.009468413628996858,0,-0.00036246398365379594,0.01703667063065891,0.015709684920658606,30.87709089904423,0.9648577195803649,-1.6012737454550428
280.7065063370457,0.7304500037503114,0.06364525318374234,0.06537042602361962,,0.02427403079124092,1.0000196236143208,1.3234228372512506,1.5610064217469932e-05,0.06313019304108423,0.8033924832560666,0.01637879045701354,74.58204321659662,0.021659370501188498,0.49001233935974564,0.054360885470450905,0.010970974168268808,0,0.0001165151327889985,0.016030105636669324,0.016478501759335507,29.457518451116762,-1.6536828428299788,-1.4379725868517763
281.46009941096503,0.7316067553265959,0.06033382050069456,0.06504153773742666,,0.023388856974255662,1.000887679908408,1.2839730888678706,-0.00015981666122309797,0.05964417678145171,0.7834136893652495,0.01667362320992008,72.69115069981648,-0.18330988476444765,-0.08377525393862428,0.05393852432842894,0.011127373742234839,0,0.0003273876812905774,0.016808268793222773,0.01684259036453796,21.03363007015142,1.6729493945863474,0.5276952829307598
282.2206061828103,0.7311601094917912,0.06353198760709877,0.06435052900504797,,0.023436446470889924,0.9761139568156678,1.289716559113496,-0.00013338767814784208,0.06365047364032239,0.7809002038579719,0.016668486219908553,72.9609512341636,0.10114718502518841,0.2832086565705677,0.05374860655708773,0.008478689932413075,0,0.00019525412508626232,0.01734548867585923,0.017276151892842064,13.993011326251994,0.6783693826551604,2.442533549577516
282.97765610569263,0.7268710342615303,0.05956219428937219,0.06358112157843841,,0.023356523364542203,0.983470494699266,1.2781529624253232,2.4649095283595468e-05,0.059740662593350875,0.778101451494805,0.01635163505672092,73.47342964883133,-0.012188633257506406,-0.0008727412342843605,0.05017385283368291,0.008236054880861968,0,0.0007509066672873317,0.021606456950064714,0.016399866419345748,15.475841000093034,0.7000941278337194,-0.7438379632426286
283.72779233064904,0.7255569052657181,0.06360517155561161,0.0634126975807934,,0.02321067937240355,1.0036605186958178,1.2905283477062865,-6.029555634468928e-06,0.063337378677516,0.7725463938066619,0.016513706532831053,72.77240883690602,-0.011080357199727284,-0.3514489356454385,0.0485953471404201,0.008118355087121882,0,-0.00037586797636233565,0.02240822524981664,0.016180203587966714,14.022375772320277,1.211074550843577,0.20172470931291173
284.4744717066426,0.7229074040932199,0.06347888218237659,0.062470106963049936,,0.023138449635807964,0.9900001632970676,1.2687051980371813,-8.102142685094127e-06,0.06367074950604056,0.7804186792028428,0.01676615737884864,74.34027623855197,-0.07847034457595789,0.009594848211033626,0.04841413189616617,0.010467517063638864,0,-0.0007240576599156669,0.021448677778101114,0.016266564637963,6.3099209322407,2.0083275719665394,1.879940858638481
285.2211510826361,0.7275606444496242,0.06324795102523068,0.06274262106774403,,0.023155842273256413,0.9811604377117682,1.2633225183855619,-2.9549886833143953e-05,0.06338129280484597,0.7447159232105677,0.016850801059650398,73.12539532399653,0.07795861131826716,-0.3959313440946627,0.04986431070057358,0.010553682454976674,0,0.0007735910593862446,0.02142991835344631,0.016207960047312637,7.624577612638705,2.777747541221287,-1.5804584769648355
285.9643736096667,0.721009600098834,0.06333970157925656,0.06258905520030482,,0.022562238872561514,0.9438131689319448,1.2537016783830672,0.00024011442252640594,0.06305736724431822,0.7508072714984734,0.01621594083747307,71.57252606257408,0.07666606758494178,0.40973305616477834,0.05013289441609394,0.009751521280267916,0,0.0003543143664801173,0.022192548770766447,0.01608652332653448,6.937643809283501,0.5927572893448554,-0.20602875220977568
286.71796668358616,0.7213299296382679,0.06318701837025514,0.06255047591293711,,0.023105961752371687,0.9840540560944614,1.2572844077198315,-0.00015475423803172408,0.06326777137774738,0.7458876324608559,0.016788043605518155,74.21139774707653,-0.15962737564683127,-0.04794493959184239,0.05173859493241726,0.01194643146250872,0,-0.0002509835751005346,0.024017848241166852,0.01579141227103052,8.179001512114425,1.0608154325164734,1.1940817794282041
287.4646460595796,0.7155519597884842,0.0635025530156583,0.06243164225430698,,0.02321959064938048,0.9814757281084516,1.2810409200409552,3.6852256882396857e-06,0.06364180017819376,0.7423282396356574,0.01624910912001474,76.66397503820691,-0.020530953649047244,0.1282850927480118,0.051564651932193395,0.012009306050537683,0,-0.0008591343070642249,0.02197144233519143,0.013805363221768242,5.639331146774198,0.3669508023930898,0.7148311135397623
288.218239133499,0.717234440624697,0.06321025097591033,0.06254986966839256,,0.022810027834075153,0.9511867128157824,1.253128952012902,7.130917745995998e-05,0.06374937336420523,0.7512523533072213,0.016987492450057786,77.16825113196268,-0.11970519733256221,-0.27568324165818014,0.047016503463813406,0.011793826802447636,0,0.0006210487993408406,0.022993734981737495,0.013258398274392588,7.350667757751343,-1.5242467050986785,0.6165631216165809
288.9614616605296,0.7168871907747728,0.06357427362491123,0.06239619239018729,,0.023325993871129498,0.9396917462189894,1.2570874225520012,-0.00010327841277196981,0.06334420070573404,0.7538789588308437,0.016313053080818696,74.75085792807371,-0.13321161091078587,0.044915218471276684,0.05046525707247774,0.011190542886884588,0,-0.00024489738132396784,0.02330172980682444,0.014165522124543375,8.883742723771032,0.21760572886984086,-0.340923726982817
289.7012273385973,0.7175057683646445,0.06333240923132452,0.06207778845173176,,0.023767287701532032,0.9403650557186976,1.2529118780247006,1.638493362880728e-05,0.06295764579725383,0.7717124881060705,0.01632869786101536,75.31926420087952,0.12165159561986273,0.2301689955288428,0.049816658641788136,0.010958649996654614,0,0.000615826628656656,0.020976848896453404,0.013278797063791132,15.031428463365488,1.0771843768615412,-1.5959523163528553
290.44444986562786,0.7193556906680076,0.06276935860527474,0.06268050541896952,,0.024103133862528506,0.9537953244501735,1.2541060798998658,0.0001202319170262395,0.06340246547228845,0.7888817165790856,0.016113955501231788,77.32667216281416,0.02804279341621568,0.2073702997390277,0.05033584480874283,0.011335965651634717,0,0.00033998079105699815,0.022207894836630354,0.0112039220364122,14.974165264413871,-0.5519682866660884,-1.948280570939198
291.18075869473256,0.7179608761481374,0.06344210053816046,0.06321728978621624,,0.024279974717642563,0.9338368869713328,1.2586438433565654,0.0001146838244237516,0.0632882054060324,0.7781197419885385,0.01628037058944057,76.00111000412241,-0.019321423319991596,-0.4569869459352436,0.049525602845706396,0.011776428527432449,0,-0.0002483882368100723,0.02240698164812049,0.012928467461901388,14.559290591796234,-0.8646897233402087,0.45955248841799284
291.92052437280023,0.7169046029277232,0.06334278751125352,0.0630404476718317,,0.0240580683364285,0.9368381651439163,1.2501064352147284,0.0001427096171256213,0.0631165134830838,0.7792564660331818,0.016262142151630434,74.90286842008473,-0.11265838169060444,-0.25554750766539897,0.05049092827149244,0.011495736880246483,0,0.0005173384778396903,0.02341135456651435,0.011779119667524224,15.007540034043886,1.6316689004135285,-0.1282201033086574
292.6637468998308,0.7189182688104141,0.06385387007381448,0.06326541920888966,,0.024229355093295685,0.9363857129212285,1.2474914018975642,0.00011385992926630312,0.06297172438733839,0.789970453410167,0.015862800331772654,76.68195113777043,0.058816124508092225,-0.3466711796725411,0.05175719026735912,0.011918450947278825,0,0.0003588429021022033,0.022693813096818116,0.01049252149711125,14.47571884948289,-0.975552837003206,-1.6539385130032498
293.41042627582436,0.7181517191892716,0.06320604526104422,0.0641336864777732,,0.024951579666103327,0.9399766447040532,1.2638181045949346,-0.00016576581301680447,0.06325262219880733,0.802371694240535,0.015938598771915426,74.38884166207275,0.19832084536332142,-0.01959147822453981,0.050487911301249945,0.0120581609411363,0,0.00026588037103666523,0.021310041864674858,0.010695778123503523,16.21664624548467,-0.08976856618471987,-1.0419820273756928
294.150191953892,0.7217224636903613,0.06323561434526279,0.06407963671019298,,0.02500792884702765,0.9371074279331372,1.2603323573800758,-0.00011609601777192867,0.06337809971041332,0.8005576481399728,0.015710339295980733,77.55573656131101,-0.1434502374731695,0.09779932987692709,0.04832206043003756,0.012142169924514003,0,-0.00017865214693516137,0.021181370216064848,0.010717407397249695,15.13735367563494,-1.1336331968941387,0.2258407518434391
294.90032817884844,0.7229935276609748,0.06323813334922211,0.06454755427769177,,0.024070329656569044,0.9271994095187239,1.231575160800575,6.700830816588648e-05,0.06353076241580595,0.781490712764552,0.015698155608879473,74.33373998761823,0.09995684169258225,-0.1768598165890132,0.04477108501058079,0.011536551646107718,0,0.00047769282527540584,0.0216251207876871,0.010094891654493017,12.479588402098651,-0.17908981028007115,1.409244767550063
295.6608349506937,0.719862129868211,0.06347681840495673,0.06458504699892985,,0.024142087560445096,0.9369100061478933,1.2174371824412522,-5.289770671296171e-05,0.06332219392524482,0.7851406317011167,0.0157489862938094,75.02622482143046,-0.18312800089365525,0.5878149421350086,0.04853198068548267,0.01040356110486384,0,0.00016494885182564094,0.021701705947505708,0.010751178109206717,22.711326860724864,0.5040399581216736,0.8608114310456277
296.4317122694277,0.7214999155191995,0.06332151818449584,0.06489008079407592,,0.024522957090744583,1.0315597207214144,1.3249026237574943,-3.577602207190586e-05,0.0633045346904458,0.8409910565427301,0.015910111752038054,76.8477888554325,-0.050604586079684155,0.15660254748121413,0.049416316870757385,0.011397208923329199,0,0.0008709384829740124,0.021098872495792093,0.010320245318191618,20.639515535364314,-1.8216610098006862,1.3129205622017752
297.1853053433471,0.7264074869086039,0.06341008179495136,0.06514787666288539,,0.025249300371426878,1.0266975537481058,1.3227715874078978,-9.584956732903996e-05,0.06342265268149713,0.8394936894140572,0.01737808715306152,77.44189332678825,-0.13024630959621064,0.10210555855115297,0.04962698136230278,0.011581607835350534,0,-0.000444354351894669,0.021640044676570252,0.01050137073703288,28.95650048289177,0.8503199249531409,-0.5457984655134147
297.9492689641553,0.7239145262272793,0.0633775285521223,0.06501087331130333,1.6504956447984611,0.02471677498529609,1.0286392101016901,1.3051909207789745,0.00010571342718574505,0.06336490884169682,0.8322085212413731,0.016288240566912478,75.34922649898796,-0.015449415414463883,-0.5565276208473504,0.04980897323769675,0.011620562141428183,0,-8.299670887235084e-05,0.02246544382441482,0.011073145647585186,26.153744934787525,-0.190859816815313,-2.8535063964813765
298.70286203807467,0.7260130121134805,0.06374486067032906,0.06468481574813366,1.5832394920691142,0.024834107706495568,1.037629403756718,1.3025818635000797,0.00016141040265364536,0.0633233405874762,0.832804349252746,0.01626071991078831,77.15529742442506,-0.3583077758541699,-0.4711927375927065,0.0498719586380176,0.011592899364327164,0,0.00019348665768652794,0.02209412261417489,0.008855002310508852,35.38284896432742,-0.09385587512231372,-1.4552220914823464
299.4495414140682,0.7249100027227469,0.06328087304017078,0.06470359111723817,1.5890910039385766,0.025707972909227984,1.0571799366930046,1.3815577286022716,-0.00022026992939615673,0.06305906916727487,0.837662709120257,0.018046260267054887,77.26235440549199,-0.05420071858389137,0.4850464535647228,0.050473261784977665,0.011381205684738188,0,0.00030670016416600536,0.021872981486803514,0.009971119165061245,33.629712092381595,-0.012675276205999593,0.9007092076281836
300.1927639410988,0.7246768048324551,0.06333941649398041,0.06475843778405353,1.7234442229915286,0.02581561510077529,1.0523784639062208,1.3892369125945907,6.177255148099491e-05,0.06335949332024539,0.8281618772514174,0.016208606317869613,76.51279256062757,-0.03897859996231154,-0.14499184309623123,0.050455174827059475,0.011494168480936897,0,0.00047377869495971554,0.022880668089256852,0.011367730086079187,35.12041452400359,2.238598539067944,2.653854154202378
300.9463570150182,0.7213826764017754,0.06324231405377222,0.06427941689469555,1.837334038886649,0.025732024024901476,1.033707753594788,1.302751951526616,3.013853497831271e-05,0.06341024776625595,0.8273642428450771,0.016695684374347167,78.50194389711189,0.14891020568468383,0.024811895779824338,0.04990727004811523,0.012382868504589365,0,-0.00041814391777197766,0.02491583637041491,0.012123676267460769,41.87856630742696,-0.29437945556002926,-1.590351913163363
301.69649323997464,0.7223060130261234,0.06346211480690567,0.0638722131741916,1.7823768330006482,0.024014342615299535,1.0325408743593687,1.3148737601463316,-7.049828856564867e-05,0.06315316349148337,0.7755225879543292,0.016527194441380063,76.98496195912733,0.02532038869246794,-0.19156503232123342,0.05049609850450934,0.01251048231218261,0,-0.00034893760804569383,0.023809959205166008,0.012899563262429024,42.009849028202275,-0.961395358314884,0.5594275566596624
302.44317261596814,0.7206924452907053,0.06304669149078247,0.06354932743794241,1.801259578353451,0.025723914499636576,1.0366910918070424,1.3987018515088219,0.00019578198568583868,0.06316826896924721,0.8320067363726769,0.017983788825388935,77.20011648466755,0.040089457616241934,0.03448266794403133,0.0495100650584287,0.012886485335818437,0,0.00036826041959433766,0.02525400067294027,0.012556461978524502,41.90879670891021,0.3228322096733379,2.038624658642642
303.1794814450729,0.7199373485728688,0.06331487558599386,0.06385786510010444,1.7879024060518998,0.025893907891318534,1.0335215766772472,1.4099967036120717,-3.715416449282254e-05,0.06346685181476552,0.8250680060993949,0.018071422474659777,76.55543688575953,0.044393769139093285,-0.3153110782379051,0.05022347086213751,0.012589579833110633,0,-0.0003579180264083559,0.024018809193371484,0.013864087218044928,39.84790476476866,1.446298763275259,1.907912571446403
303.9261608210664,0.714421066908206,0.06647399738621199,0.06353346817571273,1.7905372197709264,0.023965834716261007,1.035377261568988,1.3052186513024586,0.003257123165035807,0.06680126377929464,0.7549059444947949,0.016786328907834387,76.16540219016007,0.14658925712878912,0.08984965601101808,0.050011898635823004,0.012878565177997344,0,-0.0005503591708290529,0.02553917324878105,0.014543031320666788,40.64080582079662,2.417531391871768,1.7219045692757777
304.66592649913406,0.7149128724592069,0.07008272503511735,0.06381472366384686,1.7300171737910996,0.023849170368507526,0.9549964865793567,1.3141655571332582,0.00640803395840505,0.07007136689251314,0.7674236655972451,0.01650458916898174,72.7629044217118,0.038708208292063596,0.08858810134552814,0.049961753791723656,0.012049226704343474,0,-0.00028104584635055274,0.024108448062280272,0.013399895261276891,42.77199839826963,0.3206495080281447,-0.36152039331860986
305.40914902616464,0.7160762185993033,0.06972625390883207,0.0637541908282707,1.6402474129612112,0.023952166053817434,0.9573908313251764,1.3123370044781417,0.006538620117238569,0.07012990130317272,0.7506965110288357,0.015964009647336283,70.70699149389245,-0.1248598755784685,-0.17356372667773112,0.04971388013865918,0.011797723836252091,0,-0.0007078372283005026,0.02399699277034358,0.01468838040597942,44.95216940874437,-2.51976726476036,-0.45526394768785194
306.14545785526934,0.7130157686209668,0.0700024033559758,0.06449889781737637,1.614661169479238,0.025538101031116745,0.9921112534650991,1.3225852708186645,0.006643412079542465,0.07027363943713531,0.7875281922145558,0.015941968019796866,70.07550539073007,-0.03485915744497095,-0.3753421578186004,0.04981863934700405,0.009512369799106045,0,0.00018429690990856155,0.023661823246842746,0.014056970093085177,41.49362810036126,0.13958228187025865,1.9782260187055893
306.88522353333707,0.7103094758278357,0.07011583787551065,0.06676834530840882,1.500512222931586,0.02464575383819522,0.971615652005964,1.300494992704312,0.0064664611653723215,0.06987867760260165,0.7643477512407002,0.015852004493590085,69.36032608972673,0.054068592917528385,-0.5511801647104716,0.04602159184533006,0.009924691523730973,0,-0.0008273820318134061,0.02500258303598454,0.015646391265002658,42.25396006594471,0.9606948540059477,-1.7482358365939252
307.63190290933056,0.7139736050605368,0.06970930457853486,0.0676320628396445,1.4191445943686873,0.0237640776085347,0.9568213279293392,1.2759218666921723,0.006707097766023593,0.07019100798383232,0.7587811080409106,0.015510494472983997,69.02317772511076,0.1773118057075112,0.23772054254313027,0.04365603127299269,0.008450465646711368,0,8.404919231734431e-05,0.024761691708610624,0.01710682209492636,42.637585378379754,3.784146630914615,-0.08947457555330272
308.3682117384353,0.7093456019908054,0.06909430074958466,0.06813202640272102,1.4229093309786627,0.02453337531464857,0.9768880812029594,1.3107981508722912,0.006740084243119727,0.06956052035078698,0.7694082381165553,0.015857056228861702,68.02247726968768,0.05384189231068819,0.40554215512073183,0.04373782368264373,0.00850787047270665,0,-7.0143388264890395e-06,0.024895372410053976,0.015773517641502085,34.40546171659951,1.2468070962443274,-0.31497986033539155
309.11143426546585,0.7076045059265247,0.07048013239941153,0.0684248457788061,1.4534142458294927,0.0255058537878094,0.9889154578081472,1.3290475237333894,0.006722456181274057,0.06967189828577093,0.7918944131251825,0.015950549817027055,73.00659114224555,-0.004353877680376795,0.39798668717270763,0.05027082235374401,0.007964945095644054,0,0.00033963363553921684,0.0251011687041962,0.016588625881552337,37.16413162899896,-0.9016032862067794,-1.4681421874163956
309.84774309457055,0.7109040115274794,0.06998957421914198,0.06889736857583995,1.4401212992976817,0.02538125284051454,0.9804708106987782,1.3076884428023399,0.006790777891399824,0.0700967901245909,0.7855645927352987,0.01744161790441631,72.50187769489825,-0.07240329682917729,0.05770991372289359,0.042383648765244177,0.008492507981857828,0,-9.243026221157174e-05,0.023157038407500264,0.01673947410469835,38.60209989166064,-0.009054913523075898,2.582761902927411
310.58059507471233,0.7096588661314218,0.07034345183313469,0.06987297019189992,1.390844511288767,0.025178107898836358,0.970580566603714,1.3297080661571645,0.006784405500040592,0.07023928679342968,0.7786377878395031,0.015803779615275782,73.39328073421115,0.016695889863005745,0.024878103546549995,0.0412104659664725,0.008364723740164774,0,-0.001069027867443571,0.02330038418011107,0.01809592420362068,28.894514119147054,-0.17369427983496627,1.7828766473728799
311.3169039038171,0.7114609437919746,0.07014893333869447,0.07015298629784504,1.385830647454264,0.025192729146746324,0.9761053908907965,1.3127220533410036,0.006885123843306951,0.06971643219928433,0.7873973839822347,0.016034836833306202,71.64416541783115,-0.01674590630618529,0.2221153382956714,0.04084260147923118,0.007983763118659736,0,0.0007244925437446966,0.023048495806239366,0.016844224377972644,27.93347487213438,-0.6106609803628364,-1.5754904392588058
312.0359284881071,0.7017605154989307,0.06997239774239279,0.06986696160824879,1.3682093774708848,0.025300199885342437,0.9950915690504506,1.3915934680799233,0.006640603256731028,0.06987988259289223,0.7902814207454151,0.015862408316097816,73.75155565700092,0.14410613140856426,0.19672563376143176,0.041852285259531,0.007864928218478236,0,-0.00010471692657807137,0.022041483311059665,0.01730700516971907,26.999754132334196,1.750159933040636,1.6856405678909674
312.765323619286,0.7046511846107046,0.06998644824441594,0.07012726547690967,1.4018420961499372,0.025446482419694202,0.9867708845810464,1.401107913323459,0.006757509642658128,0.0697222815164522,0.8254112973498241,0.015371353025236323,74.98550741659596,0.02325784357723808,-0.05006950313516639,0.04195445244076168,0.008611134899780092,0,-0.00022227085273972367,0.021045901216335983,0.017320179388491053,27.706268003754737,0.15407432184169942,-1.2069884143115586
313.4947187504648,0.7047481267509162,0.0699801441817528,0.07030188864796595,1.3893650016331,0.024936959191433378,0.9867745173517788,1.3240084733131936,0.006525566336112251,0.07032322783935745,0.8205282238362885,0.016012197283144836,74.37552907283624,-0.11090890779854164,-0.2265399446251894,0.04189799207550075,0.008551334032259342,0,0.0007622790648698447,0.019891021828181258,0.016049733178501786,29.6634224878875,0.3435328721566089,-0.05299959648888279
314.22411388164375,0.7033492902720929,0.06984211550773313,0.0701471049276224,1.449145437755521,0.02460821922419853,0.973199592491113,1.270760635588034,0.006574132223917222,0.07028696010341269,0.8137570600486475,0.016147341539667202,72.42943731272405,0.11196574322066674,-0.5299556977560548,0.0414546064687673,0.008704397441702875,0,0.00019797525880200302,0.02062824057676677,0.012893918603318916,22.959002170463528,2.0282721253377205,-0.5425502759413989
314.95350901282256,0.7063623108448889,0.07011947235108737,0.0697166562577737,1.3522439306265597,0.025027391820999396,0.9841064771319163,1.3895689533200606,0.006574866327796759,0.06958089233876569,0.8245692968872745,0.013307575689871794,72.02763022108415,-0.02244716778129995,-0.21770845885198362,0.04173085741330375,0.00909445356582358,0,-0.00014762727541257458,0.018178332326527647,0.012297257851305348,22.52844608208102,1.1757487667360693,1.9406449211372656
315.6829041440014,0.7060384800731913,0.06996880925992306,0.06966336598960315,1.3659421923194235,0.02703469133134454,1.0521278384655972,1.3885511489682858,0.006528916382849544,0.0699591976800833,0.8775884475432664,0.015979226367899533,72.78071181848243,-0.0662066546844401,-0.5847747125445815,0.044097118630613746,0.00908120258222057,0,-0.0002294932958069943,0.02015016435564388,0.013086979925806272,19.75693751143134,0.9690781868932231,0.2473004071293838
316.41921297310614,0.7005464715946845,0.06994999840999931,0.06958282103591462,1.109873985915767,0.024972219242436602,0.9883543854132602,1.3877654786427411,0.006765758645401639,0.06977721550614337,0.8297951354029985,0.015578667663836933,73.69158495158925,0.15108059595617787,-0.10351688837913992,0.04178130070131527,0.009083706402024628,0,0.0009252567574848577,0.018608725797817572,0.013043515422619006,27.940044291483225,1.3509686365255915,-1.2518498337121657
317.148608104285,0.706575744793282,0.06713834372540382,0.06977513134247905,1.1878218674964616,0.023624061884279183,0.9480629066626801,1.307303886171816,0.006559298906488247,0.06663192827219887,0.81723626329699,0.013371673966484641,73.42573769472223,0.09134283409824988,0.15161920516767916,0.04225447810709066,0.008506001728380773,0,0.0005390804399034204,0.01861785339441614,0.012034424824467668,28.336602534546902,-1.2302473428927267,0.797524269073323
317.89528748027857,0.7027314188167243,0.06678075959707486,0.06922595299399673,1.1909811923534557,0.023612034427457587,0.9453273528832984,1.3744371854159632,0.0067933911181760325,0.06633855329179718,0.8276224718409723,0.01344503855334222,72.97300906166518,0.05586108509042453,0.3139421694799079,0.041631743568987516,0.008538912615550214,0,-0.00028435362281485594,0.019888347802514045,0.011245004420881078,29.809311187035796,0.46119333550670266,-0.7651666709605753
318.6246826114574,0.7087371490110224,0.06642255641478838,0.0684606935645615,1.2094238733062317,0.026870812339620815,1.0541506636930504,1.4243043860721938,0.006581620871912988,0.06661366168700393,0.9513471260498746,0.015377232283735609,72.66011496059255,-0.08506966332492663,0.00800920394530955,0.04375040550514375,0.008887058751398677,0,-0.00043895684412842813,0.01951959618605093,0.009864340262668652,29.913906315182793,-0.8337891265620195,0.004109421806192901
319.3609914405621,0.7059942970390684,0.06657374503046277,0.0690035145083473,1.193588266901882,0.023643127900306735,0.9699445971792184,1.4211885363943682,0.006632168299507878,0.06668571927355656,0.8337712436620838,0.015492734646359313,70.47898487034401,-0.09180721626858285,-0.08183613959731499,0.04374449261878662,0.008752877867605653,0,-0.0006162431848161357,0.01905479168747729,0.009316057177980463,28.05949636224594,-1.0122118182166933,-2.1392092096458475
320.09730026966685,0.7094497570212617,0.06640586175048896,0.0682949899586654,1.1522393965048674,0.02402415651606966,0.9646649335481541,1.3560977174475517,0.0064861038616532115,0.06675141804822719,0.833155859976583,0.016142765128538,73.30593778699327,-0.08594579601106446,-0.24176799881959035,0.04479116418755961,0.008116594846281246,0,0.0003019168084913905,0.01903698614715736,0.009056398228671422,28.881020650182705,1.439223380897507,-1.3518658228841933
320.83360909877155,0.7083415123661249,0.0671479816268106,0.06820459648920632,1.368120777878334,0.026227420712091547,1.0015211233930554,1.4167926077250064,0.006407396826000375,0.06614815465414986,0.9065465892399405,0.01626927347660842,67.14808707859491,-0.10983134946182906,-0.28917465519221236,0.04486881090380579,0.00786760612883782,0,0.0005103339708045786,0.019567812621209858,0.007876444646889408,28.777815072245396,-0.7850398355797554,2.231810574294618
321.5630042299504,0.7085110499937214,0.06708313192777196,0.06819228573601376,1.3133631917927593,0.02609366484801888,0.9982450010990439,1.4173490172398993,0.006668271702794148,0.06634853408121245,0.9000630511415251,0.015492533687866565,67.06886711404456,0.021517817526521883,-0.17745166226412365,0.048382262036523266,0.007628036779573667,0,-0.00021744344941210757,0.01849484821480202,0.007622010336967021,28.06059132801795,-1.0243868197406514,1.9020062724064006
322.29585621009215,0.708848622608376,0.06702026030187389,0.06780724962721571,1.2630751678692889,0.026014927652018422,0.9888653279290024,1.4187892689830433,0.0067045577003809215,0.06629808057731064,0.9034661197931426,0.01304308466066331,67.06052552197247,0.10268181227009635,0.07006966744020571,0.04834208974132073,0.006694263167136642,0,-0.00031706536747325403,0.01804356032640264,0.008072188988852584,29.487361801101837,-0.05867684632511757,-0.5561956250528814
323.0390787371228,0.7083138162701389,0.06648647720566087,0.06817834372739232,1.2633004962639327,0.02536346664392313,0.9801873077390953,1.3661549452556065,0.006562050748485616,0.06690423556253834,0.8665822644940495,0.015460898557200115,67.6784532607,-0.02330294423765193,-0.3213848783808143,0.05005396562108293,0.006335875817003256,0,-0.00012619942107912398,0.01884550943547241,0.007718812247087897,20.268654673125976,-1.4869441378922248,1.0927266259785011
323.7753875662275,0.7110432796434325,0.0700245723947048,0.06820407651659567,1.2958381447257366,0.025135491525157986,0.9598857096314092,1.3085176885235914,0.006631760071685695,0.0701420833585927,0.8542223147230212,0.014977136025861185,66.60878635769528,0.1506695042227857,0.4020612828244105,0.04957341044891542,0.006659492339616067,0,-0.0003243241486963052,0.017913509891723176,0.008151207443299066,22.376610960046712,-3.6624393414624663,-0.5061597944889531
324.51169639533225,0.7105198228530868,0.066512411452014,0.06806716811228922,1.4090455339450805,0.025177814719054472,0.9720044096078768,1.3700106398044287,0.0068234166000813255,0.06672786296477991,0.8652415819831522,0.014655057610515776,67.5664931039885,0.06698138250028254,0.2649863081272768,0.05020686694021082,0.006618228870455653,0,0.000771904026766252,0.018302768936133612,0.00797082102520822,21.11475350022075,-1.3897962832579938,-0.9143834030494208
325.24800522443695,0.7106237414655874,0.06662686081095624,0.06843151991858465,1.3602517674652055,0.025099429256307565,0.9772091072522672,1.3604162341386428,0.006538431168206979,0.06663281682703512,0.8589579341450027,0.014355955438242467,67.18938931025626,-0.06293739945241576,-0.2783659520755057,0.0500073947920679,0.006655544790404711,0,-0.00026945770435474317,0.018904173011805896,0.008882562892738135,22.183425379090128,-2.0096844348391145,3.039550504411582
325.98085720457874,0.7092458779111736,0.06669886064295631,0.06832730708796764,1.4460055852745757,0.024949095950119467,0.9621152100902637,1.3262870392435357,0.006694494955537498,0.06653049091347679,0.868342053029216,0.014370568068843641,67.9784203519011,0.0876183791265267,-0.35292884783759326,0.04942219674631608,0.007751583314887375,0,-0.00017911769613105464,0.0183743267211953,0.008143027747930269,22.756718519166217,-0.571856422869835,-1.1407120735964613
326.7240797316093,0.707472608085422,0.0669655542188508,0.06867591596012515,1.4540956740459283,0.0245406192460382,0.9713888335946949,1.3231083621935509,0.006517783451446538,0.06630235463562095,0.8438676310755607,0.013033582440036696,66.43948822757811,-0.06316090114955654,-0.33615712655454855,0.049559428709790375,0.006865985263347987,0,-0.00046804736303004946,0.01863415298274102,0.008532651318394239,22.782096599370547,0.49610920496175104,-0.3611110478406866
327.463845409677,0.7112648796363296,0.06667934116006277,0.06842445898239241,1.5074924115769543,0.025001290915385176,0.949567566915176,1.3064290637926317,0.0067352416966150585,0.06642271746450423,0.8650518477895247,0.013078455897876921,67.24838886873432,0.051770643350458966,-0.05665392643069404,0.04926729656789216,0.00677761626776649,0,-0.000566505720586555,0.018077297492459333,0.008956344982133465,21.447908906859393,-3.1001702216702203,-0.41328987933583605
328.2105247856705,0.713857957410705,0.06945801084135368,0.06827777176449956,1.5022244482381166,0.02486140633152644,0.9344073178192241,1.3054800049662845,0.006462756598517264,0.06954713409124634,0.869323315797365,0.013097688229978977,66.46505619134719,0.06879716984768768,0.12684383940268937,0.044411126197555655,0.006216718928603689,0,-0.0005387869406510286,0.018173643281935475,0.007647569483914606,22.848948263173494,2.604844486387233,-1.27321462380674
328.94683361477524,0.7113121633353313,0.06675582249670198,0.0680917228149631,1.6005586653667403,0.02437592693902125,0.9250984516998548,1.3032380178818113,0.006511289063249701,0.06661754200311273,0.8393912107892407,0.013003836568451535,67.04007970420771,-0.06870447083014013,0.04837361936315198,0.04987253655428689,0.006371045643786773,0,0.0007805809326462288,0.01370708363093756,0.00834387812584089,22.607420833148257,1.805426979900326,0.5239289874042429
329.68314244387994,0.7108739878993687,0.0663902401359505,0.06840325533286828,1.61180254252034,0.02450500366304177,0.9328566651665949,1.3222581010644603,0.0067457452489565395,0.06691391964193413,0.8552403680188935,0.01271998867909112,67.88430025073303,0.07081469915186296,0.20909153148153134,0.044858562585424575,0.0067008289759841275,0,0.000660770360465193,0.01342978795769904,0.007679904272280612,25.82025494146574,0.9031437499957724,-0.5824708093519161
330.4367355177993,0.715546228782878,0.06673939784499315,0.06794172639731175,1.6220999670410399,0.0249194958894563,0.9373150823579213,1.317666402582737,0.006673077252733129,0.06676899014378257,0.8592294812600314,0.01441656409904141,67.94842275200361,-0.00028182600302334584,0.45183319778123604,0.04487869017311953,0.007515007740082362,0,0.0001452217036075317,0.012225358308006766,0.007529297385556954,31.62931524921584,2.8177415487066853,0.4477783449174958
331.17995804482996,0.7132093248717092,0.0667446350990474,0.06815303460609694,1.604788509886889,0.02466742129002432,0.9245635164449401,1.3228428441380944,0.006633383350555728,0.06626988046404636,0.8627968277082821,0.013079756410351095,67.65953525118697,-0.05013020970614811,0.00328444772685653,0.044650158986860214,0.007949827310362582,0,5.053550072221638e-05,0.013067144891774038,0.007281909985846754,29.99597448384043,-1.50009451857307,-0.6853567240221983
331.9197237228976,0.7201973180288603,0.06670776179758028,0.06816845344623261,1.6624186666456608,0.024578965433830285,0.9042063650566217,1.320846342461656,0.00667935145775299,0.06652351495903377,0.8487447064854943,0.01276370704019329,67.59685916991292,-0.03529215659280811,-0.22901438559905932,0.04508160205622961,0.008847729324998407,0,-0.0005091502511381725,0.011836855159680503,0.007279792718383152,25.998341570417644,-2.918716262374375,0.9743548112495554
332.66294624992815,0.7129674382278036,0.06658233388329363,0.0683591703347003,1.702461327789138,0.02444955216950854,0.9126914658579134,1.2584108906006404,0.006613000608353438,0.06683535761800301,0.7967841270006237,0.01253548073613915,69.51928106660453,-0.03085795831674148,0.05612827657070262,0.042495080754549844,0.009213974339737262,0,-0.0010247044787114737,0.014177496389785462,0.008069392751334406,34.998901593120735,0.6647438795523112,-0.05450127688196513
333.3992550790329,0.7138375245348937,0.06707038689918317,0.06838098131301151,1.6840694464148505,0.02463460077465385,0.91440887200298,1.2653761447058676,0.006807841845081685,0.06709887849130607,0.7993101100030141,0.013223143698972636,69.81440621830959,-0.12103763600140185,-0.23598164362036594,0.04564721492943786,0.009072652489822594,0,0.00037846792997414,0.011238664941018548,0.007135674725147891,36.92150750215993,0.1002031795778783,0.8854683769243741
334.1459344550264,0.7131017401445091,0.06658250504429819,0.06809742936614495,1.6761172284192287,0.02482742181144482,0.9346208012304594,1.3240151406691287,0.006815463480273426,0.06673833229383636,0.8462964467120482,0.013251290519286663,69.04055224197664,0.06604774664492755,0.6562425321745047,0.04546262206212893,0.00938393337903317,0,-6.121912754012914e-05,0.01290101475012325,0.007333988951031503,35.599889705854956,-2.2992819424324242,-0.529787341168418
334.889156982057,0.7144784456616494,0.06604707977028201,0.06824302019061422,1.7085729983892013,0.02466224100507793,0.9345877079162587,1.2623489735768842,0.006652518967057904,0.06680908039738395,0.844260454986477,0.014772922817093484,68.40333790509922,0.008505192701215079,-0.11661403805491809,0.04551114890007458,0.010654847204983412,0,0.0004411288904030344,0.017070311208926922,0.013337199321337657,35.114497271858596,1.320798087226354,-1.1524849087537041
335.62892266012466,0.7135262162111758,0.06679745133395008,0.0679348885177826,1.6634085527359523,0.024621619025236897,0.9356468665707535,1.2649475576429983,0.006510369783141932,0.06632087503081416,0.7598064615647321,0.014636719565870829,68.51042178353052,0.051667276133749766,0.27876858122875703,0.04484030608249627,0.01029011859714916,0,0.0004934588299050748,0.01781671738219966,0.013869684319579755,35.098945736777026,1.2491119864088347,1.600132838001335
336.3617746402664,0.7042132288010542,0.06658380932745371,0.0670684973718694,1.6674512380403685,0.024743430891999596,0.9704892822213212,1.3375152355823041,0.006551905610684878,0.06652916952948523,0.7607843956314504,0.016627701457617886,68.14560673034347,-0.025684256943981767,-0.2246156168129482,0.04554532572516305,0.01174166144345979,0,-0.0003436840161286451,0.01854368948799249,0.013346567045503811,36.13580028949957,-1.4764747170888048,0.3545409691603708
337.09462662040823,0.7110645673536469,0.06700831660840306,0.06663574346815823,1.6607162072550194,0.024810231516286026,0.9784714311870512,1.323397693208942,0.006638096424378472,0.06640152779595786,0.7608327845535577,0.01663403022036373,68.64082112842362,-0.09856830178619204,-0.3602066656254117,0.0450973891834767,0.011600264782046123,0,-0.00035976935316676733,0.019378559323862392,0.014038064868904172,36.90444929905053,-0.36595881432823973,0.47391209793455463
337.82747860055,0.7047904810621738,0.06655064009348716,0.06709232486422517,1.6944217187187027,0.025711010255539738,1.0046630826153011,1.3282284197004413,0.0031486400870879634,0.06670485539130389,0.7602815944080513,0.017252358310583447,70.36733765989318,-0.051320991432917636,0.8899575092203093,0.0450024592237668,0.010053572157112892,0,0.00014409189680447614,0.02266393298264938,0.01917016162681299,36.06630001312286,-0.4618221096051099,3.6281334672113386
338.449711413878,0.707663339530757,0.06636932089655491,0.06675160221409003,1.6110714897165221,0.024846086513658355,0.9731349661287165,1.3043002912452848,0.0031598338418920187,0.0665700927439016,0.7516735319769213,0.01698000451554036,68.7806980353598,-0.07221628808558853,0.5844904299933461,0.04544684825166533,0.009182181332349387,0,-0.00030908324511507075,0.022398354286665964,0.02085125768356533,35.36904209936678,-0.8409521920125393,-0.7155457675515892
339.2413298263896,0.7056137779314058,0.06693656391242403,0.06597712497912622,1.149647723167926,0.025620718667455203,0.993829250009317,1.3325751033840105,0.0033138867257939434,0.06657971587030583,0.7650871414588175,0.016949111431534186,67.37571689886838,-0.010493475705619119,0.4194396639734057,0.045123199104661504,0.011475407910535146,0,0.001196608802881684,0.02187507123969427,0.020349174416837708,34.42005458059484,6.271689830315929,8.365535045548684
339.9776386554943,0.7076547168769745,0.0665875330541327,0.0657826488805653,1.0559469025443204,0.025388757585265286,1.0386421509367887,1.3333358169985496,0.0034737347156543843,0.06700103311758608,0.7634376004982026,0.01748813216339831,73.69370416789373,0.18067620881307347,0.9150552060379558,0.04495324393838356,0.011285443732626623,0,0.000910676217890008,0.022242842484423382,0.020206694135414538,35.485439674483075,14.245333140908784,15.389063306063901
340.7070337866732,0.707425492006691,0.06687289643262379,0.06585660746109422,1.051739120079235,0.0257760011838061,1.0339863798911915,1.327821604221927,0.00670529202848591,0.06672349938506714,0.7588012467854922,0.01691729657947301,70.77055385079781,0.039385220184335754,1.230107718974636,0.0455296069251514,0.011386661736125337,0,0.0018217416012437993,0.023032672904889345,0.020347478090802718,37.74116786046207,18.15258423936182,14.349254149495563
341.436428917852,0.7051319250426397,0.06723187080129221,0.06622422175073632,0.9962047925514992,0.02528517868652589,0.9985118042407343,1.3276561563253244,0.006764039912691023,0.06639275210115354,0.7583227225955499,0.016822945301308855,70.76791841308727,0.1179283592568166,0.9851950098075587,0.045814969491296306,0.01100019704896086,0,0.00151290820627582,0.023641673697080326,0.021179199031853606,36.489728183668554,20.73921696438567,14.404554839839417
342.1796514448826,0.7072142258960844,0.0668515804825454,0.06602429136581223,1.0372925884542499,0.025527328357685553,1.0014449088005746,1.332140088694358,0.0068081425048693075,0.06670436101810599,0.7535547355357924,0.016807221805819953,70.54577357828964,-0.01684043632542122,0.8877675854784265,0.04513071528212799,0.009545353300916779,0,0.0002606143313583938,0.024306726342595182,0.019773826921145966,35.412230996223805,21.273783935601212,14.399509678970555
342.91250342502445,0.7109269248306108,0.06656119073067424,0.06603409266112187,1.0312225302104687,0.02546364513064056,0.9937816104938629,1.336493880664184,0.006611732325978578,0.0665037342580825,0.7549628366980461,0.016678711876628564,72.49949511891032,0.07200571275359093,1.1660371744222193,0.044924810218236425,0.009579824316725194,0,0.0021483912381468472,0.020893645843095804,0.019300716111186597,41.72736862587503,24.097626489941984,15.24587100816983
343.6453554051662,0.7110751738689135,0.06664914265405139,0.06561512126713893,1.002737313521729,0.024561328027233986,0.9372302402090394,1.3351330412542668,0.0067596595024913405,0.06687187137178907,0.747155158817327,0.015205517051155517,72.82909797007777,-0.09730358493647455,1.4131385585117022,0.04786768080369652,0.009752751500105421,0,0.0012256048904760847,0.02207102293597805,0.02055960768376979,41.42260247086438,20.45926537018024,13.343916693903509
344.3920347811597,0.7094143882508831,0.06702697950288537,0.06620981825233171,0.9862089874880322,0.024307366950842884,0.938423428273412,1.305789824882044,0.006561787076840544,0.06639569794758914,0.7431146828524994,0.014572612620117536,70.22435122644143,0.011394579171202008,0.9624099296512656,0.047884102329661136,0.008090020873740526,0,0.0007861299224245003,0.022483565791760324,0.019249111835866427,42.407733869128386,20.59872843040347,15.438053746456884
345.1214299123386,0.7088989120176635,0.06656912858285288,0.06646260462168241,0.9882024461527376,0.024187441951999716,0.9426165712228235,1.3151840933423071,0.006756166883621615,0.06678799147433338,0.7488947115055837,0.015269709991906575,73.22714245833903,-0.054418978348712045,0.9871901554662953,0.049027078171220206,0.008925576836766187,0,0.0002271848361487072,0.02178594964947618,0.01804743260553711,44.21461832616465,18.06464416950249,12.507474458456059
345.8577387414433,0.7119684773765572,0.06703046513050871,0.06659043954187376,0.9840657648261001,0.024173900527450925,0.9360068809387955,1.280597962272321,0.006495827463131393,0.06658677342360615,0.7465203464839568,0.015237616381344372,73.05496609151994,0.12608700237971857,0.9988124257764187,0.04911658867540885,0.009635121879839233,0,0.0014565246307548514,0.0195661626737811,0.013523364949412527,48.713124891628134,19.28701977457696,17.088096849712134
346.60441811743686,0.7091570865718475,0.06698053397223376,0.06610705509885624,0.9770289170632159,0.02493522586966923,0.918595647254653,1.328567565210948,0.006481313814998659,0.06618023247764261,0.7545355353356569,0.014702796487588349,71.60820883336365,-0.013897330871613338,0.8021708053760018,0.048979773368932195,0.009510401928272546,0,0.0006934910095745047,0.018720264713360343,0.014596951563481094,49.93636710010091,21.882025373134617,13.041178080119844
347.34072694654157,0.7191638768229486,0.06694420258529028,0.066363823556621,0.9666491838344154,0.02417740411042679,0.9079496068750897,1.262985757311284,0.006811631560823651,0.06668360747920409,0.7451680765659511,0.012319391253566734,75.46880058097803,0.07280048759030688,1.4043811518682916,0.049376854816931326,0.008369874484564267,0,0.0005203331656092599,0.017780431102925938,0.013869235026532152,48.30766619284937,22.722583092357453,15.21672790691209
348.0735789266833,0.7212896888454049,0.06675288255387725,0.06670222469727148,0.9701830777066985,0.023149307929737,0.9019720207091457,1.2701135151114167,0.006572042342389545,0.06677270958683511,0.744299565802352,0.012173932085466679,70.89184449057254,0.08866147958059381,0.2748608207349301,0.05087005437000241,0.009870809149388421,0,-0.000245016179377324,0.017010215333708,0.014669477689211311,49.41462382703419,20.433456715363963,16.18241623331749
348.82717200060273,0.7202351174382381,0.06659313035999748,0.06678229952335415,0.9760880334612745,0.0242420841022399,0.91692237058419,1.2996293785109376,0.006714548218698487,0.06646433775950801,0.7436002275072826,0.013029631359697612,73.05000296546366,0.10670745020023929,1.0756549392462085,0.05023129747899123,0.009338393138349601,0,0.0011064571904215782,0.013837532990639091,0.01178331452326744,48.895339244746914,20.638007291635947,11.547813262468948
349.57730822555914,0.722870843612104,0.0668585757553698,0.0665968801520625,0.9849197596789788,0.024803430652572366,0.9157290434232612,1.297030127869543,0.006770087617250902,0.06666860342087258,0.8094901444411619,0.013067970472417551,73.74955907716806,-0.02488614179338691,1.7025814371487331,0.050346936595143235,0.00851272717000591,0,-0.0003310345853561104,0.012157828882218606,0.010654649690920004,47.86042091780549,16.147614751939813,7.4499930023643595
350.33090129947857,0.7242133045761646,0.06649816355835576,0.06626720011009049,0.9426818828323662,0.023056664594966678,0.8954204743266143,1.2770336857052405,0.006554811427780047,0.06641600045985586,0.7533489891130472,0.01327163583829475,69.00059211196347,-0.0327972810775607,0.9057201036845555,0.049995563568028804,0.008916372399240934,0,-1.265444483719615e-05,0.012385271592703574,0.01102400480434629,48.41541012960105,7.679161275946533,0.32993906027422715
351.08103752443503,0.7258589559708146,0.06691373747425927,0.06642721158589474,0.9610939620984368,0.02392852109389814,0.9065414303968862,1.3007645854955512,0.006387139169917542,0.06706744114240167,0.8046609730846233,0.012202616988351433,69.7326418821249,0.02671569944954401,0.42998246667001194,0.048376073335582054,0.008359042636652592,0,-0.0007837960294006446,0.013214446642921032,0.011527591232709983,50.53343851215893,-1.6167830029654644,0.48040951428122575
351.8346305983544,0.7248029848388797,0.06666982421061435,0.0655689061423355,0.9617721865135473,0.024951308413595254,0.9105585725199316,1.3092306970829335,0.006553595904486593,0.06696069318079387,0.8292980712605601,0.013061975173628483,71.62827878237603,-0.03602553768911397,0.4539462900871408,0.04661985031221226,0.0077366958971496515,0,0.000642057040988873,0.013911009328050686,0.010373490747761943,48.83556018260052,1.0881725631980246,-0.9944441618861013
352.5847668233109,0.7245598888161046,0.06663701874453784,0.06579586345172059,1.0070358855726371,0.0248899021941124,0.9131720552172564,1.3012242675550958,0.006619121393334093,0.0669711763464105,0.8303854618441406,0.013195119704558493,72.44966230942204,0.017808609217234095,1.0508214167988974,0.04596376262239686,0.007557761192668076,0,0.00029894296702212217,0.014412285339651793,0.00914914468528416,49.08305454857774,0.9982310400759865,2.0232893863234596
353.3279893503414,0.7248116039989964,0.06675927522159542,0.06624431504081747,0.9875521466607788,0.023769974604193826,0.9080093362873877,1.300602566997041,0.006762494746079889,0.06679225162282569,0.8203284360422726,0.013052018630337153,71.98670315493614,0.10202661725840541,1.0191721740296593,0.0463822798310399,0.007888234579106182,0,0.001431311425459141,0.01255630520837965,0.008800772428510373,43.13528417735225,-0.5813498296038702,-0.6694926969078189
354.0781255752979,0.7241716250948291,0.06714857630926088,0.06594759733703137,0.9883150948188971,0.02294107154585987,0.894399774848336,1.3002053293234586,0.006728211871106834,0.0664438372727568,0.8122599396443859,0.012873907784758153,71.08023025638389,0.019520713589891558,1.469375675023604,0.046149937254770255,0.008016427362278339,0,7.621791989632152e-05,0.01296158254584788,0.00864808118243066,36.09769648415287,-2.7942561115921323,-1.9121327328135251
354.81097755543965,0.7203739445424092,0.06702522127891641,0.06583484172765128,0.9189577147906571,0.02310635861391811,0.8832461403578858,1.3014242190005054,0.00661498603438458,0.06626651681702707,0.8252950961455248,0.012917510693703142,70.10434731825464,-0.07578026643441334,0.926821019042846,0.04647760222001414,0.008080664538006021,0,-7.406275671837966e-05,0.012157972666573067,0.006382799860353491,36.325686092231265,1.3610587263699219,0.9730868475830153
355.5403726866185,0.718769887915402,0.06681890220735169,0.06622059312714944,0.9748986096011865,0.023554750731938186,0.9027382518586021,1.29532653863542,0.006561810736989083,0.06661599511979792,0.8313809056578038,0.013116394711250923,67.25836157667449,-0.024196250193108455,1.104351414353337,0.04606274606367357,0.008779009879153832,0,-0.0006088039629418979,0.013980272735139467,0.007236333065456291,35.9007513373402,1.1254030368314125,0.7619367284441037
356.2870520626121,0.7255402212248917,0.0670118244717207,0.06635849611494019,1.0154732083024844,0.024950700545152353,0.9060289402947987,1.3154815658285215,0.006712212417047323,0.06667028496030421,0.8686209477116297,0.013963028023690286,66.58722823886478,-0.0813496193280801,1.225675859309699,0.0460167056705946,0.008497536368126777,0,0.0001847773926428273,0.013863498485230556,0.006664964873004654,36.77964784550328,-0.2143554128041842,-0.3518177128819137
357.03373143860557,0.7179600384034149,0.06679504897219002,0.06676871142913232,0.9694273843847727,0.023831322390490507,0.8829799169453985,1.2904301554016713,0.0065759276110412814,0.06636531705866601,0.8341025039307923,0.012978101622241603,66.7323149211932,0.12536106769517585,0.8081256680480062,0.0444822631027139,0.007871913713539468,0,0.0004314334378482844,0.012624478868992005,0.006457725282475489,28.043240030430773,0.4852578307698296,-2.6606418290185343
357.78386766356203,0.7184404578927469,0.06688200471138521,0.06654203493640831,0.9738767112973563,0.023796467809216255,0.9037497694865975,1.295096601816428,0.006641962640150936,0.06667511669697437,0.8636229445933005,0.012862885919158651,69.02471607649693,0.20261093872403416,0.9761639800439302,0.046136350446124505,0.009090958620941376,0,-0.0002849620189202797,0.011979168890944475,0.00607979289811696,29.809227043675243,-0.6391852430210414,-1.8803326105466034
358.5340038885185,0.7195665807523056,0.06661369856968516,0.06666364449519076,1.0066006662251836,0.024328497611191054,0.9423380458633379,1.316134888299434,0.006725141755702517,0.06626299314820934,0.865353107380491,0.012666326415707044,66.56293839979912,-0.0158726821009864,0.5642421987731404,0.04768843753715241,0.00791915256699033,0,-0.0006127561217112111,0.013816575496314112,0.007097801201942892,27.49737979674537,0.3012170043279681,0.3359940796014076
359.2875969624379,0.7247495316902243,0.06675165589956619,0.06683358493335763,0.9175695680623482,0.024276894081852744,0.9412355056702582,1.3006569850146497,0.006706422485306951,0.06683577000534634,0.8717592363772212,0.012846165070079294,67.53520638419876,0.09555243720812362,0.5714359366744037,0.047418024532303836,0.00910191393812752,0,0.000536737353387972,0.015266722783413384,0.007144398571475458,30.752049160301187,-0.41674387065815577,-0.4856626636610581
360.04119003635725,0.7236399386071756,0.06662582853034622,0.06704917605433164,0.8335464742993716,0.024053698436306975,0.918633547494768,1.3258869162554294,0.006488049523211639,0.06656591663142926,0.865665034859627,0.01271336402601362,66.4459051554025,0.14435934096403424,1.1410826156235512,0.04823984003324196,0.010650991653642465,0,0.0004381696668377941,0.015648818697948964,0.008077553996167577,27.808340679764793,1.9194963753058838,2.2737043805375534
360.78441256338783,0.7221738595982146,0.06659038993707608,0.06709265736576564,0.7996238950155418,0.024772726431019996,0.933016476767649,1.351387653066546,0.0066307026725029835,0.06657886209509964,0.898564010688746,0.012713148422366196,64.40297161978259,-0.0886647839505203,1.1002390347675026,0.04767795476189319,0.011736462324465041,0,0.00015305100711831814,0.014578370944288684,0.0076874477732400606,29.642823910604797,1.420712602069972,-1.704799726996543
361.5414624862702,0.7223851618378363,0.06681541155356371,0.06675607012104239,0.8781661614792395,0.025053779294109277,0.9396677929182256,1.3478595965712319,0.006730436253886341,0.06670039009924597,0.8978011625308889,0.012704965614733735,67.47728358302135,-0.042369047788763846,0.9225526651336128,0.04725707844257631,0.01179398226916717,0,-0.00037549219135353214,0.015861181659336383,0.008233429288889803,27.405676025792282,-0.48388875992848196,1.09603546620257
362.28814186226367,0.7205798798283347,0.06643000104531424,0.06672420003463228,0.8586849207261915,0.02479069527589462,0.9418347333037863,1.3434730100132322,0.006322922402678772,0.06676375374610359,0.8948132616503701,0.01275086108383097,66.07770156680911,0.11324159582018545,0.5098691723012801,0.042994877930610395,0.011295482523698885,0,0.0010950374339536997,0.015475856027521972,0.008150910923814154,27.148472980681856,-0.6677403609857683,0.7609028982349725
363.03827808722014,0.7190729128153989,0.06655557632617619,0.06687452681925118,0.8719722677791917,0.024133280318350513,0.9403738837019341,1.3506581859100604,0.006884467596645533,0.06662161637502906,0.8744532290930297,0.01273437535894694,63.38455671583381,-0.08976335905990966,1.157209952872157,0.04784416334772485,0.010453499241438626,0,0.0010621451296798138,0.017036855843747478,0.008365281991226653,28.86401345590876,-0.7014590481990246,0.25627118831290807
363.7815006142508,0.7175089867400491,0.06638025182700998,0.06677673296206615,0.8297466423414107,0.023901730749032127,0.9334826219725801,1.3658960631564363,0.006763933521629678,0.06630745500824958,0.8714450114457508,0.012685037801692669,68.72218992216284,0.008383533418331073,1.0060176557402016,0.045626444438572285,0.010333248014756422,0,0.00038151037923278856,0.016054453653007027,0.00784245730256044,35.47614569091759,1.3587611142703353,0.1398656369261007
364.5212662923184,0.7206648244544618,0.06689151217107088,0.0662618294326347,0.8043039222491966,0.02416493927408171,0.9357091945441638,1.3714084608776527,0.006758590960754926,0.06662777790455446,0.8697831258215104,0.012704017729614086,61.93611088178579,0.02580930554048087,0.7857137391906983,0.04547008358571421,0.011267913160741412,0,-0.00016527941584020014,0.015344253927921993,0.008332649047987273,35.524985562361934,0.9272175311281965,-1.8738476516252247
365.26448881934897,0.7198907654722222,0.06664842950503382,0.06669120141139698,0.8211642398512532,0.02476001869015561,0.9971107850491707,1.3952181881606402,0.006759693172613143,0.06671320688962151,0.8697330586740396,0.01284430665241681,68.15478817032394,-0.08918056400153318,0.8590189236655104,0.0456463449745572,0.011225236200772405,0,-0.0004651095662747603,0.02480564524175684,0.010473608466146313,36.621786717651084,0.04866874111874215,-1.1563966186607009
366.02153874223126,0.7180656948979498,0.06665380444858793,0.0667787650942219,0.8521025420118215,0.02495411731138943,0.9424659613617524,1.361759127682841,0.0064860835698143755,0.06644527926311493,0.8534949845653267,0.013517919168054506,67.78560642982508,0.03676490443772127,0.6613744357490126,0.04550252409834965,0.009167263150016982,0,-0.0006754067819016185,0.024368373546892627,0.010484570677649466,37.53743953979367,0.3389080229672191,0.8533396303550987
366.7647612692619,0.7200740331100931,0.06668463465298752,0.06662570411849737,0.8519228287473352,0.024133493830096595,0.9299137487418254,1.3539246111198775,0.006627800180750181,0.06659713399097562,0.8130579062635744,0.013513359335193015,69.01192231252212,0.07968926052575556,0.9155348407635682,0.04539157088025958,0.00908131003077222,0,0.00019653878473432733,0.02705828124539391,0.01095789348542513,36.03560438176951,1.5267273660526335,-1.6064846121128247
367.5045269473295,0.7178235009520583,0.06641554048199219,0.06708793968840451,0.8288004161743745,0.025224158021168598,1.0065236534114759,1.3768880994320305,0.006588946642091294,0.06684645810842764,0.8064788768875462,0.013477440798942315,62.36423903573791,0.0009979876444564865,1.0110223614049783,0.045805577246327445,0.009806140335416214,0,0.0015997912952517867,0.025551727596744844,0.010604259544328486,35.973369121552956,0.19668421376456038,-1.2722783094984242
368.2408357764342,0.7126118720789703,0.06985430726004067,0.06780433238023291,0.8523223617255218,0.029279626289332516,1.127522652356197,1.5097699190017426,0.006860687119232636,0.07022305167514857,0.8137190825390955,0.017344464489837143,68.79822630258282,-0.20137968173628845,1.2715466343938469,0.045464183827197815,0.009286128703111239,0,-0.0006307076808254697,0.03263596832194617,0.02270685983969236,39.25854933177859,-1.2635073459867172,-2.571667539145585
368.98405830346485,0.7143528879721184,0.06979755650703698,0.06797202303933889,1.5962116985214831,0.02744614786238427,1.0081270788466203,1.389297056347655,0.006781969286738242,0.0699877277471163,0.7794995601468111,0.01712481872280369,70.26638748760328,0.035512421744432164,1.7143954964007175,0.045492270474648044,0.009516156894684751,0,9.391427046012704e-05,0.03451624029852037,0.02307786939707711,35.69597322295748,0.4049492533217108,1.0499288974720697
369.72728083049543,0.7145397690849077,0.0696822881446493,0.06800194732234698,1.6143901930636646,0.027424821098782214,1.0039435109199977,1.379949332774752,0.006627451463803481,0.06991387085408894,0.7807990662968496,0.017163149094319582,62.78842677243349,0.07362582781029939,1.310292820070951,0.044988097176264064,0.007983350885127558,0,0.00113493649324058,0.0344862658593821,0.024713914735219687,35.609967693660835,-0.6235117361052391,2.3872763999883473
370.4774170554519,0.7106660054171686,0.07000158920189846,0.06787694353009874,1.5935984779709775,0.027271579983689516,1.0017335504628195,1.3795880144305968,0.006799744397818846,0.06988140587390955,0.7710589545701637,0.01729083856747279,69.95165906923101,-0.11138749527512708,0.9541585162968328,0.045732113535484356,0.00833167669901128,0,9.352794456140125e-05,0.03459356328257006,0.02532855375502915,36.16252440521924,-0.8031910084698568,-0.684273627435484
371.2275532804083,0.7242963924434203,0.07006678535795555,0.06859118542666882,1.586602828131222,0.02775397137718101,1.0605649219769528,1.4452529773595975,0.006605140749558496,0.07002751578091365,0.7421733180239591,0.017070844975815666,70.52956124304838,-0.052395647666898,1.0693002597789214,0.04556529257591906,0.00949573680913104,0,5.550946669691594e-06,0.038136117971185095,0.024841070128981978,36.067919511611166,1.1771176503261513,0.5588953502288272
371.967318958476,0.7211619580111787,0.07018149377037833,0.06886886194588124,1.5917667945450846,0.027351360613459014,1.0167479903630767,1.4529436442348678,0.006497054830270709,0.07007272621355817,0.7348751391243228,0.01711629513739678,69.48944254056694,0.012299419828509671,0.398864325162532,0.04510968385842236,0.009900365506180179,0,0.00041070119086215407,0.04338440148008408,0.031245321073427465,29.980856932256973,-0.7496523054295322,-1.2017777058405386
372.71054148550655,0.7257388510425745,0.070412005586214,0.06944952110121418,1.6034293889100149,0.026472497740402015,0.9846966113774339,1.3789418916229865,0.006737406488828998,0.07055694322761531,0.7138381045084319,0.015307051885390695,70.03362143149718,0.010853774576806838,0.3079624293358193,0.04403466102942375,0.009870998398722632,0,0.0007022781894410556,0.05216362822905355,0.04003841513705233,27.91698432116708,0.3828057980366191,1.6315535644469543
373.4675914083889,0.7231447420100099,0.07026643168206743,0.0694157150320233,1.592940047710744,0.025494598821429158,0.9826815522082204,1.3397022744553773,0.006540866408351677,0.06969607279156773,0.6884100814779945,0.014277135807269857,70.82784143327109,-0.029716166180724275,0.728121261313987,0.04106981503244825,0.01028754701094438,0,0.0005157356077618146,0.05098998776997738,0.039621493550154666,28.832987360201667,1.5492972875529303,-2.912506074777102
374.22809818023416,0.7220329555483308,0.07000128422557039,0.06961098337253911,1.6212389351662444,0.025325087239248742,0.9822682958267246,1.330053475587831,0.0065465088280495095,0.07019850583676587,0.6930416815480098,0.013098855627044133,65.90850333272274,-0.08846808379724216,1.4059015494044047,0.04120049933466219,0.011626601314070274,0,0.00045659837139335553,0.052656560931963595,0.03954928912328029,29.888020031904766,-2.2617064129372766,0.3472797926346252
374.97823440519056,0.7224277563896846,0.06978656305241732,0.06966504739008932,1.661758183332325,0.026292741516915567,0.9810665870743503,1.3657864991443154,0.006562691141483474,0.06977245005729259,0.718950763181693,0.014431976814217587,71.13637512183337,-0.051722965885902146,0.6071177543214037,0.040948776312133846,0.012353396534414711,0,-2.5842919842073916e-05,0.05378081987017256,0.04043737389993528,30.01840994816468,0.9982856835666094,-1.7054480373107577
375.7421980259988,0.7211966518968255,0.07014500448022629,0.06980044255341547,1.6511574501677324,0.02623688570791378,0.9817140626770927,1.3707935253099757,0.006812934649193716,0.06993983530032633,0.7205774512484342,0.014312811928447088,71.49854125413881,-0.09348110596154173,1.698206195217076,0.041030070571610906,0.013023639125078045,0,0.0007504739971030596,0.0533812950523282,0.04023919954564332,28.063052389332828,1.0451060883845402,-0.71539633902131
376.4957910999182,0.7245268577592352,0.06934785625935211,0.07002563099439124,1.6324519330960547,0.026395677974902824,0.9920901920683101,1.3743001201974612,0.006623375879194118,0.07013469262532318,0.7057948097949432,0.014523709742754135,72.11976984282677,0.12883923880512443,1.3071523835542715,0.04136627957821795,0.01309400905803897,0,-0.0004712538584274593,0.05409963378623833,0.04059458015933753,27.569442555883008,-2.689192833920615,-0.709463938595519
377.25629787176337,0.7291389021183206,0.06957919354026319,0.0698608023634891,1.5922486319959561,0.02638682139843773,0.9860119551017922,1.4475528535713236,0.006729724001436544,0.07015410069992113,0.714540510053131,0.013158372442619422,66.11961477952805,0.02814160899752208,1.238809528628982,0.04059167794529815,0.013231451098602935,0,-0.0005279175226576212,0.054675915356460734,0.04057594238362859,36.4202439898961,-0.776297048162066,-0.9906460218068792
378.0029772477569,0.728878930707068,0.07023352926043044,0.06981197713436091,1.6233573976005438,0.026482392752001357,0.9859117644278292,1.4505146050666986,0.006702532339337144,0.06993225581414822,0.7181020298994074,0.013184201064232572,66.12350517520018,-0.05146135855551973,0.7511775409722445,0.04154182578497793,0.012992756872924022,0,0.0006269808109695048,0.05187861875339952,0.039536651101791165,35.517845550211455,-3.115197825754498,0.9050835830644876
378.7461997747875,0.7309621234540489,0.06973438446321877,0.07001621051323641,1.661360012901863,0.026409457436971102,0.9820297956776595,1.4450392954649347,0.006654595844834206,0.07003832386051677,0.71770118204056,0.014291621276154399,63.58619292912283,0.09822695901292315,0.3545262242654105,0.04543942618392026,0.012165996522897193,0,0.0002611588208038304,0.05048603695346844,0.040454650074019084,36.275955012022074,-3.194534526589221,0.6430890702666155
379.48942230181814,0.7322559131508293,0.0699539490514906,0.06988193374014301,1.8192646281826583,0.026333311360022017,0.9812934143829282,1.4121331048291423,0.0069429063762403796,0.06982600728974157,0.7180794966683381,0.015265184216454274,65.05780223790963,-0.14015962809260296,1.0353634152351376,0.04545840293095164,0.012322698652432212,0,-0.00012747876628316538,0.04990248400062402,0.039325002867985744,35.89107405871266,2.4176188153686713,3.243997111645533
380.2464722247005,0.7344210739246478,0.07056321869210777,0.06994975227345901,2.3650009733596695,0.02653904960503644,0.980407328424311,1.3968153097103648,0.006583055841239312,0.07008665570639068,0.7625820903617314,0.01529486048709269,62.24210220864777,0.08831554354856412,1.5214227086606023,0.04554959538442633,0.012111295768769247,0,0.0004462526594298733,0.05055403238095218,0.0399159465202156,36.53435998633475,2.927983944292861,0.4410654685012029
381.0173495434345,0.7429259218199215,0.07015440136360843,0.06982447173880298,2.4058664603566076,0.02685955838797921,1.0500174847903347,1.491815350802999,0.00655402680805361,0.06997993635855008,0.7862160334651072,0.01564017862400436,62.652737807839316,0.041953764167177,1.0108622660040518,0.04593018743266713,0.01255728547865782,0,0.00025032047316357137,0.05054266966530594,0.0397573205926294,44.07479607326606,-0.1389474612020563,1.937740060038358
381.7951405600944,0.7435399708579793,0.07008858195871513,0.0701584039324508,2.4468406781240875,0.028028010435156056,1.101001167437834,1.4980761689747704,0.006406581971916377,0.06971968886362893,0.7838224733253704,0.015837352500760567,61.546444395972905,-0.011074935073311604,0.9675186204279266,0.04574008060123144,0.010351437367116696,0,-0.00040625085971108697,0.05084193108589426,0.03937819395227844,44.270682704205974,1.675835321480299,-0.49075309223733704
382.5625610298655,0.7475789889576362,0.07045343003243001,0.06940971336375625,2.434863219878899,0.02784282346807477,1.0949250734706928,1.502638538152614,0.006789139904633629,0.06964748421265746,0.7923692790881204,0.01611089056158295,62.79723670474645,-0.07624877384189066,1.0557257978017058,0.04885126732028087,0.008828676608929022,0,0.00047163741812004077,0.04816453996686662,0.03961582481430405,42.835696552165075,-0.9629591842682802,-0.8973516180635887
383.3334383485996,0.7458832275481386,0.06655557470072071,0.06877008604609187,2.3940250964805183,0.02704295881279329,1.039868885812685,1.4894044382705327,0.0068553519259138,0.06681713888952559,0.7782551452188997,0.015651091912033125,61.200036799486256,-0.017654871544362304,0.7873206501749612,0.049436451377771966,0.008564761398021679,0,-7.316934613578315e-05,0.04849519186635394,0.03791577713487617,51.61073761329405,1.030884967837527,-2.8856101553680746
384.1008588183707,0.7436623597846107,0.06637087608613983,0.06817158590811256,2.4185561779337483,0.026390608571198425,0.9692555168511303,1.3924537991432628,0.006534088889397256,0.06648503896345596,0.7858539179641169,0.015844933733253703,62.24084328403584,0.06122514857955055,0.9237769529666564,0.04895240721524679,0.009217131212034976,0,-0.0005587429865062608,0.04938067157998731,0.03862402450744712,51.509538514011425,1.3329003660233634,-2.0501395444700825
384.87173613710473,0.7462102062067792,0.07022436847747016,0.06904610620480033,2.393547896735419,0.026509820282258654,0.9704816421312237,1.387555879797303,0.006559919549547202,0.07016638391582407,0.7166421119384893,0.015832763384831014,62.75416331783807,0.047118827946388504,1.1410324670173755,0.05046706395657791,0.008171538187987288,0,0.0001997159893733244,0.048866326129123935,0.03943721416351519,49.53531117362797,-1.2227220244175514,-1.160448970083403
385.65989770065346,0.7453320312942334,0.06985432690896055,0.06839474233106882,2.344489604447989,0.026794164759358228,1.002886021698804,1.3876849300318768,0.00695341010067346,0.07042613683472886,0.7094953065720807,0.015982104923892466,61.754429533042085,-0.02781039843349661,0.6890775143721917,0.05004679569446311,0.010040887120284456,0,0.0009911955750480151,0.04860630592934567,0.037263280292608156,49.62775800014519,-0.6025242813185511,0.043183210490106316
386.43077501938745,0.7427183305800891,0.07003292063150589,0.06856582667876454,2.3868794703060874,0.026792390825424534,1.029443489604118,1.3848340156691372,0.006580585347921511,0.07033167337587763,0.7140376057991233,0.016207497438101896,66.52223200366264,0.07184396167322016,1.4425902948119127,0.04979125694325343,0.010063954997530763,0,0.0001837430530786061,0.047525856661201044,0.03717098560228026,51.190050596571695,-0.5920317609341463,-0.04133872709273977
387.2154797339733,0.7409226539041215,0.07030759380750136,0.06833458649750498,2.4326134906056884,0.026869502731737195,1.024571347876548,1.398089020940842,0.006693932281556154,0.06985783653259023,0.708823729607236,0.01580555979934148,68.18826550287748,-0.05459590864667375,1.3452485408667907,0.04896175757483238,0.011070234156604453,0,-0.0008269551114699514,0.0464782901989167,0.03818344202400017,49.4094494704999,-0.9072490151975716,-0.9402987262321653
388.0105549954479,0.7425104742669013,0.06981750619104564,0.0686779772391244,2.3569934826616716,0.024232122241161405,1.0027673877988164,1.370248871017897,0.0033545288771816995,0.07011362154153579,0.6385421627704332,0.015906130492754657,72.18738009380996,0.10191971251482448,1.46176314172761,0.049818298874151984,0.009943244111717302,0,-0.00010986787785388261,0.04433859670952167,0.037683603358917,51.99238469861222,0.5661652146228204,0.24236514700960074
388.78488916314484,0.7462126244723718,0.06666807723684197,0.06803803236373582,2.2871313135099713,0.02419195721391121,0.9700279691050959,1.356519184297584,0.0030714942127009095,0.06669870491073288,0.6340308238547365,0.015906506887520194,72.44712056559527,-0.02889124614604587,1.3211176074109332,0.04956778236898693,0.00985373969440291,0,-1.6731783762841682e-05,0.047848650491297925,0.036982150519817694,57.287525346014476,1.0998239541501702,0.4691668420326791
389.54885278395307,0.7473169023113562,0.06682227987327605,0.06836116709789368,2.3016319608804565,0.023848482298859008,0.9206010172589258,1.3347662781738485,0.003522612511534112,0.06678898781480137,0.6253813786359703,0.014078620941408786,69.71793060044429,0.04017966602547728,0.4429652467445575,0.05000943820006371,0.00922098991529783,0,-2.192077504955281e-05,0.04387932992691157,0.03746395805703068,56.15180070834924,-1.5290771473290452,-3.772852240367568
390.30935955579827,0.7414442227491826,0.06678792124484187,0.06892518251258639,2.317209055247774,0.023710492336818215,0.9193906112939574,1.3338113428838665,0.0033902795591690014,0.06651805767612341,0.6330624784855432,0.014108178691746626,70.30039112877363,-0.042715606452334,1.0272645129883262,0.04935743570868985,0.009377706888874574,0,0.0006002811171033277,0.045226681525686575,0.038006338310626796,55.15500110940991,-2.0537621184326476,2.7663617964965757
391.0698663276436,0.7438533801044742,0.06663853279905661,0.06833818873631453,2.274454609358186,0.023714899434308066,0.9647305894355549,1.344171931213687,0.003352802857231173,0.06689801610923768,0.624986236656014,0.015946860062891942,71.69202680470865,-0.10410200467103865,1.0826315122869998,0.04980454963107831,0.007813674429331376,0,0.0009434861107916895,0.04666416437582292,0.03652790670368209,57.27563613098116,-0.666389791800643,-1.0381098199583312
391.84420049534054,0.7419563815054394,0.06655936469598636,0.06815250373187462,2.1371060028526436,0.024342445053153965,0.9674542796030595,1.3386691830109385,0.0032094459066769436,0.06657427335413695,0.6385384699027493,0.016080044958833917,75.23792409405183,-0.06293706671247952,1.4650124714396162,0.05274945156823341,0.007827640214789159,0,0.0007815543316140271,0.04658185019452944,0.03719554780819957,57.59078353391318,0.06512573128988686,-1.2257396796255389
392.6185346630375,0.740905248522356,0.06679175482104648,0.06801810941519425,1.9823588508540502,0.02449228985690957,0.9664037896120671,1.2908081605229291,0.0035369161312054087,0.06644583056282703,0.6365575090402319,0.016236327968085693,73.85226354952313,-0.03212429693344106,1.0953114604997145,0.056243355907464966,0.007832723319319604,0,-0.00013897035015360412,0.0453351120995684,0.036627581753003936,58.88709331495867,0.2237331229164805,0.2612332685915832
393.38941198177156,0.7424281587715392,0.0662337957820273,0.06819006870833867,1.9360826742595767,0.02446581551959737,0.9707745524404,1.2596395055329848,0.003237423329387875,0.06673477690277951,0.6334115080151711,0.01659525105743578,75.6942586871902,-0.08449072243236591,1.1351311893779643,0.05298499340749694,0.008285326504302061,0,-3.237902588883839e-05,0.04552870393463354,0.035444834187769586,56.42740734056728,-1.3645312565273653,-0.9382989041738331
394.1602893005056,0.7413416113352133,0.06649476514083978,0.06769994750559331,1.9683772206075338,0.0243695437692422,0.9624224218533581,1.2873549715803148,-4.9003174009388744e-05,0.06651245533731115,0.6328261523605343,0.01643384546435027,72.49513961924977,0.05280603907882432,0.7525843759829524,0.052601557894821974,0.007917637511487802,0,-0.00035513875581078154,0.0447617384048992,0.035608085968533924,48.22412281700271,1.1464151677500414,-1.6491183493580992
394.93116661923966,0.7409050575057968,0.06693730158818713,0.06706994940914761,1.9714102728186518,0.02449280715276569,0.9507390508305741,1.2653490825620297,-3.874286823073704e-05,0.06689238789876273,0.705205172200548,0.01656010465888103,72.4182568999,0.10973091062920692,0.8164253084426318,0.05162826655180866,0.008235246227822818,0,-0.00032915864658656166,0.04657443768796136,0.03547567974059214,51.93351574537901,1.7489398501254012,2.1258959341288057
395.6985870890108,0.7468134272389796,0.06631691413121521,0.06718831862906718,1.9503718809393793,0.024393001743232036,0.9365151529657283,1.2446671935651676,4.3399002675802446e-05,0.06686267265579832,0.7010878807794035,0.01638486580923716,73.03655400456634,0.10511478905620274,0.7209334609286467,0.05207212591628942,0.007524838542363367,0,-0.0002769510954158263,0.04454835016040177,0.034870598309198614,50.39896241410591,2.3310497334835736,-1.8808797400670407
396.47637810567073,0.7458319999282664,0.06726379730184047,0.0670736305820397,1.918413998681877,0.0243770749328397,0.9318868604469748,1.258195606060289,0.00320532060399207,0.06662801999634056,0.7019745447951311,0.016658349562085988,72.3011525952705,-0.010554952179487195,1.5573281795875258,0.05120233920423748,0.007949480187824836,0,-0.0010809622186186336,0.04410857855698058,0.03346028093425934,48.93667629328632,-0.8530652508267701,-1.0009885931005413
397.2472554244047,0.7407949593793657,0.06674178931716246,0.06731130693641423,1.9378597554299133,0.02455970349250027,0.9275734609780267,1.2348451732017,0.003295407734526771,0.06699138576951633,0.7079557503140816,0.01654014642744769,71.21114469134365,-0.08589608811285397,1.1140293032350927,0.05096414856505611,0.008331631947844509,0,-0.0002870430579183143,0.04386546963240482,0.029112274831672055,50.36383473059457,-1.8118056769421302,0.6810480954851541
398.0146758941759,0.7400583127879597,0.06685072308885795,0.06737226407982677,1.8625386601917318,0.0244183230507278,0.9502305169939532,1.2359771644831,0.006653875189567451,0.06676261239629362,0.7319218912749706,0.016395470553371184,71.96532387009998,0.11402660924276817,1.0955022444703861,0.05131534305300346,0.00814824153282415,0,0.0002401062586637563,0.0407938961816211,0.02573103415754926,43.64046978201103,1.4282834223526106,-1.1620302793055142
398.77863951498404,0.7367743329789205,0.07010603450898492,0.06708382056488253,1.8157658866727031,0.02467041150531586,0.9334154857129554,1.2542810342407895,0.006751381483891734,0.07036019675280981,0.7160090269115993,0.01604752116759363,68.3036463809073,0.11439868675909874,0.2933659964978622,0.05134856722751247,0.008470263261040244,0,0.0002178521566932081,0.03529675213575576,0.022240261186511158,35.35144988004248,-1.009591805681831,-1.857899717066092
399.5391462868293,0.7335838563554947,0.0697271793637788,0.06756212382670404,,0.024327148031854984,0.9067079498956692,1.2273129263251366,0.006797817107017046,0.07000961354131909,0.71606951208194,0.015266708155575683,65.72250558899572,-0.0810758111658181,0.78352319834379,0.045976219214124876,0.009601347507557636,0,0.0006387374518508404,0.03320867395398375,0.02156798855648866,28.842109851119467,0.5550224206536575,2.8997981441168936
400.2892825117858,0.7245949481310513,0.07354277078063637,0.067489651174141,,0.023912651979985267,0.9087388256368174,1.2343648912881042,0.006966399548896855,0.07344780630756571,0.7364410174154926,0.014930501848965574,62.13683908369423,-0.014183263293071315,0.6599796958785049,0.04138885784152197,0.009356534315967701,0,-0.00025718384583657707,0.03215239001645886,0.020832848478631417,22.332784003507903,1.7124132169784323,1.6651875276705002
401.0359618877793,0.7234832593821588,0.07334193468027098,0.06833369878085692,,0.024430854352588852,0.9062512902321816,1.2225827633012127,0.009950835731217,0.07335721273173797,0.7554654010912925,0.014869754575503442,62.55648319254734,0.05831006605364706,0.8435827800811658,0.03911380210314009,0.009510893623699872,0,-0.0005299273206085749,0.0315042294985586,0.019316699964759796,15.592878327266908,0.9996903294502438,-0.7366273653687503
401.775727565847,0.7248868715026029,0.07344724149971332,0.06860924319448236,,0.024303450448814504,0.8998315347134918,1.2610685459929294,0.010047734274263498,0.0733336005945702,0.7716370422701102,0.015043237265967914,66.46127979144941,0.03282014318040735,1.0193034759557027,0.038249500611081705,0.009759537885169799,0,0.0005442298019432487,0.022207263796900644,0.016243541698873768,16.121140626189284,0.2673201021567348,0.041973171616222826
402.52932063976635,0.7258485603198337,0.0734938323431702,0.06922468492733282,,0.02387636109969693,0.9050503717237985,1.2277628757813273,0.009955288485195434,0.07369206310163508,0.7643013698706792,0.013810050093038075,65.84689333900296,-0.07863408843538035,1.3288203731140968,0.03799266548375767,0.009594335101890025,0,-0.0003593824726813447,0.021290125900648927,0.01623296925200964,15.451186907706841,-1.2060960956443045,-1.0696340207466002
403.2829137136857,0.7273871470131573,0.07314132219205778,0.06983923668239427,,0.0235245065548618,0.9046373534666118,1.214250116497315,0.006621421251829746,0.07357865318741535,0.764263900612124,0.013674990513561623,62.11086648279159,0.004938468351169138,0.8624892303114914,0.03802188119535235,0.009564198298922647,0,-0.0003182493132901648,0.022514099472620324,0.016273675657564934,14.335554556746665,0.835105146069015,-1.023709031735635
404.03650678760516,0.7239079916974376,0.07029501053418115,0.070450100364995,,0.023719606881758934,0.9010307872117901,1.2623639060026197,0.006604473433202515,0.07050191987887276,0.8142516566692148,0.01459068689749365,66.18642204196586,0.16571779974958917,1.445808511457452,0.0378910093861053,0.009082839802188644,0,-0.0008241129347403778,0.021462583781375066,0.015616057393324579,15.989326042225294,0.37932930295422235,0.6340907762725283
404.7797293146357,0.7243375484825164,0.07039919692107076,0.07012213858714422,,0.024130507634813163,0.9063989727775748,1.2773181651753485,0.006660053274770795,0.06989676621977962,0.8226472927703897,0.01480367465954754,67.41408407724589,0.02312028946441089,1.525985919679948,0.03884808165124899,0.009763469334983503,0,9.942251839695267e-05,0.019395296064689885,0.015084216999588246,12.008936466201513,0.9751237476511736,-0.6633355308414576
405.52640869062924,0.7279493495589047,0.07019992909447482,0.07048745759598375,,0.024066037766285988,0.9245477389005843,1.3370745437256555,0.006597567891042666,0.06987237254649344,0.8250927995224636,0.014568750977143163,68.76263738950522,-0.04477228545203505,1.3918989879286938,0.03888797459975352,0.00956010579077208,0,0.00024002331765706392,0.020321974773889213,0.016179290713424534,12.467932484428797,-0.19455481247585146,-1.1275864118443462
406.2800017645486,0.7276514866374895,0.06314119343684194,0.07041480288648079,,0.023683200873005125,0.9075682450417353,1.2782524130823174,0.003228150706978711,0.06334825948469718,0.8189686452586203,0.014482838918296687,68.65297203721903,-0.03019593018640966,0.8627312215698548,0.04073760494738422,0.009531527323721352,0,-0.000343418523841475,0.019311332471644637,0.014636404087894331,16.462789006401643,-2.460321072152264,0.8544435266755842
407.0405085363938,0.7284525517085371,0.06324104527395019,0.07018230069055048,,0.023729533823880967,0.9260724598558836,1.2777451328340974,0.003195140936146459,0.06339815113189609,0.8248522867872261,0.014579882414747367,69.06780300327262,-0.08145371003566565,0.6298361791918274,0.040892317849061575,0.0103328958329353,0,0.00021325805756267478,0.01733192249722872,0.012147251969097276,20.933006119954495,2.3257964994342526,2.299625083531718
407.80101530823913,0.7292296655101865,0.06378996143471159,0.07022990171747255,,0.02403201514121261,0.934834477998133,1.3417271900566328,0.003388728698229289,0.06378473805635575,0.8240024575801956,0.014413634161354265,68.2736030039817,-0.05645330944639397,0.8043391929920692,0.0437781314982027,0.009760957737916727,0,0.0008422813871060156,0.016212066227842957,0.01200502149692579,23.592402701963508,-1.5245128828534842,-1.9281342257860035
408.54078098630674,0.7287671076852856,0.06331157507192782,0.0688397344920121,,0.023496884114962594,0.9408148130556134,1.3532269221005297,0.0032216196209046808,0.06330729325188224,0.822416397874269,0.014746126436014117,69.4657081277644,-0.12646071665940803,1.0512626157316596,0.04692187178563615,0.010053409431025003,0,0.0004046210022498368,0.017636122120286556,0.011834817658139249,19.289348310855353,1.5411036320820446,3.760925818206487
409.2978309091891,0.7309193225567927,0.06317180500918296,0.06840507706165005,,0.023022023643004125,0.9213076302366361,1.2782825074967938,0.0033815562926308236,0.06298868620219718,0.7646149199239162,0.014662553988060144,67.46103396762128,-0.12420000990732889,0.4807053038799517,0.04644799592323385,0.009305391107117528,0,-0.00019865777116412093,0.016736362796908887,0.011419186191795185,22.150414130669784,-3.119136740712277,0.1223760719947481
410.0617945299973,0.7340622057060768,0.06321450806356045,0.0677108503085394,,0.02307998738921764,0.9067747511418234,1.2531217705627877,0.0033394848197916597,0.0630046223948619,0.7715655187600687,0.013989586336391005,66.22462379809797,-0.04472519603265899,1.4794588591579467,0.046593605923650944,0.009892515753525538,0,-0.001236053451698133,0.01673455340467033,0.010757376973134688,28.65597991275822,-0.8802274585805636,-1.4745614169162278
410.8188444528796,0.7310790111312331,0.06331019885765898,0.06726949722348166,,0.02290899340254971,0.9211995574719147,1.2781929685532256,0.0033190951118301773,0.06349425547149351,0.75546995322306,0.013978190280643236,66.61750885769442,0.11547417981634606,1.7138409096762395,0.04989768086628153,0.009395939518778406,0,0.0009363244270685991,0.014496063396085189,0.010377670734329261,28.44895518138163,-0.560901040218499,-1.351668748067376
411.5793512247248,0.7339136357506769,0.07014125293287488,0.06625993598210707,,0.023338916242971634,0.9166819280798134,1.3492045659898162,0.006760132701076117,0.07015993340145547,0.8200453868489935,0.013526790957166602,66.80986233416459,0.02623175030299556,0.5941440022598634,0.04695463031321974,0.009889612255029198,0,0.00012998569143295435,0.016904814286564485,0.006870413751022937,27.832055176608243,-0.41567535787365206,0.14482740260933052
412.3294874496813,0.7313928859874392,0.07015925575396302,0.06642273325750672,,0.024524650545663346,0.9145755618534162,1.3549966519580556,0.0068841911267433775,0.06998313375724831,0.820878823376458,0.013332240575656561,68.73831528250913,0.01962654267116675,1.111488228442325,0.04555223381355575,0.009181703316771001,0,5.969546259802245e-05,0.0166254935065538,0.008006460523998428,30.046199229514535,-2.2288170073204383,0.9968625638677497
413.1003647684153,0.7355083909558637,0.07013020273019249,0.06692276612196711,,0.024560376417968325,0.9220356517168673,1.3465181813941127,0.0066930586440599625,0.06994893386375386,0.822483054361538,0.012510126063771209,64.09376821035146,0.0363599158364786,1.3887623103740365,0.046708668856415884,0.009840984369888341,0,0.00021306998395566098,0.014439306795078086,0.00658470399442827,28.07079314248511,1.7284346192692945,-2.016663933500636
413.86432838922354,0.7378522376432216,0.07019515806696663,0.06659218924396847,,0.02456183568518536,0.9319800588454901,1.3566233372977932,0.006638711684196703,0.06964984471891712,0.8169094048153354,0.01364536937698246,63.971882499925734,0.035162541973672155,0.9665721865341745,0.04680369213841263,0.009566080319366002,0,0.0005778462703465065,0.015024450335924543,0.007607153770321222,27.22955526945859,-1.6436463864637352,-0.2743006254657676
414.61792146314286,0.7399221591014365,0.06968584138842795,0.06656348423433531,,0.024851351072284786,0.9700889870930605,1.3742786520247188,0.006540421067270685,0.06997604913287771,0.8301256627289129,0.013828264673925665,64.25384426859684,-0.026844249110599745,1.0550342488690911,0.04673401559290543,0.00992771411829344,0,-0.0005487495025668559,0.015222843842402248,0.006768304440148794,27.596211269407462,-0.3778599935221013,0.9269624710225645
415.37497138602527,0.7394848784155589,0.06958686410759815,0.06627890405338782,2.1920610837223515,0.0251208076567116,0.9752786816032686,1.3840934950083212,0.006724731400092792,0.07004987636792136,0.8237658710985634,0.014221401460663773,64.0969103747934,-0.049893710383759886,1.1617892478352483,0.04555481298080974,0.009573542070044972,0,0.00035400124714072434,0.016248057927894084,0.007810791518380316,26.507570158926743,-1.8418257769729012,1.4931531627448427
416.13893500683344,0.7383132930511533,0.06944326294470841,0.06678023951180985,2.2882856159803704,0.025001274113660862,0.8854923347185265,1.3526334667649669,0.0064887405150742235,0.0703524702912754,0.8220942612714949,0.014254027350418643,64.06629131750289,-0.001544793327918261,0.9600506450956766,0.045017186563067454,0.009267394735657554,0,3.3977073001814856e-06,0.014908456012212766,0.007144587527704894,28.685970473486215,1.5155078988936816,0.25516214764816647
416.9098123255675,0.7385201508857603,0.06981675613212639,0.0668344021725295,2.190736786042986,0.02489019606970963,0.9643685617735772,1.3755989780241316,0.006649304465582384,0.07021845775574631,0.8308917172635709,0.014295707961545464,63.69795989672779,0.0510163517764438,0.7610257591910989,0.04193090294994862,0.00945323099466603,0,-0.00035725633224514586,0.01667246484188825,0.008075840959185064,28.187050268707182,-1.9401564347106695,0.12969181240462696
417.67723279533857,0.7363579522917472,0.06985533096427363,0.066819173821008,2.1984200431261627,0.025821781653768774,1.008828901891237,1.4289966577228803,0.006748363655300781,0.07031785989010492,0.8623912161442291,0.014231697431590841,66.5266496133055,-0.07845232125917642,0.9668705813714824,0.042517155557173926,0.009543369008783479,0,0.00011056482525539804,0.016330038430268253,0.008021356788441581,26.825565724812204,-2.099294122832905,-0.8430342989791288
418.4411964161468,0.7417013797281619,0.06991890128069166,0.06733421174312575,2.2308639730173665,0.026318873130991956,1.0254550160045643,1.4221881786730088,0.006487219166739579,0.06973401227207002,0.8668841905073993,0.01497081727475689,69.35756347408658,0.0391816522747785,0.6587815061787545,0.04224182132467185,0.009372383499522068,0,0.00020010282944204767,0.01873539643121898,0.009405793867723024,27.54335551675732,-3.0708011154984365,-0.44013990942288417
419.20861688591793,0.7379225855026307,0.07006954458243622,0.06766794569803794,2.212846612872568,0.026097536976912142,0.9944818682160811,1.3759419415543768,0.006705733461299331,0.06995675042312337,0.8614756629465945,0.015281367052019764,66.20798929233777,0.05209557701994587,0.7897333123974537,0.0390196906196658,0.009039894383717124,0,0.0007408397556463425,0.019711312515855398,0.014475746861030552,26.10658923145766,2.882358848801048,-0.07550881675344183
419.979494204652,0.7410711215270083,0.07002117973741612,0.06831204423199164,2.240111454288311,0.025609435389181454,1.0070424138257346,1.417624132426119,0.006542266280874917,0.0702533330410556,0.8641926205837799,0.015043857826106049,67.09442327052423,-0.03358237168942335,1.211656832271581,0.04139169026865794,0.009468956702487166,0,0.0006528148163210026,0.024726409279354603,0.016011235590045924,20.490053298189707,1.1541983910745086,2.7848981273110796
420.7503715233859,0.7416882778422634,0.06966158099550215,0.06847804830313618,2.232090645476672,0.026388553069404727,1.002644253235086,1.4146361941028016,0.006504351914833767,0.07023594977356729,0.8570136505783127,0.015268718637851123,66.92839308967324,-0.014700663239714418,1.2225623547072026,0.044349740630676135,0.009254629094010001,0,0.00048143728094500617,0.024943695894966995,0.015552511293773663,19.428927440461496,-2.7974980422550866,0.316704261989589
421.51087829523124,0.736997014529485,0.06994311947051456,0.0681149331042544,2.2151571706814193,0.026627870624236175,1.0022056081360133,1.3436305922624423,0.006984348094799323,0.06987603287432778,0.8546541600446169,0.017462340178899464,67.73541296022105,0.23553259350539635,0.781755315553334,0.044200318726605604,0.009088067590717163,0,-9.525604700022145e-05,0.02342001621771213,0.01367826709440275,20.43224091238331,2.325444348108107,-1.0336488523568261
422.27484191603946,0.7414599125580201,0.07000715749895878,0.06814549170612313,2.208035829924664,0.026498212706204494,1.0063968187922432,1.3424335974162003,0.00676975205010989,0.06998760957095647,0.8592400164733968,0.017464598924796314,68.12695822217259,0.0977005055396667,0.740938622573257,0.04222956880242789,0.009304840917116353,0,-0.0003265306808265659,0.02419177680178452,0.015371601698713492,23.00169447479889,-0.2961602019829117,1.9229114104618514
423.0422623858106,0.739012270686637,0.0698088916986981,0.06820616520890553,2.197233464169481,0.026397321232895763,0.9992001911043623,1.34993326259886,0.006583531210606532,0.07017775689829776,0.8560889675943231,0.017388684144470035,67.20550636801192,-0.03785437562133918,1.2531304811892325,0.03927791678600033,0.009530217513163085,0,-0.000447012858354856,0.026310682422761786,0.01496336363340862,22.574880746103354,0.4134556613230395,-1.6172160313594584
423.8200534024705,0.7391551992690553,0.0701501820475029,0.06814537635806962,2.1887802044962448,0.02699096446525083,1.0264734532813946,1.3512920223939613,0.006591265659706916,0.06966585618490848,0.8640914116427362,0.01758665684480266,68.56106350179297,0.09789943034755415,1.5762631921443944,0.041336744545339435,0.009523451220458602,0,0.0004347940092274952,0.02512130839787612,0.016890631405108172,21.777518920299222,0.6439892245021912,-0.5464823832459761
424.5840170232787,0.7446280723794927,0.06974354480674476,0.06848870939641791,2.2516676068502615,0.026572834201663356,1.0054335683857634,1.3730456908064825,0.006821179271743662,0.06975352208750923,0.8590032565219347,0.017491861095970822,68.41277640278064,-0.025333382852201568,0.7228887362307268,0.043486550301009945,0.009337799101095527,0,0.0005315506460035881,0.02645252334345183,0.017541192586023317,21.801106654328557,-1.7136806146588208,-3.8873205128672095
425.35835119097567,0.7447202082604122,0.06317649496142082,0.06821719315800893,2.158933682777038,0.026712162175608734,1.01746218496154,1.3377702873790682,0.0032519929971714812,0.06303964823770286,0.7930434398166422,0.017729421958849183,71.07314490111554,-0.05141906132477106,1.0596492843968333,0.046706726652737014,0.009207477689922236,0,0.0003748567468403323,0.027912579044711713,0.015537810557056626,27.413032724020468,-1.8031810302139624,0.606463878498128
426.12922850970966,0.740192239881988,0.06356928137216944,0.06839308270789053,2.1887917864803104,0.026415014652334666,1.0254042526435476,1.3497101875787056,0.003258266467686982,0.06323658280778713,0.7981109790124306,0.017694250428018372,72.42150413521543,0.026549339640221634,0.8573820436226581,0.04643618233395309,0.008734389952757523,0,0.000271176625917328,0.02728261084007304,0.016536011430007238,28.93530747596045,1.878649877632766,-2.249713939560854
426.8966489794808,0.7462577021667027,0.06351535474084088,0.06833620789569089,2.1646980882914266,0.026982731717969458,1.0334331623822197,1.3715109368443803,0.003255011813227111,0.06330676742782049,0.7971897237925786,0.017474623335784877,72.61546114051275,-0.004062066838584065,0.641167378747145,0.044452620251389456,0.008828837011270177,0,-0.00017536336744860558,0.028111543864117537,0.01673626098729185,26.638139642552844,-1.5364254354709268,-2.431615137303043
427.66752629821485,0.7407996813129992,0.06693857078348478,0.0681214542009031,2.012040871790648,0.027218474837269434,1.0354204942167002,1.3543104835819526,0.003540198737192683,0.06664157615472519,0.7990853094307636,0.0180116152306894,72.5765502215808,0.061751111263334914,1.2761783300176952,0.046622251123810736,0.008639039318998905,0,0.0010731268734561266,0.027533220611867,0.017773322393492948,29.163164445452583,-2.1722279549342356,-0.0059578225507542016
428.4453173148748,0.7412192779107096,0.06679903254432938,0.06780224444001594,1.9841847046413843,0.02685670210671327,0.9953777766976353,1.3414018133261818,0.003409611271405293,0.0666547419914534,0.7939193290908062,0.018231598211682274,71.6529518270785,0.04853398065951056,1.443109793207786,0.047016158901154466,0.008050110755728358,0,3.063131302965272e-05,0.02789229249666385,0.016865412059452824,29.091442535058928,-0.5531364291887466,-0.5625828634344163
429.21619463360884,0.7421668404784445,0.06674041636226803,0.06791623836960403,1.9314152480060462,0.025317067387374825,0.9551376404278803,1.29062796948175,0.0032059201733850773,0.06666107461465552,0.7567999330293279,0.0174800010059496,71.69189879758274,0.1864667221216698,0.7915041042520965,0.04845362858171645,0.008309921961405805,0,-0.00042860472836084784,0.02961545358340581,0.016563049427068377,27.5371009573565,1.9357863527009198,-0.6558238260746851
429.98707195234283,0.7439372461964768,0.06721964730175078,0.06691888360395648,1.9056511424257632,0.027190740712318414,1.0619914677852202,1.3625670608255356,0.006646444503516145,0.06649443485037086,0.7964245337537562,0.01766604907264265,71.01569296226366,-0.08022446219180908,0.3447488047448195,0.047071716175269486,0.00812167295880731,0,-0.0005040719795865972,0.02826371067154608,0.016711904980362426,30.434352443740188,1.8031824175369944,0.09273243609109257
430.74757872418814,0.7389863891803131,0.06626419436499142,0.06709101071273611,1.8044199206279001,0.02537178506529088,0.9534247005141498,1.2843079356693838,0.0033601158301020937,0.06648609167087045,0.7537345076295733,0.017021100794939896,71.71793253619973,-0.07312126761386807,0.5784700671256868,0.0495199164033381,0.0078648334160614,0,-0.0005948735082246893,0.029541210010541136,0.016458414603421102,27.313927310653774,1.1838001012301773,-2.0175116663294315
431.5253697408481,0.743160691317641,0.06664232624963111,0.06704580889608594,1.8133974661502203,0.023446900764340525,0.9415937396391675,1.294143624501623,0.0034101417089157995,0.066712550810582,0.6958689186620269,0.0162841621243364,72.16749345166924,-0.17711242001957647,0.4255361592286018,0.04881345232770149,0.008057091751489876,0,0.0003152605221560592,0.029362510813217804,0.01747204345855575,27.247811378717905,0.6030440883227765,2.6282194428025925
432.29624705958213,0.7429682601177305,0.06646133888138078,0.06676160819333027,1.8034336015294017,0.023486628940072793,0.928808470879204,1.2582712910121836,0.0035085751691979147,0.06666308873146329,0.7057998645620468,0.0158744468921037,68.58332836435491,-0.08981414839989602,0.6897289993110703,0.048954373704098386,0.008646697671057982,0,5.634375209205405e-06,0.02917432554318634,0.01585821860897749,29.89723634289395,-0.2555017116858973,0.6141016834204793
433.0636675293532,0.7430571409535185,0.06680186718298788,0.06690115974343855,1.7237123976919524,0.023537640893446978,0.9315335422654638,1.260875300400552,0.0035221372230318966,0.0664425628963226,0.693638868305166,0.016199462886462124,69.5679798717498,0.17221948684961985,0.8041712245670076,0.046391890017436474,0.008329879559659525,0,0.00031546144990094555,0.03015756702636111,0.016311468113053285,26.912347449486916,0.8661317729294508,1.5918730587293806
433.83454484808726,0.7438101486549135,0.06683798487634734,0.06654587122565518,1.7167269005761312,0.023568607437679485,0.9325167799425792,1.2612679966483111,0.006892314940054707,0.06706281160909772,0.724212943329703,0.01591033765264898,68.55203480713621,0.06765121618632974,0.5046091748259365,0.0485125270994188,0.007861047032093399,0,-0.00022530960723635712,0.029225574987657255,0.017071669010647657,28.061414239240342,-1.1211129076668005,-2.0181391124446506
434.6019653178584,0.7414697101284593,0.06639734500342888,0.06692446469258319,1.5964969470535115,0.023687674724218857,0.9358741608718883,1.2384725702188026,0.003100329918383571,0.06722178837855775,0.72879697389036,0.01573335020717019,65.65497801961314,0.061643414719379,0.9291157190124624,0.04882302070003242,0.0060616682779936456,0,0.0011352379362336608,0.0355756839393447,0.01534278896312546,26.838417537828036,-0.7571361458840252,1.1503660259612254
435.36592893866657,0.7433623800059306,0.06677052889230693,0.06667947644418454,1.622222156666315,0.02345634731304948,0.8861996523767434,1.23962385663314,0.0032557909530657263,0.06671702614638005,0.7036386664567096,0.014217545485744002,66.80360881548177,0.08912509334065538,1.3308154372835186,0.049844280656267975,0.008306999617480241,0,0.0006044662884477453,0.03515269525531746,0.016345293306149995,27.39626139683057,-3.297560154900676,1.668614627925303
436.1368062574006,0.7409784799135007,0.0667686573080688,0.06663176995167612,1.6023108788264726,0.023591467530351504,0.8874893112586945,1.246328551216029,0.0033957474266898373,0.06638729693680513,0.6993588411572162,0.014401135657028628,66.51571432893935,0.2536230456347446,1.1471294884877692,0.04929761201042632,0.008024311632924027,0,-0.00023600511131777042,0.033356356482322845,0.01623242593865017,20.991847096846648,0.8472629778299435,0.8357943810803787
436.90422672717176,0.7381396842763869,0.06629509039519595,0.06734152823918925,1.5851984783967197,0.02361343260409949,0.9397515393042589,1.2657332332672908,0.0031474609472063276,0.06656382600821853,0.7334900700872192,0.0137364197179744,67.13261313409222,-0.03286718521270756,0.9904385024724898,0.04996349456731971,0.007222573154697409,0,-0.0005743248087841183,0.03460696078142481,0.017441056110278397,21.036046879325976,1.1092029682696751,-0.38412242212088976
437.66473349901696,0.7385661085864896,0.0668458392773973,0.06721197138463747,1.5846945886453734,0.023807181863175778,0.9303578949168725,1.2652300005036097,0.006768121232533802,0.06668319853388306,0.7632336122039388,0.014127961489927178,65.55375812417222,0.0021166448935331043,1.4070832396573756,0.05007857308500737,0.007366311436067405,0,-0.00038037632178854907,0.03419172982748003,0.016610700426435428,22.767222539345962,-1.1056745907988732,0.4164043042243257
438.44598136463986,0.7388467744926862,0.0662641209447529,0.0671469660673714,1.530278550815506,0.023599459633642534,0.8941037413412747,1.2552741589188088,0.003365824884440618,0.066743255360865,0.7326439335332162,0.013860783099614181,63.61245129647628,0.08941469469881516,0.8938947127208411,0.05005505235653593,0.006152788535470661,0,0.0009438280908208898,0.03513902267671549,0.016523983746316064,20.436542569959755,0.16594912729378025,0.030704976496595947
439.22031553233677,0.7335497748311477,0.06660545405651291,0.06727800198609084,1.5314960624571687,0.023667372976992795,0.8853249696875678,1.2536612721859741,0.003410933865005286,0.06643058544036748,0.765677415291339,0.013868366768393325,63.958795722927974,0.05849159705170007,0.8926471906048832,0.050644735583538575,0.006502197203642957,0,0.0004004689425246456,0.03490420480580998,0.01627237500162554,22.40355957102342,-0.0038781158986611313,-0.3104202141516242
439.98427915314505,0.7390640608929505,0.06661457386513105,0.06745984707420606,1.5744446866702804,0.02402755374825611,0.9415268603485858,1.2674966100807687,0.003420924858684712,0.06662223854877267,0.7909687367221385,0.016482489708980304,64.46368793134853,0.13830162884040945,0.8247752413814553,0.05044676430786143,0.006261324393328802,0,-0.00015799291338192614,0.03258233631348137,0.015330908125289559,18.99562403523957,-0.6785398215992485,0.5854438139027839
440.74478592499025,0.7323208627103232,0.06702707298258172,0.06691941927494448,1.5706931683512486,0.02413881940422495,0.951244643841552,1.2542963889189513,0.003366637661213199,0.06670364908233499,0.790956687650701,0.016293121891090837,65.94141409392218,-0.0041368187100926535,0.7851177677720758,0.05004436198414261,0.006132240322228862,0,4.703468369218973e-05,0.03177899847070437,0.01588755730964962,22.219235067726363,-0.5218076326508596,-0.2171442371051742
441.5087495457985,0.7345192578728726,0.06683209343489888,0.06736995527407624,1.5364344564810342,0.02407861751426092,0.8933251367515969,1.181996247054142,0.006792715212078319,0.06684434497770102,0.7670038572828559,0.014032299405778595,64.48134551212857,-0.03054915564247898,0.8558068540965316,0.05180524780738865,0.006443624399445078,0,0.00021559261843243197,0.032825918808295114,0.01481515530067049,23.611000988435002,-1.0286321404467564,-0.14834332223412644
442.2761700155696,0.7330916422785055,0.06683417213422631,0.06714808515516613,1.5268633433514318,0.024225675348915888,0.8855623012001471,1.1713176441446833,0.0065788746533611275,0.06625320291407677,0.7926025705988707,0.016527520224171734,63.476649079558705,-0.106524050096122,0.8795286163755545,0.04974284703202331,0.006619057392867094,0,0.00010727264815030572,0.03123557117214004,0.015466342462280064,22.810330037747782,0.3217536317760444,1.6834610650480326
443.0332199384519,0.7323477699116622,0.0666591978294306,0.06739576193841956,1.489978393913216,0.025470862676448786,1.0402918558679477,1.3246144990348256,0.0068861136000255545,0.06658838987531837,0.8327528378384672,0.01303958428558951,69.28583267011119,0.016428706151472624,0.8385965313912288,0.05001640318365191,0.006906397728601639,0,0.000510671333469901,0.03371410611912587,0.014687870118988847,20.256898437545566,0.35261496155111766,0.18178685674446968
443.78335616340837,0.7293568405367923,0.0666692483515803,0.06746274089257444,1.5240441048650542,0.025209709620131172,1.0349155095377838,1.3565005754486197,0.00632660411813644,0.06669466329814105,0.8359462621517171,0.013109637300833483,69.70706506479388,0.07918954005131969,1.0367310264636993,0.04959330629826573,0.006542927829025437,0,0.00044165084057881627,0.033576352295712555,0.015941828865851954,19.551505502458582,1.1957880839396717,-0.5057580266139681
444.53694923732775,0.7332813167919632,0.06642662691411358,0.06722520312260491,1.504476026289973,0.02431386263162265,0.9092422103320399,1.32931547731629,0.006689917981349251,0.0671077865210119,0.7919072191765446,0.013353100932216809,57.65742158718823,0.06913425276825545,0.2704572156190338,0.04909792366227117,0.006728175094237676,0,-0.0002590352528786931,0.03407794020749294,0.02169398280047588,18.875830493442056,2.2313063260012975,-0.6329273348994702
445.297456009173,0.7237920417520506,0.0667506277900538,0.0671102761485084,1.4612077285354004,0.024277257050477424,0.9018651805355172,1.3285112694086316,0.006593179258189879,0.06670232855392719,0.7530412009662365,0.014871646247968683,59.220299653122616,-0.05759501650184984,0.6042761367621972,0.04907636898640823,0.0060585249755112066,0,-0.00017938243750462483,0.03579275830842648,0.02120056149635469,19.84255846355313,-0.06852147980550008,-0.4761864913389598
446.0510490830923,0.727150130201856,0.06666330683481356,0.06700123998611207,1.4913994637148524,0.025862752198587264,0.9531502523327515,1.3273959242314508,0.006472963701111045,0.06697038323373723,0.7605072764599567,0.014937226845737811,58.98036657208982,0.14780462929407184,0.8404029708547462,0.04918505078352587,0.006235540405784011,0,-0.00033496054741716296,0.038609816951710146,0.02121691084853286,21.926249446823466,0.8116750392204675,1.092601243467146
446.7977284590859,0.7274729083738265,0.06652427709062872,0.06736310867663999,1.5078698792222043,0.02587061382382286,1.036631468616835,1.3447949780956816,0.00652774444396723,0.06676186022550615,0.8335630959444583,0.015971899449339817,66.64708882738789,0.05129022605517962,1.186849049220029,0.0465599056139754,0.006462967204265629,0,-8.365791348714417e-05,0.039706600707210875,0.021905005666567827,22.766251525957504,0.6900729058135872,-1.1622339775385582
447.5374941371536,0.7210015048475434,0.06678259621020553,0.0675174003555542,1.487470833848766,0.025884679530215872,0.9540141010684244,1.3339767198958108,0.006626263828705995,0.06666665949234711,0.7599322200063185,0.015502749243580477,65.60733074228611,-0.03847606898344511,0.6039552404202171,0.0472518971625842,0.0064975419119805,0,0.000771446631582066,0.03926106433783247,0.022433677351909785,20.287609194657286,2.3178319946241914,-0.8757185279705634
448.2980009089988,0.7226137562410896,0.0668154652745088,0.06701384898632733,1.559690635811612,0.02530948034473617,0.9152924864783635,1.3596339783083884,0.006822255188034245,0.06687630653518505,0.7438244518121625,0.014848313285348885,56.665050711378186,-0.13907997376854847,1.408053348350848,0.047141365580234657,0.0061647365149947765,0,-4.6222486171684344e-05,0.039930848086288835,0.022565744697593156,20.297074641351,-0.5861026650024653,1.6264936552880866
449.0481371339552,0.7206745151580878,0.06671801516818873,0.06766278228795947,1.641679107582507,0.025830974013771154,0.9494402327676816,1.3975014417280767,0.006756582360527928,0.06659807420538873,0.7527851800933846,0.015023527114755183,66.20707284194444,-0.07140515523055306,1.256619036599104,0.04652621569486171,0.007078122267979707,0,0.0005918565439383079,0.040561394218983,0.02402034308337646,19.8069840350016,1.6000920993399472,1.5202139288711374
449.7948165099488,0.7208341378090857,0.07038886860798946,0.06767668368167638,1.6420362909453181,0.02582488777826067,0.9496821995516564,1.3836978175267503,0.0068432366633671155,0.06963925653010533,0.7606281512128132,0.015087094778351308,66.81604647730954,-0.023896324985962485,0.7163097390972115,0.04679510519663396,0.00630243439423415,0,0.0012087467661645944,0.04020696301537524,0.023546391053058755,22.063892363564804,0.00711684729805803,-0.859358135753371
450.5484095838682,0.7192750941658126,0.06986379451414668,0.0676392282746676,1.6629373096940028,0.025123109304392186,0.9434995104758169,1.340474148273226,0.006798295273567071,0.06982722668336705,0.7385323831199555,0.014776108050690302,65.12925995821051,-0.054109868407493,0.7072068871939841,0.046640237693382804,0.006338521847213727,0,0.00032234243294901224,0.03944357632593819,0.026614908613017574,21.492739136352906,0.48441960461860906,-2.410238381306316
451.2916321108988,0.7190033915420827,0.07001912073223775,0.06782087007492907,1.7894366431431101,0.02529813685639982,0.9347525084102232,1.3464855069770385,0.0066473918631931375,0.06989621641597478,0.7502491126859933,0.014856545187120533,66.53270170329317,-0.24364919082663183,1.2008935841252113,0.04777313613691978,0.0067916728569902135,0,0.00026469042561040005,0.04089848588200057,0.026791004189004493,20.410779212836378,-1.7453790187212344,0.3444527485612927
452.03831148689227,0.7196237805571556,0.07002751247072551,0.06792964379510202,1.7423230708015178,0.02581283859329048,0.9557196815390107,1.3873767300363107,0.006527177981208248,0.07026155682988951,0.7632830828566747,0.014874229410071636,66.13043535697597,-0.1737668425369843,0.8441177400986092,0.04808522251826506,0.0077779235057688426,0,-7.316265930335756e-05,0.03915944158252871,0.02621398099316019,21.537468247653393,0.1236570241877734,0.37127678807308656
452.7849908628858,0.7184816906351359,0.06960212834901454,0.06789805691454495,2.052141751532223,0.02639186057608486,1.0000976677992848,1.3911999172027922,0.006645176706704626,0.06983894464620867,0.8037512259740112,0.014995375650679538,70.93490346662998,0.025867004552207334,0.9567974128207186,0.04765063030313698,0.010179998190032881,0,0.000695369385907424,0.03849683749170657,0.026152110528821184,22.762258655221814,-0.09966852000481613,-1.9931186468481528
453.5385839368052,0.7206431963341635,0.06977154141405874,0.06824067507192332,2.0558058403046293,0.026519317558540898,1.0003541119566668,1.388550806247076,0.0068168917150008175,0.06997426199828514,0.7990215884406039,0.014764731036588385,68.71434845357031,-0.01967742187660193,0.8172883542182836,0.0480819729167264,0.008919651687605562,0,-9.371459660328e-05,0.039736190805607335,0.025977605201099825,13.673913849478978,0.41869365980116036,0.8164329074483987
454.2852633127987,0.7204458599770126,0.07004315853990065,0.06854669947843967,2.035192087802822,0.02564320675088986,1.0014884960754695,1.390845915240837,0.006767961810691355,0.07020436939052167,0.7790567401603514,0.01470614770433149,69.40003800871716,0.03553646698019482,0.8216434158986888,0.04846312420190319,0.008932463725489307,0,0.0003343594049131431,0.03754716813109429,0.02586458569722235,13.794990984149095,-0.638220947436711,1.3907543511711051
455.03194268879224,0.7164329056284897,0.07025799733625183,0.06854829197929443,2.099475047622934,0.025422753636872852,1.0016220250557963,1.3159917026674592,0.006714264848836871,0.06992661625642073,0.778033431865749,0.014838355103652404,64.35814725193315,-0.1282815951975632,0.7464343750140502,0.04820665366838784,0.010869552072194484,0,0.0007115709856936436,0.036237816574242264,0.024414625423721952,12.89442510724087,-0.720246913007963,-0.7940184027634482
455.7751652158228,0.7207869702072971,0.06984879881430854,0.06806418571873417,2.2299500207885687,0.025426023549982836,1.0267391641801615,1.3235431096808792,0.006404594398216377,0.07002121825177961,0.776347320709253,0.014890375216044086,63.600514676781366,0.018443112179160837,1.5248044560844565,0.044610656857261885,0.011320980210721664,0,0.0005630443813569066,0.03306107229505364,0.020253317298363566,13.84211890653018,0.9555989007977448,2.584992941106198
456.5218445918163,0.7196156448892108,0.07014215108403295,0.0689766392041522,2.2503039811094854,0.025673006111299482,1.0205197350767714,1.3164645168998084,0.00673208625710761,0.0701476055347291,0.7752012965373419,0.014581541666988296,65.05855582026999,0.10437397453207652,1.3840936397825578,0.047872746609805276,0.009198961707803361,0,-0.00047234445885301855,0.02991126914270301,0.020220076901154793,12.853808758793981,-1.644406538937607,0.3687142896758661
457.2719808167727,0.7143800112904404,0.06992018753286547,0.06903916189071212,2.2287084617148754,0.024983578239485545,0.999131383494361,1.26951190474432,0.006630250065992007,0.06959470844468528,0.7857122032454169,0.01304431719804775,63.220213897627055,0.08811428401369567,0.8655258979346869,0.04706922698723969,0.009400506863827214,0,0.0003536043785764417,0.029528762509655103,0.020244973315487146,14.32141167383172,-0.20956741567690954,-0.9582617373863057
458.01520334380336,0.7209972288458163,0.06992759311381325,0.06897584749543213,2.2615154591593734,0.025463014316080182,0.9987598060771395,1.2676789926579974,0.006815778665481483,0.07016356388419281,0.784596629552143,0.011787984682234616,63.02842664259615,-0.03841706803108888,1.0854318572852273,0.047396697118101065,0.00955520273696783,0,0.0004158405524017702,0.02937109454118245,0.019722242519471286,12.380572883396074,0.8124864825118286,-0.38509733072413505
458.7618827197969,0.7192378097494462,0.07021715178772236,0.06934709018422627,2.349360793186788,0.02578716742127354,1.0026592132408647,1.263159637000882,0.006492025542397601,0.07003673378518593,0.7848660013108575,0.013401249218566495,64.46536939719688,0.06569575805199553,0.7676987937916844,0.04726379506021292,0.0109552744418082,0,-0.0007925748492474113,0.030206491371375325,0.019858612853397992,15.086272442684644,-0.11873725154111413,0.8863261717548465
459.5016483978645,0.7185141705213166,0.06991912945880693,0.06956047983594044,2.3436416781239005,0.025033173849372453,0.8672212283423585,1.1749852943687584,0.006588843685364242,0.07010998339564532,0.7788239181466751,0.011630763507230203,64.38828950279407,0.014061791415375023,1.4902685059701057,0.04703751033362806,0.010613661798564123,0,-0.000291823179827481,0.030245047866416533,0.0193919194872806,13.916600919187056,-1.5619343760151894,-2.144478300148185
460.24487092489517,0.7127830796668829,0.07083663784254965,0.06917081111968654,2.3659422991218295,0.02432440281310513,0.8691060111007699,1.1855749641740727,0.006523868703195443,0.069814587894291,0.7567455704098037,0.013021614828165492,64.75527579556831,0.06218430657534149,1.477272089261194,0.04747968336099089,0.010935682734085376,0,-0.0007595771417496957,0.033939353982964944,0.01929544135658097,7.029172565758649,-1.336869032345283,-0.13160834868381682
460.97772290503696,0.7133285491958024,0.06967990090882879,0.07017704989823792,,0.024229798327089724,0.863998824848712,1.1771504905850179,0.0066974988302101685,0.07017223657237673,0.759693164233332,0.013429793148634052,62.109803940036166,0.010858188009065883,1.5590254917669064,0.050821409115285654,0.011197528881285201,0,0.00033992048933886615,0.03274196463836315,0.018264467955925432,5.955809099790573,-1.721995110719075,0.03512541182588571
461.7071180362158,0.7136547526788567,0.07008148005603478,0.06980604758811382,,0.024950996744468178,0.9441910227678706,1.1846355988805388,0.006680266917859573,0.07043403114787528,0.7805892649027115,0.014782914034983628,64.35528895307098,-0.04967095025112631,1.019423217777431,0.05109598616335568,0.0162842371147773,0,0.0006216538394867781,0.03266681662743868,0.018471564391251964,6.832155963721205,-0.10494551219782558,-2.701584446628566
462.43305631843174,0.7151105896391984,0.07013451175348437,0.0698507052073164,,0.024593816878583422,0.942628592250873,1.2046408380881974,0.006754344432035638,0.06989508219998693,0.7859376118277732,0.014781719034337533,63.257902580990766,0.09427763563296056,1.0409483506072947,0.05093152988060442,0.01731496392682515,0,8.733283934930218e-05,0.0326146325461696,0.01890875777137333,7.07794740237462,-0.9351678155244423,1.1879686158539322
463.16245144961056,0.7105828845353487,0.07006306202762627,0.06975694405552069,,0.024574740419361883,0.9457381534211798,1.2017460000509022,0.006679302708825688,0.06980911109332831,0.8033434011115417,0.01500883229513059,62.244396040994694,0.15497283031652984,0.7404533453058333,0.051707706464666936,0.017376805858387676,0,0.00021790038679420006,0.03324991462129763,0.01773208981955511,5.658432638083558,-0.4427719557105051,-1.4015016624383163
463.9022171276782,0.7102268652105894,0.06972712664856415,0.06993971487736175,2.0557306468171896,0.0246870792415954,0.9308632335590985,1.285368974204663,0.006849892402793396,0.06965420362853364,0.8427474032500267,0.013126655820118726,63.385458561837645,0.05420689288234057,0.8652918953757722,0.050819436533138015,0.01784223181855062,0,0.00037454418612105665,0.03398651351905403,0.01963082959218979,14.604397298477123,0.271004011451019,1.4847199569959673
464.638525956783,0.7132922923907463,0.07010613523308282,0.06985626857238451,2.2173273027940685,0.02453780014573162,0.943740970405671,1.2811926142593475,0.006799350614650981,0.07022162343529896,0.8411535027042565,0.0150668040945312,61.860184468753424,-0.04664790114253318,1.0341799991868323,0.052207149434662085,0.020883514662886227,0,-0.0006898533128288709,0.0338393884108228,0.019030485493626955,16.511926076540675,-0.22926245471191625,0.6540049089285705
465.3852053327765,0.7136966132343965,0.06977995784289635,0.06928393871345913,2.387309184126608,0.024447226866993202,0.9371187320566785,1.2904006330695916,0.006842474084607849,0.06973934438579195,0.8424846321681765,0.014859514352247232,59.60090293323504,-0.09585995372398988,0.9303322299735483,0.05298298600973342,0.020857023158479173,0,0.0001327285743018881,0.032378300170455634,0.01825009280195598,16.886741217071293,-0.7963799141411705,-0.425596976666044
466.1284278598071,0.7150823532979926,0.0702380148056004,0.06995375994428173,2.4470842557835963,0.024711171218101798,0.9577719853525811,1.2965524885769826,0.006670644258566007,0.07011395457809168,0.8257633942528761,0.015025754133281454,59.306845826674866,-0.01407382171792946,1.519237872669767,0.05827629384797676,0.02436930803225445,0,-0.0007582497691540748,0.03177277623427178,0.017583313809637374,18.04739854929228,0.0061084480655781105,-1.680597864914474
466.87510723580056,0.7141882836730284,0.06999632472392414,0.06978176595954004,2.5700801116449363,0.02462911065515396,0.9618170885910499,1.3413624026615867,0.006580647780239904,0.06992685175569115,0.836195711584682,0.015052583667201901,59.43422884058842,-0.04367274015021666,1.206152191829727,0.05341319795601437,0.024353080539008594,0,-0.0001234239158635748,0.03331731581948799,0.017572003332815445,20.043836518774075,-0.15836865358350175,-0.7420820330348151
467.6183297628312,0.7167314253683673,0.07334456131766698,0.07049728014855258,2.593385782108246,0.02472809826742448,0.9716399338662306,1.39553085456563,0.006782699183946179,0.07329257257033438,0.8389093975020969,0.014920960777880948,60.56084822058042,-0.051360944703329886,0.9744229306192247,0.0518735186076715,0.02042862102409487,0,-0.0006444295870138851,0.02738839185303499,0.01827222678973932,22.363724560375008,0.24726786194383493,0.18917492749709508
468.3615522898618,0.7138463404756354,0.07371551577620726,0.07134760539650328,2.506269715889109,0.024530980532210866,0.9688422336182887,1.3956117595398716,0.006818352666491735,0.07320307742037864,0.8421707720392891,0.014987561379066382,57.39021701900061,-0.051142063938432986,0.8227280249993054,0.053240157989512774,0.01721692176397469,0,0.0004420122882958837,0.021933486405873927,0.015095612190030616,21.23939751048422,-0.8004583206531726,0.302532674086847
469.1013179679294,0.7165847498544783,0.07354476424027473,0.07114497456649935,2.5607859667282065,0.024533917329941226,0.9665665198631458,1.4132580013454668,0.006746391057755,0.07338774712878622,0.8403383770830785,0.011950936030438902,59.259051232897164,0.10719723520094367,0.792720778749886,0.0567545487231697,0.017344548007010074,0,0.0002076363226767862,0.021259718199555137,0.01433572045667758,23.057809860214196,0.4819654316670051,-0.4427692469568119
469.83071309910827,0.7176042412670138,0.08670092884137326,0.07161572015318264,2.565770108075112,0.02466988074591531,0.9774711707098407,1.4275132580654368,0.010246822775494418,0.08669558770417166,0.8363841890615051,0.011868612327656501,58.3863063437883,0.0886213147515545,0.876366774938033,0.058500963753410545,0.024060787708474425,0,-0.0009459426665040641,0.020824711534100482,0.014472089576032954,21.34846720028247,1.4796780867574737,0.7564631531251995
470.5601082302871,0.7165729450253719,0.08683431334497278,0.07166415221345963,2.5523326117995153,0.024718673208869,0.9694084665479831,1.427012724691809,0.010072628827988471,0.08659692115880378,0.8277785370848446,0.011231317945142823,59.8334661987949,0.07576512571030806,1.1801729414272495,0.058043930810065474,0.020806466924400736,0,-0.00010903787400172107,0.02077888817287821,0.014006623946893268,28.72849340284192,1.8438753330215403,0.5438918641357567
471.30333075731767,0.715313813032478,0.08677467703958318,0.07359621227680166,2.613057498111571,0.024951334324816627,0.9657150411213304,1.4325633074568707,0.009784194426586245,0.08658740175669052,0.8219098318758332,0.011204090382641632,59.43894067259152,-0.09002419336877635,1.037029592769832,0.05703271177820808,0.017267885955496023,0,0.00013847447772416055,0.019292276347686054,0.01357599623213542,28.407166367327807,-0.3089804214267614,0.3622029684626942
472.0603806802,0.7204044726162385,0.08656021797924726,0.07523503550116566,2.553112687162091,0.024746598233911933,0.972406872950055,1.4184932428681167,0.010016419713492054,0.08637847071487746,0.8180668525659017,0.011803956840720957,60.31069920392307,-0.14847920895543593,1.0451198323546538,0.05828207635019811,0.016436093871260528,0,2.6950774284340963e-05,0.020460619762628415,0.013701215052765071,26.561149340815035,0.1082410688658039,1.7916451169593854
472.81743060308236,0.7254394407163034,0.08686609387594149,0.0772655083547153,2.547510664898983,0.028660614832472422,0.9950307752451116,1.5389825598924465,0.01004378158526034,0.08687327447289349,0.9080437606213873,0.01130490639378024,60.009444139492345,-0.02283924537800969,1.4689958381040968,0.05953112935729476,0.015553343934293017,0,5.76641153336981e-05,0.019940297681970823,0.012804796818359195,28.65177205513828,-0.39933733755762996,2.554925221503644
473.5813942238906,0.7301249859151321,0.08646233398971516,0.078171224487826,2.610610219917772,0.028394201479829843,0.9814974434436565,1.5367113269707002,0.009948560068998132,0.08710030691955395,0.9083711462961525,0.011212955635678555,57.9320589667303,0.13972094097753127,0.8429833761550637,0.05626306264571713,0.015748272202192812,0,-0.0008132287329979639,0.018693837304408947,0.013703483919740802,26.570741774102913,-1.7026542098197055,1.2406319211471948
474.3384441467729,0.7277881014437885,0.08659893180407362,0.07977358827823727,2.5537480442833305,0.02837659739053865,0.9895292515781167,1.5414885754858225,0.009990401753534855,0.08647144145698844,0.9180426627080573,0.01092007044692891,59.98886724304549,0.015176544977471645,1.1599467216956587,0.04951954143274495,0.015023279329231108,0,-0.0001797089888730527,0.01925566749027489,0.013446298884350946,29.11220948094968,0.21901234581020637,-1.6313507413736557
475.09549406965516,0.7288714491403988,0.08651641273485605,0.08071992262976017,2.5242269090752565,0.028290026678343915,0.9927253318512916,1.5377529743456786,0.009978929558398325,0.08639712950332779,0.910329657230089,0.010787532078402308,60.745850003791936,0.001776548267632172,1.0078308880295777,0.05714946418587826,0.015369319168065016,0,-0.00017316672809981432,0.01998138130336517,0.013096679221459686,27.769436588600946,0.41386125065375756,1.5189228292320016
475.84217344564865,0.7308046439992548,0.08649304173874914,0.08142905859752358,2.561511632862553,0.028394497235593664,0.9847449786240917,1.529633602740772,0.010008884109951986,0.08681712513568471,0.9083434333375433,0.010925106604413736,59.00997589342902,0.01085516850086063,1.633450374516399,0.05674651158357263,0.014882916688180679,0,-0.00016201303650641247,0.0185032608786868,0.014045874094849212,34.75871748620334,-0.19609258998056478,1.4788850409384477
476.5957665195681,0.7288835681724919,0.08646313548547213,0.0819141322546867,2.510941427583944,0.028553320153167087,0.9882721250460106,1.533012817689643,0.010010082285023918,0.08657756095300531,0.9102340609279033,0.010593662275887069,42.83692493753208,-0.1684141800935787,1.3591096574359067,0.056461128645560237,0.01492137631781434,0,0.0004936702431807326,0.020181408639587742,0.014920758542460104,34.79889655936775,-0.04536078595096743,-0.0933881245000704
477.2352835777106,0.7281976993401594,0.08698326864058577,0.08170141996417857,2.5222754134155196,0.030273542698089455,0.985373016875422,1.5566912911636999,0.010114223146221223,0.08675582795492524,0.9039488376603244,0.010640892075388552,42.44146685964027,0.056737695628062745,1.3806036945461508,0.05029748968474147,0.014327365537172053,0,0.0013498572973413899,0.022274975871388547,0.014982194650380346,36.364093901774595,-2.1650585014834545,-0.48558974437577496
478.06147047985166,0.7269950840093734,0.08681780593051266,0.08322959546322886,0.8007305263113976,0.027585704275795996,0.949784931104416,1.524639114039356,0.01008874346810301,0.0863252669785059,0.8242677188858741,0.010791720495851122,44.51841451793025,0.0031567268606629614,0.5043486500164869,0.047831453443341276,0.014170281296218246,0,0.0011545748366860165,0.02517596998222599,0.017605908788322175,33.985582436050336,8.249087801850363,5.428600641993218
478.81852040273395,0.7233557289405783,0.08628769937877548,0.08296805406572645,0.8156936123450281,0.02754832902815533,0.9533779030444977,1.5221372390947,0.010192516305002406,0.08664431819807364,0.824818438990267,0.008543442881913128,23.436067518215204,-0.1572912108579247,0.7148872180200969,0.04806775835538406,0.014773909890896242,0,0.001654757562215389,0.0264981950333161,0.017985107249344958,42.921815676946395,12.083396274039481,18.68254235128102
479.5651997787275,0.7269718376169361,0.08688751503230038,0.08303317627488518,0.7608822427391947,0.02689257236870888,0.9496735310135248,1.5230393655070948,0.010041381298388182,0.0867194763254633,0.8096400578611757,0.008595333992521213,19.411362797118947,0.06414458602524493,1.0507917874160786,0.04853919560040009,0.01420405134092054,0,0.0015315839068783307,0.027260911930365162,0.020101292277026103,44.05597003466062,21.122338096569155,13.678950634242867
480.3153360036839,0.7275990305891434,0.08692133738555763,0.0825731774037399,0.7038675822558763,0.026857255512827936,0.948933734794939,1.4808082378392797,0.009916453356794523,0.08649503691855592,0.8029094231303655,0.00858928602972031,19.972873475819956,-0.006912682999177656,0.481681313305121,0.04841721572796435,0.014082224251734908,0,0.0019325871510473501,0.026288691444076837,0.021403438429080605,43.478289350511545,19.71865353542961,13.94544394509558
481.06892907760334,0.7303792835690179,0.08734718563613174,0.08325071771329064,0.7551267797274014,0.026515868191606003,0.9276835382570715,1.463012606003051,0.010120068389170945,0.08675588221368213,0.7943682218695305,0.008586156968662297,16.743350754901517,0.05552866693043544,1.1731952200104967,0.04807843249510306,0.013922414653530526,0,0.0008131859663697405,0.02671640109298428,0.02042252341777278,40.59024742964078,22.978059763013327,15.47656625437511
481.8190653025598,0.734066564674159,0.08685190972206511,0.08381548016450613,0.6763051371835309,0.02660016009025657,0.9470811278799453,1.4755925718571998,0.013309280197054556,0.08666455975211179,0.8050988742073012,0.008411076661256624,19.134772998360404,-0.0179399686150252,1.0022388487662222,0.045564995648949835,0.014244685979398816,0,0.0020906367479978415,0.026646985741959228,0.021949445881578253,50.61151585122438,22.804174230337033,11.909235804768404
482.57957207440495,0.7351021186004113,0.08678044449851663,0.0844082094659411,0.7239303346894832,0.02679715181562363,0.9762783942649302,1.4896698758388878,0.009944175705361118,0.08672562138628805,0.8126107750089018,0.009393279588190383,23.342996706005245,0.005227455187956972,0.7575450200263458,0.045703224554386274,0.014411638938988848,0,0.0007151615718774193,0.026888872805654624,0.022371567475583266,51.67140763021765,19.933713903948405,14.716662266695169
483.353906242102,0.7300796397942538,0.08624834419422146,0.08492718122859369,0.7121131315705543,0.026550242096503023,0.9688556630143479,1.4599985081458984,0.009892657081733031,0.08646713435043828,0.7934040958453396,0.00921060505113269,23.11542813019153,-0.02187278548401185,0.5643309081744918,0.044944593629674734,0.014015850539772272,0,0.0012541731885093816,0.024001155124868136,0.022045805989400424,50.90054650103704,18.913125956710935,16.648624703383756
484.1144130139473,0.7440293499036296,0.09014521547046257,0.08460438317023362,0.803146082133238,0.02416343429814359,0.9697773890440387,1.462499964226295,0.010066089530608106,0.08980599879772598,0.735306533182177,0.009125650760418132,33.540205121147196,-0.022327794778353102,1.150494699489231,0.046162007531718424,0.013852206232870501,0,0.00033724570472425954,0.025008852307732445,0.021901351344726577,53.51434085990712,21.042403725603535,14.815468824384627
484.89566087957013,0.742595943828365,0.08685937613082279,0.08459117553511009,0.8298449971118584,0.024075649581947068,0.9787800136332041,1.4654703563754001,0.0067272050455416885,0.08686610466125572,0.7297473956192096,0.009979452253377654,43.88039453154494,0.007257571001592153,0.9009137748176217,0.04582872183134382,0.013938921067508154,0,0.0019953300732086826,0.02343363411156643,0.021618100095560037,49.139186595368955,21.177479007888035,16.06903029962193
485.68727929208177,0.7487593625564778,0.08973610656166417,0.08395745569527666,0.8029506318227113,0.024225905159792862,0.9749153738548253,1.4641859996183764,0.0067299022355557896,0.08988173997564423,0.7334103147933818,0.00998320862283359,42.62136364364114,-0.06316287639827724,0.9109917647846824,0.045781641753188405,0.014083832400330256,0,0.0010986263396946694,0.02313760171695704,0.02299712207442519,55.86363973327555,21.48360983480331,14.52899992452433
486.4650703087417,0.7453262962931902,0.09005879902640894,0.08487891590523622,0.8647435332950769,0.02390903324586214,0.9802795878598556,1.398589768149858,0.006621916492916905,0.09008797336324424,0.7401468922920617,0.00989474747146906,53.90825034669497,0.14224541255764483,1.0471249616658627,0.04609700920940464,0.014970684878473008,0,0.0007970654085265626,0.023834300019407156,0.02182184236218883,58.29787952825369,22.883596897684985,15.755515352380861
487.24977502332746,0.748090936211947,0.0899106749019615,0.08470200561275185,0.8345890314750019,0.024033400389940892,0.9780624724138752,1.3998245201452777,0.006698154828563234,0.08985082438048025,0.7321383214283307,0.011043148203566775,55.17088477425109,0.040138270076639955,1.1435007730284699,0.04821536290223416,0.01369127939704263,0,0.0010062244080704939,0.022025907636144357,0.0184477661160426,57.370834086020274,21.88078608361389,14.432890416634212
488.0275660399874,0.7389867667102067,0.09020329761263299,0.08461661518219439,0.9220989524387744,0.02398892913137222,0.9642048349812052,1.3981455686436746,0.006918395697622256,0.09006468430210342,0.7364327714179142,0.011051094945450288,55.563427806849546,-0.002806848063604742,1.2103608028864494,0.04589279859205233,0.02915673081661574,0,0.000701007259491,0.02102428959086005,0.01553914597430468,56.462318594206224,20.894396278541983,15.030207135658795
488.79152966079556,0.7374800330855764,0.0902303244502155,0.08470681863249828,0.9295235000155834,0.02308523191188189,0.8870516883271374,1.2906511985389544,0.010033192018923174,0.09004295671969956,0.7167888959313977,0.010039390434467877,54.65221998704248,-0.13349815805849494,0.7617779777250298,0.04183981560706963,0.029397824090054737,0,-0.0001112459122517462,0.021699015699864516,0.015586976245187328,56.848259352802074,16.4203718875256,9.6099782647873
489.5520364326409,0.7340246737034716,0.08990839189381142,0.08461096322369731,1.0597371984250228,0.0227281720089966,0.8858063414373885,1.2871865899894934,0.010106074037182148,0.08984038455811956,0.7182077994975127,0.009769906078571197,63.62017017162998,-0.1583920184475311,1.371423189630689,0.041644057626507566,0.02904415083571696,0,-0.00027713850531292634,0.022323553081224863,0.014881332124063975,56.09567781295199,6.977344330943765,-0.3527114924237824
490.31254320448613,0.7327743391720517,0.07316993466211828,0.0844706462407423,0.9984625650429276,0.023086076133683187,0.8812419466477757,1.2806696208005466,0.006834889705683152,0.07306191366475549,0.7158355974253355,0.011158321706725172,63.017291653624504,-0.010521618043069154,1.1743946024941774,0.037740880146954876,0.030066040325737894,0,-0.0002022903169443038,0.019416273132452734,0.013127219563110883,56.93271847405427,3.152313956639553,1.5620868061998299
491.07650682529425,0.73577731002428,0.07296657215139078,0.08419019011187251,1.0971872648859167,0.022745217349230698,0.8808343851949332,1.299936013709492,0.00991294442930796,0.07325734800768573,0.7248670867846656,0.009698418344739987,62.96892647567825,-0.12613993518271135,1.4878010670575104,0.037772946863264635,0.03143287715163371,0,-0.00129000893260973,0.01999000813528285,0.01385849194681416,58.6884290381611,1.568941947099759,0.4622733953634949
491.8231862012878,0.7398919810906417,0.07339295679621115,0.08415526936998265,1.1112102797624521,0.022881850498763297,0.8810724437584405,1.2782479912069602,0.010130901801745962,0.0734588141858243,0.735968766027107,0.00971180870605854,63.561557078132026,-0.14033105711793536,1.0226908927115776,0.04204746472461895,0.029331896793931878,0,-0.00017883933984094613,0.01984984927906331,0.011811086118101959,57.28643223419125,-0.7515263971819872,0.4397076544380352
492.58369297313305,0.7349794365606516,0.07329239668587936,0.0828711867140425,1.0720880464730242,0.022726284639245302,0.8834102790163284,1.2858236575218032,0.006649553757051674,0.07357780117358169,0.7724759691977022,0.011064345334998081,62.87067949043788,-0.02763923098305203,1.1396800678228514,0.0416400305401715,0.025589428350654433,0,-0.00041054738512438967,0.01748517793000207,0.011882484135920763,49.84729640204031,-1.9465630074722018,-2.040157055876801
493.3338291980895,0.7321979597776447,0.07318619191761945,0.08296140188332529,1.1654632531509852,0.02270786532261565,0.8818485426138816,1.2997517543732693,0.009876423452934796,0.07332228740049068,0.7781898900736471,0.011759205252412256,62.27635507636476,0.04951122755148202,0.9830446471939154,0.03932574298937459,0.02568085161834377,0,0.0008931593359752783,0.015583622387322672,0.011142464608380705,50.34369140312122,-0.8858709759550641,-2.0777916016218523
494.1116202147494,0.7334205407426907,0.07328827530363559,0.08187868408935035,1.1714000648206586,0.023030776021125236,0.8807906703272104,1.2672142144500538,0.009999300423762295,0.07344002271608777,0.7649241571164107,0.010870861380135382,63.03562414448911,-0.13689904951504678,0.36916040284095664,0.04154858959973987,0.029065094688040853,0,0.00010526169913085056,0.01607747240826459,0.011074644286235317,48.6352242887046,0.9771138641811097,-0.8273128882950009
494.88249753348344,0.7325544148801114,0.07344821354514129,0.08028672227690432,1.1643327015965452,0.023050161638268667,0.8798525826657031,1.2565752918904425,0.00995482224051017,0.07357709202259245,0.7707140482826842,0.010943635844139757,53.46278864852208,-0.10115032908119226,0.4283269286107966,0.04238270184006687,0.022039638295809044,0,-0.0005394494056751794,0.01586632454909859,0.01110202889421342,41.71330557952383,1.6341306642047821,1.780306563348841
495.65337485221755,0.7327801656473495,0.07327378388522411,0.0800330040932095,1.2039652280761337,0.022992156208136612,0.8831434094688707,1.3072906029971028,0.010047032603491317,0.07341610362347838,0.7767040147898544,0.01137462979881364,61.40143604519134,-0.0039693248380041814,1.2156856860418785,0.04168533837764956,0.019288615105530534,0,0.00011397022408146509,0.012481541326285333,0.008919174998901457,42.27712579174473,-2.680279750240942,0.06192457177398785
496.4138816240628,0.7330211509565944,0.07353994054371571,0.07994807893210536,1.1759853111881886,0.022903978474250287,0.9090412481274647,1.291889737857067,0.00991673333952657,0.07328456840491995,0.842930456766275,0.012014627131425362,64.47529170992928,-0.11195564267250646,0.529004698923652,0.04605754566633571,0.018740932059218382,0,0.0010274794253491626,0.013430497048684173,0.008250450849564597,44.084788332360795,1.0677084937540187,0.20300198156439508
497.17438839590807,0.7359848796425387,0.08665746889247636,0.08052073115124098,1.202125537962352,0.0229537620447732,0.9024351654789943,1.2993278275171987,0.009905881990932766,0.08629493389181347,0.8396145607241812,0.011815553721384696,63.781313938474696,0.10074476772301848,0.7864932396860878,0.04590988319735118,0.019102327440929847,0,8.944289892179848e-05,0.013993430615264075,0.010285855087632335,43.55793126413209,-2.395015126958144,0.9486530853425763
497.93489516775327,0.72990079222794,0.11013394128740188,0.08056458977964441,1.1709554170149317,0.024365324332920168,0.9180620867955624,1.308502428786644,0.009985316748825182,0.10969920988180647,0.8659431921967784,0.011631993876163099,59.752358885314436,-0.22850907122563244,1.067080731648348,0.04638309564608137,0.01570299567300623,0,-9.916670077981225e-06,0.013302823303830591,0.009278552883680518,35.82980626973599,-0.806461791194643,0.2597240701444038
498.69194509063556,0.7328086087801156,0.10999874313291019,0.0805134237191342,1.0928108752657464,0.02420067294485757,0.920568395587012,1.320004917504931,0.009818378994318281,0.10973007416764664,0.8667193421716886,0.01193042020988406,56.11058480321296,-0.05054332897792025,1.3528292729048548,0.045936436502029554,0.015472604147952658,0,0.00031841785161567277,0.010765013753863751,0.00933313577554185,35.996899570805404,-0.2912206639469594,0.7353868831800606
499.45245186248087,0.7291755593373185,0.1101489277093097,0.08189877489700853,1.0259577848995487,0.024519608897771245,0.946958299349483,1.3080347099902154,0.006728068538943196,0.11023844598622515,0.8684012404986113,0.012633902080619088,56.46365139638558,-0.0016502581837498022,0.9059590676434527,0.047825735701511635,0.015420759986961519,0,-9.937144261521823e-05,0.011110309776783973,0.008841026559506157,38.920300133265364,-0.7507636742267678,-0.759835400163998
500.21295863432607,0.7343511309985511,0.10977962811621528,0.08378300428305674,1.0150204685646067,0.02432167503230673,0.9543945347810181,1.2972280073892097,0.006441061651468194,0.11023526471486655,0.8572023276638376,0.012832262226815454,60.10037565866715,-0.009394188602079854,0.8693334792646779,0.047655615949494225,0.01531839542038495,0,0.0005639853578793782,0.013122804054913059,0.009227156414342358,34.45518563851813,0.0850084295041966,-0.4072765707618641
500.98729280202303,0.7432109706795351,0.11006029358575863,0.08702732494017375,1.0350477764247448,0.024230023899515996,0.9527547547232453,1.3053676052341276,0.00677880044661406,0.11011894730335021,0.8788599669305031,0.011387165965463903,61.44771372998224,-0.05632149783877704,0.9465590775146607,0.03985192166341371,0.014939363451171988,0,0.00010933875822619269,0.012283759495802422,0.00856242012181011,34.48142278072063,-1.2644583787652772,2.3199610224514604
501.76854066764594,0.7486028591817977,0.08656418255992593,0.09008700748796546,1.019785702527098,0.024211806767080474,0.9447585448772299,1.2995306915573963,0.006576763329670167,0.08729904200425542,0.8712935105236691,0.011477777959353794,60.76647707310492,0.0916789656621547,0.5025654702671114,0.04824998504005918,0.015137760216861177,0,0.00012896036129229606,0.010729713387025311,0.008009805552990785,28.74337346391484,-0.8203575129087677,1.5150888001425449
502.5463316843058,0.752086312775971,0.07005681726403391,0.09023970545965365,0.9493916489760837,0.02423276780313975,0.9482550160615286,1.3017096908719028,0.0066715964793857266,0.06989455875466805,0.8704799354456377,0.011267648707268756,59.35764350369312,-0.0029302930723594397,1.3350938595725497,0.03965202029843052,0.014511901679591693,0,0.0006877361558356434,0.010140038513704465,0.008395674010359129,28.08599763559969,-0.9624081249732666,0.3835784656102448
503.32412270096575,0.7535037061353765,0.07027887207554441,0.09011155957506102,0.972019962984999,0.022570393085503317,0.9489950882867281,1.2679138799555913,0.006603923452493579,0.06975033258922478,0.8790863982475052,0.011302215495629157,60.43467478343094,0.034303784726271776,1.1639081594565794,0.04453109510733531,0.015163772646629834,0,-0.00022354011219798988,0.0135851259499605,0.008345675842148863,29.393453187959135,-1.523993735240551,1.3378806907821752
504.1122842645145,0.7561920895600092,0.07056955061184254,0.09075504128546395,0.9610845883594742,0.02534599733329993,0.9550264722375322,1.2674185923247405,0.006813308348892693,0.07040879498872821,0.9346386559213108,0.011145481018464428,66.63166178998344,-0.0625042789736987,0.7621882133836836,0.04429057689735601,0.014861402811084015,0,8.562100153866993e-05,0.012148774278452927,0.00927462577481057,31.507600788781847,-0.4636881711904306,1.8401144559862204
504.9039026770261,0.7634021634624777,0.06997475802933419,0.09045941731162083,0.9973023567046544,0.02373116940447891,0.8881571537795117,1.2878830159417651,0.006515158484190641,0.07037813065534812,0.8435965006317159,0.011138105198913738,57.633257125337636,-0.031032664067261358,1.3586547542510012,0.044177518586003356,0.012352043603561208,0,0.00042203168786628055,0.011330545545297896,0.00836465170416537,26.46976827648851,0.7538048163101443,0.09284906549297972
505.7128053343524,0.7750927290831899,0.07034999948305054,0.09052980119912364,0.9753609184578932,0.02389525239747728,0.8839868609037062,1.2889563749479562,0.006751382882048592,0.07065368997935885,0.8133510138337602,0.011463313233182747,62.17643977693471,-0.0082928234186188,0.6753973085764273,0.047538025043286365,0.013800048160256482,0,-0.0003897857338330202,0.012178830089465765,0.00833348635224513,26.435579314299904,-0.3756880162132954,3.413666375008112
506.5182511427159,0.7831589603507925,0.07037903658749808,0.08864582654529436,0.9737967521296702,0.023802852371378184,0.8746660661461529,1.2922465929687772,0.006806649878851146,0.07005694880247464,0.8221568111393383,0.01136563824753204,60.825158265436066,-0.05401697131852645,1.5050533538343962,0.04778627277925691,0.015924866351963194,0,0.001256387103006672,0.013953637574197415,0.008902750709554796,29.430634097928195,0.5741675292358458,-0.36155559755639566
507.334067497968,0.777297084457573,0.07002402445346043,0.08510546593825742,0.9310127626700335,0.02386203997465859,0.8892524706637173,1.2397754435381625,0.006784227041289858,0.07004986621096575,0.8203205605438282,0.011317636121931623,64.72837414062782,-0.09541082991363992,1.7056297966397689,0.047487851286076535,0.015662782538551443,0,0.0005759053063947627,0.012821256809076526,0.009117843610577735,28.008494705037343,0.5541416575913669,-0.2654487774543101
508.1464270042573,0.7772628218486429,0.07339820956962474,0.0808801232883128,1.00759223317457,0.02192384342624316,0.8550092945094504,1.2156230064303646,0.00662665747446665,0.07359752689017453,0.7991379743400467,0.011246477409989573,66.1192571953482,-0.05403076854386699,0.9356661762287013,0.05292197559654111,0.015217989277152233,0,-0.0005196352627072324,0.012722813164118765,0.009352725953804559,31.695457263133296,2.7336305921955417,-1.8333212122880624
508.9484159636577,0.7773025274510105,0.076639639981108,0.08001106022643238,1.0071304753199368,0.021887657139472817,0.8462414468490377,1.2134094700710998,0.006392944064529516,0.07693838675148634,0.8057106916598664,0.011226731021257059,60.90226206921465,-0.12347317094502944,0.7905934145776881,0.04760505517323773,0.012173549724423945,0,0.00021781010475140257,0.0131080801648916,0.010131223235716174,29.015042676821288,0.02116760835343881,0.2600597129059404
509.75731862098405,0.7810613126243249,0.07624656443402542,0.07890080891762907,1.0586969762266247,0.0219189020998351,0.8503579875661911,1.223803410293208,0.006742009553542418,0.07664044326297845,0.8049545253925292,0.011185941165519207,62.34026676528829,0.014312856462192991,0.520810683806362,0.04783112911871294,0.0102044956060333,0,0.0007488997793843187,0.013525195229622913,0.009561018969561666,37.55446828350906,0.04722785623755265,0.38801238892853673
510.5696781272733,0.7820902155265779,0.07976172341703568,0.07831381577081914,1.0231776128144254,0.023338962766235736,0.8858908618715937,1.2583903146473163,0.006642156841596679,0.07990510081300774,0.8022007802033471,0.011254708118138276,61.38611210240485,0.06505814070111972,1.3771893283405086,0.047388673415542065,0.012248196269097955,0,0.0006710793875110131,0.014967471996249392,0.009745664508482804,37.442526182984196,-0.33210641119369566,0.19347315706149595
511.37166708667377,0.7836336174429906,0.08668107378990046,0.07823242360611059,1.0212965162225855,0.023752415212536345,0.9057026801781473,1.3037712023974029,0.006500250476678682,0.08687296511156403,0.8246220640133983,0.011133635123862779,59.92052169529683,0.05220946663094445,1.497066655117575,0.04677608621095984,0.012082360505332393,0,0.0005377094329424607,0.014479340395929826,0.010848868499751748,36.136683236144655,0.060263648294981396,0.16080683288561382
512.1529149522966,0.7838449695456493,0.08986265007380632,0.07854935682813739,1.0363637534873837,0.024000337551596227,0.9070834983363698,1.2815019114788313,0.006816007751004773,0.09004399167031991,0.817430081213746,0.011127808104431511,60.89794065315977,0.035371383758152866,1.299069891711846,0.047800023103588496,0.012153723600811895,0,0.0001336286591082283,0.01617758035349201,0.01159161893019163,39.7912155365884,-0.7631089003708047,1.3731543393764067
513.0447819847333,0.7983489193179805,0.08961327648744956,0.07901091672427599,0.9885021859432759,0.023631387855555134,0.9021130320903386,1.2901971507473236,0.006750763040275198,0.08991592045072651,0.8180986059505975,0.011169782820565285,61.99594762263532,0.12409103564156608,0.9745993818320859,0.047251504225855216,0.01012558193538534,0,0.0002928607270524852,0.016869798670498804,0.011295021941114803,41.82135959168968,-0.9616463585624525,2.2208898924615332
513.8813394337631,0.7962019008270468,0.09023578351033933,0.07861566924938548,1.0178983010212725,0.023987624561298652,0.9084137817692537,1.288125965676358,0.00666171308157631,0.09012296342570075,0.8195324755675369,0.011330002060128607,61.77463294141809,-0.1826785618413312,0.5963190367700122,0.04657824211971646,0.01159176042804534,0,0.0010042037281253354,0.01638170383853666,0.011581289948498621,48.56438754366188,7.4824994700315175,5.411270516378778
514.707526335904,0.7982709014468504,0.08959453212702218,0.0792575460219719,1.0493462871309227,0.024083789661404734,0.9034632743397979,1.2956675039004852,0.006352302379878334,0.09004027822759722,0.8564192430581579,0.010924663757775512,59.62903366103202,-0.09707283388249348,1.100753427196028,0.03756068877141225,0.012224912090858657,0,-0.0006600628949365806,0.017849409365423893,0.011058888001596143,55.82937022109408,16.91305820713414,5.249643542826093
515.5337132380449,0.7980618842745207,0.09011204019671123,0.0798341849654037,0.9785433751592628,0.023952243150822828,0.9026410383002004,1.3071408340889803,0.006600388382029351,0.08992419771887779,0.8767364778303286,0.01075317105577835,58.50814406708799,-0.03942926756036054,0.7523218391257975,0.03642762321309985,0.012103041456016638,0,0.0016559978409733038,0.019043264735807655,0.011885433483208604,55.64746813647237,12.55768188318145,4.969798548430036
516.359900140186,0.8060050822076301,0.09009253470300933,0.08167152799634013,0.9824684969394952,0.02397876971121587,0.9201633086783115,1.3370271276241485,0.0067147493228500495,0.09004689240384328,0.86758730705066,0.010975730791601622,57.32674804792388,-0.08173911343285839,1.3764415587794134,0.03629994927305655,0.015319150733875627,0,6.016442569391092e-05,0.01861963368158259,0.011646249361696065,57.471328970400336,15.211730062288117,6.879305118623706
517.1999144381788,0.8076715511526051,0.09027694020890759,0.08452887520765211,0.9553876202872236,0.0240425224278897,0.9209329784930743,1.3636696921894613,0.006560719312909733,0.08983472184274055,0.8594583203835066,0.010917587182964253,58.84713164292916,-0.06976243093160502,1.2567447802869518,0.03567731416807448,0.01596735882673082,0,-0.00028668010994703323,0.01804235690709995,0.011706870414657605,57.2896684890577,13.970433275010473,7.195874999850124
518.0226444913568,0.806278970597508,0.08694982072979042,0.0838746365889734,0.9549644451995166,0.024316030899397337,0.9111680366416768,1.3716229992474125,0.006683661203719804,0.08670072005313828,0.8605015436962344,0.010764276376136944,58.68083259953596,0.1574354174141875,0.8528194718589494,0.03540557847465597,0.016295104630858318,0,0.00020974428443993855,0.017982215426499405,0.011610404151581937,64.45348772866318,12.344520619507943,6.440093856701803
518.8557450914236,0.8017582436692166,0.08683262465670259,0.08403509424903575,0.9672178208861646,0.024057011376916848,0.9198709904295133,1.3451666633168127,0.006541987535285899,0.08692321550300386,0.8599136575046163,0.010866615552100348,57.52272138106659,-0.028963829383922227,0.8987815413163319,0.03535812009813968,0.01572848780533429,0,0.00018754086225622626,0.01913632156791084,0.011001090278440338,62.79301231785696,16.042362827960456,4.425640373683896
519.6923025404533,0.8074343072200676,0.08655969571624392,0.0843588944711138,0.9805566767698358,0.023868421344329052,0.921899032966546,1.3186569305265143,0.006819573999921169,0.08651168460271973,0.8753595504236883,0.011199210020288248,57.89977073896862,-0.10701660321819394,1.0879391380003547,0.035180302601263605,0.016127317925790908,0,0.0001582338273278032,0.017442893485217464,0.010748618504980687,64.40279144194808,16.46127210651008,6.3735225386556165
520.5496010832608,0.8092634612593567,0.06991081831857383,0.08408413020337169,0.9717660508044793,0.02406989269224067,0.9187274712250324,1.3422330163273357,0.006540802115693883,0.07023836781678823,0.8756617466842288,0.011018482901514305,57.415898096049226,-0.21004746842454036,0.7155834480043455,0.04403969296026152,0.017142343528039984,0,-0.0001186504545983031,0.017057389574221725,0.009681548291520702,62.740532048896604,15.094811270144577,7.239409909118724
521.4207270219199,0.8263654051265296,0.06643259099552735,0.08375874997442984,0.9414342897724561,0.024444340697992364,0.9708450199292664,1.3575004804467863,0.0067201334120266685,0.06663253866212346,0.8913551150425796,0.012508367358298732,59.4321563795334,0.038445828332342946,0.6354278207902562,0.03411611949389435,0.016104393279951446,0,-0.00016272125065450367,0.015594365695422486,0.009778197698573606,65.72822193188078,14.186611441017165,6.624643677237104
522.4785228045773,0.8247516580507684,0.06650633497050372,0.08226138987655535,0.9140046298806687,0.024616528605317885,0.9300694987435012,1.3417028235192512,0.006537156720761164,0.06669454302575321,0.8828529344315467,0.012893135818706101,57.49793455679891,-0.06847871100466112,1.3939653614049305,0.043699013859836384,0.016557086247761407,0,0.0013986269013029021,0.015246016489165652,0.00976219149604539,72.76190280425755,13.670725212425431,5.417537876688524
523.2839686129406,0.8276248434906954,0.06648089430439375,0.08015670120648945,0.662686970120555,0.023882697874307773,0.9197016541616491,1.3221432216485631,0.006641677229592459,0.06655671707950712,0.8787346355358002,0.012993896287385466,60.522118968288396,0.04414256517611709,1.2001492610839846,0.044410989872685734,0.016446256141024785,0,0.0024665482064837128,0.01607447830426976,0.008440646397276508,73.12367266666651,19.637165170227107,14.501099302786697
524.1827493433033,0.8252351453335701,0.06711980380885492,0.08028502802241835,0.632588906508417,0.02411382252914726,0.9352603385017461,1.3296204125525584,0.006579186675169576,0.06660070539215403,0.8769698999766773,0.01287928009150294,59.897486593876124,0.04689910157030478,1.5910807074411872,0.04520938043555763,0.015852567721318305,0,0.0035189553434727015,0.015077233447250708,0.008109477833722598,69.5855976353298,21.62095253108872,16.20765705375509
525.0538752819624,0.8266077761308877,0.06635378044151985,0.0789601797759664,0.6746656279482639,0.02339874528234656,0.9387988841399011,1.2861527532774608,0.00657165015604524,0.06675240400689393,0.8591913599262602,0.012971384699150152,60.33134537274987,-0.1527318803145664,1.255037805216533,0.04497240650878797,0.015505997843562368,0,0.0032919474188543613,0.015009291557637524,0.00794380762777784,79.58386731252853,20.62688295523599,13.17927437388086
525.9180875226956,0.80157649551262,0.06667613818550386,0.07710685103272512,0.6937910136416794,0.023298138966753486,0.928464862351648,1.2766607440718991,0.006638702094273421,0.06641418586972077,0.8591422386730031,0.013086419745564406,60.19802646034357,-0.032797228187139274,1.165175849162079,0.04762875684076168,0.015031255863691143,0,0.003356362109912685,0.013631840338097792,0.00754507298409693,79.98878262673921,22.22798929505122,14.783869925325497
526.7477312737996,0.7796269580495222,0.0670785605773615,0.07500632340898368,0.6480441767329227,0.02390708994293813,0.9345598954612714,1.2806055995951986,0.006487400621804755,0.06667298083533191,0.8740110571383815,0.013008957082206816,60.09817448931398,-0.007059131937157754,1.0617865810412037,0.047652561458476655,0.012650002311223402,0,0.0029047596807651285,0.011712415315995064,0.007088899421674517,78.02361283236456,24.357276741757268,14.470287500112642
527.5566339311258,0.7771900826394927,0.06687150512980118,0.07308637282355622,0.5783824170273769,0.024731913133756306,0.9732130855171935,1.2691027707282194,0.006720273011697634,0.06637618932134247,0.874192439750507,0.012941865236884627,60.91663318649301,-0.0326911953990393,0.9739820620840527,0.04754800218029489,0.012597962941072823,0,0.002606354869145615,0.01213254302512716,0.0066756825163113084,79.09057596676564,20.089121582131767,13.564729971882155
528.3517091926005,0.7666958703163418,0.06646004824684541,0.0702716445853447,0.6269290761833318,0.025463175854242827,0.9388801805815239,1.3356331339746357,0.006488546834417695,0.06691519165948819,0.916442931557198,0.01289053067939809,62.39368901682202,0.17384998247998343,0.9881505760526467,0.0423824473441169,0.014417305440649689,0,0.0034370402687624963,0.011764001876482763,0.007168638275008792,80.37415309837408,22.45792817605048,12.21310370635214
529.1398707561492,0.761811810198489,0.06713056754890816,0.068335062549999,0.6278043301599208,0.024525648194948107,0.9257222203795644,1.326998766205081,0.006759233838018434,0.06622960170248539,0.8810958715607284,0.01242766146624586,60.551330354735164,-0.10944516049752949,0.6870940316320986,0.042691141437282504,0.013007733530735663,0,0.004196328475948,0.011645231746729934,0.007368600531674588,77.55078102492989,20.333893579898135,17.133031923363205
529.9176617728091,0.7568333887381622,0.06635614208191457,0.06729219445904708,0.7061471045894954,0.02449722502230172,0.9365814079031676,1.3356652529419442,0.0065958076277947315,0.06670449295252504,0.8821009510807477,0.012888516785070194,59.935326828689846,0.0924360893115917,1.1675394456700183,0.0422906462961882,0.01238562384355124,0,0.0033467516015536986,0.01223966720486887,0.007885276715892372,79.12996178886198,21.082586135778538,15.61741594923292
530.6850822425803,0.7533088467837988,0.06636204445537323,0.06754834000183282,0.7274818907342233,0.023336695235110096,0.926941090405493,1.2799123721417085,0.006454138851551158,0.0668052368901734,0.834534136751196,0.012291518233306606,61.312213858959744,0.033296361206048446,0.9391410147040207,0.04231909117960729,0.011408764051919531,0,0.004590424773298289,0.011242767543514075,0.006914254181722198,78.12327986036279,21.691669461729475,14.776050108877222
531.4628732592402,0.7611392227605344,0.06688608575853597,0.06767508654817701,0.9579984054001328,0.023162992324012477,0.9018238199137594,1.3202133110894694,0.003248626004018901,0.06669645052904691,0.8352991620759957,0.011751071876849987,50.942069515856915,0.045858693645476734,0.6362925690015522,0.04249622905836253,0.01044987205259033,0,0.003578408460472953,0.011677114358546447,0.006774079124448314,77.48612002808957,23.894093678268252,13.081912716189882
532.2233800310854,0.7569722056551511,0.06631879452976829,0.06744710809714441,1.0964718746047701,0.02474604594689582,0.9360523016436855,1.3379629215055728,0.0033381066335752135,0.06660773504100992,0.8918039277800104,0.011780470256596403,52.71691053897195,-0.17010350576726463,0.4681140684231131,0.04255275640650088,0.009938460997476944,0,0.003680101147740252,0.015692694917543187,0.007611867001800099,77.17442063627742,20.781405275397475,13.996055889335192
533.0046278967083,0.7596520717074942,0.06692601210283154,0.0673733069379795,1.0989077406284946,0.024584967720545046,0.8766607722099105,1.3222491808845764,0.00347685828871414,0.06648327928450591,0.8863256824435,0.011818356991761002,52.746671453226185,-0.005637034336401088,0.6993378539938986,0.04303958918624643,0.010048638886548516,0,0.004044021096538964,0.01596377485657602,0.007781399280560809,78.34381970059371,20.285026370419637,11.061930869433118
533.7893326112941,0.7527976775472252,0.06679053571596713,0.06713143695712274,1.0804009863759148,0.02479628332721301,0.8779759691344804,1.3178523814594754,0.003349471530029637,0.06659268449205513,0.8895468709683921,0.01170485769300201,52.00522485238771,-0.10566023260019317,1.4244798326659414,0.04291021535102056,0.012138238057294422,0,0.0025397277786897805,0.016128222385094093,0.0073376161348084595,77.33524289830784,22.53110177682001,15.64655206187441
534.5740373258798,0.7554095514440521,0.06647141951451749,0.0674101474804548,1.0756134333379395,0.024648659972740794,0.9014686859418001,1.3517824092855353,0.0033072185541375,0.06655761193780202,0.8858642283398399,0.011695712882617686,51.44066033007234,-0.07507414182516539,1.3816833289112271,0.04321169414820257,0.012584403911645215,0,0.00436121135211536,0.015895444534860758,0.008346016521919306,78.28579698198641,14.254656511324,7.286902965812775
535.3725694363173,0.7540824418347896,0.06634817255308544,0.0672407514378555,1.1130025024768313,0.024733165695813717,0.8939849537282768,1.3526591558632302,0.0033887834596080676,0.06653029256585467,0.8892237834144854,0.011706124536181627,52.80300486581197,-0.07459435047036009,0.636349285721387,0.04279022467120243,0.013409526764531747,0,0.0009861633764959043,0.0157313594977553,0.008037232952312583,69.12171272680821,9.453530031336218,0.7086743848669447
536.160730999866,0.7574311948978801,0.06661779102218764,0.06717671195029977,1.1390191758699146,0.024554304436183984,0.9023032838800957,1.3422273412425443,0.0033642767859790915,0.0670078858115459,0.8823446119234244,0.011773133021633568,50.86015603439934,0.25757159738104285,0.9264834929934663,0.04233303289829451,0.013488433788589755,0,0.0014772854512356277,0.016511353805486254,0.008589432652823362,71.8139763193647,0.30108692589732483,-1.4220000037551672
536.9558062613406,0.7552419737287258,0.06684048182418706,0.06699362251807257,1.053541259489014,0.023124610154475363,0.8861576970007004,1.3447879282672162,0.003198192041341621,0.06679297067839603,0.8119890976126536,0.011716019438828683,51.23665898861152,-0.02910084022837438,1.288835163219324,0.04541682026803671,0.011129401324481767,0,0.0005904143107783894,0.015630013055317568,0.006903975881807993,71.84301955003377,-0.16079977492904857,0.12168075301093699
537.7370541269635,0.7559668995762822,0.06656748089545332,0.0676311361886164,1.0835434016735535,0.023063508845582736,0.8860252862522139,1.3487400918155883,0.003166523283606302,0.066680131061584,0.8077623086781436,0.013076742029991015,67.61628735529558,0.0797439658267292,1.0000807565947538,0.04536877953502475,0.011274620734542008,0,0.0003958548388638286,0.015403059265055275,0.008604158181445123,73.33679246105866,0.6820569262472517,-1.1014948574785233
538.5355862374009,0.7571795154469191,0.06652055781581227,0.06734085230324584,1.11557829556058,0.02308698583088039,0.8742103626156518,1.2795149764885991,0.0030661551305102806,0.06674129158190935,0.8091998340301677,0.011793135092872319,51.85945801229784,0.012763808497494155,1.013559446885938,0.042388582263835725,0.011482147101184318,0,-2.231184350018529e-05,0.016488609785232314,0.008943962528310846,72.06687405472097,-1.9228290270146984,2.528131505601975
539.3237478009496,0.7508006256562779,0.06665728116622503,0.06766138209195917,1.0081155719103176,0.023605771968553107,0.8879676790956388,1.3439608880829443,0.0034069119364967685,0.06671898958994026,0.8211231231039816,0.010255546845347194,48.410447754794504,0.9875465435986056,0.8836059115056313,0.042389214194337714,0.011138398939990204,0,-0.0004042388844359542,0.015913413868687522,0.008493079261351563,71.83022894397276,1.3023147169596332,1.488633113567698
540.0946251196837,0.7403758246312012,0.06658566301242395,0.06714685451831964,1.0783753371850417,0.02351316077139855,0.8939809496837253,1.3271511201125872,0.003310825023099185,0.06676934767634704,0.8282515286227906,0.010029237990198395,50.01575759005063,1.046538958085493,1.0818544399855645,0.042273331495665006,0.013286574051278597,0,0.00114013414607952,0.015869086811925507,0.007718511537168106,70.54080260481771,0.6949695225758862,-0.0070281649918374775
540.8620455894549,0.7373025163731673,0.06676650811802237,0.06680258230334986,1.0200247646853107,0.02302948797506283,0.8844839210819553,1.2855469924805085,0.003378232322103023,0.06660020107837167,0.8114974733877953,0.010292246376510331,48.968405256797624,0.8862451714797949,1.111335928721151,0.04185826166276726,0.013223582324042358,0,1.9553236225741612e-05,0.016506493445315927,0.008197077473317734,71.3435572342707,1.5547101101057033,0.11287101237748644
541.6225523613001,0.7390118811848775,0.06650328261391908,0.06721829534449464,0.9561218952705789,0.023021368615367153,0.8950435024544133,1.3017945787709537,0.0032029964655781815,0.06638046276006701,0.8112198016844019,0.010231779007618654,50.65507873527629,0.9703399976997242,1.2582999004207167,0.041328318012524706,0.01616116536065924,0,-0.0003669150553116282,0.016500778691847635,0.00808616317261874,72.54515912093197,0.4337684534633096,0.8601967603468237
542.3830591331454,0.7404763914251676,0.06713697280555199,0.06720853050629381,0.8808484529377782,0.023142648008583403,0.8824302722187717,1.2920771623193192,0.0034458417322504958,0.06629581293935129,0.8037595217932244,0.010128792899517696,50.20761354366958,0.8122800684843662,1.0520437095831106,0.040326713320208325,0.01034588992978418,0,-0.0002703231177604197,0.01670308298196699,0.00827276672938075,65.87057525618569,0.21033796333778215,0.8085281951649638
543.1470227539536,0.7380734063484485,0.06711464233725359,0.06682737833167211,0.8563061796436984,0.023589276403768355,0.8916436931614834,1.2797171710004636,0.0031018768060721976,0.0664810137190706,0.8200645831226868,0.011195350943593729,48.500740956668295,1.1109302387610556,0.8211367788485399,0.039161820193054864,0.00939654403185343,0,0.00037824492774485156,0.01699197400314609,0.007788598204816914,55.933047482825636,-1.7697683189336468,-0.23827790290197953
543.9144432237247,0.7363894311067842,0.07322391092645295,0.06686780082536542,0.7891204190053187,0.021876554290174315,0.8902204390275512,1.2330932534578585,0.006707656099477964,0.07326807135268595,0.7665016668794182,0.010550280280871734,50.26130898569371,1.1071726026928197,0.8510046427195882,0.03928541891517433,0.009019464303553278,0,-0.0005341527106593082,0.018817837477669516,0.007802945194299131,57.97675675893318,0.1406969821780305,-0.0340785612710304
544.6714931466071,0.7295285859169658,0.07318285471707164,0.06714549001655569,0.6206705029855886,0.0210518721374766,0.8548378867555525,1.2185764288871643,0.006493788749930654,0.07372191938937551,0.7365120699398615,0.010612535910800087,48.53251391413596,1.0695097627244134,0.7002576224010513,0.040400141845090075,0.010016437890894339,0,-0.0001954314306675783,0.01931761801918162,0.008255458335890732,48.26492422660773,-0.690359461734219,-1.323562873463718
545.4389136163782,0.7331671800181718,0.07352796663783898,0.06792913693669844,0.6704248404049264,0.02036372472972331,0.8462404370692316,1.2287422668293526,0.0064673640003890835,0.07335837207662121,0.7115427387806074,0.010449612246927937,49.06420689699417,1.026083326440063,1.4478645463847575,0.038861324174547164,0.012801611007676506,0,4.708907547234286e-05,0.018962463207534346,0.007135070800085705,47.53989639602613,1.8814338356571296,2.647435883689125
546.2097909351122,0.7314810145400801,0.0731812839138694,0.06856960643520701,0.5390416517166219,0.020941550625848633,0.846667528540895,1.217634023027047,0.0066947379691745315,0.0733878659763329,0.7386629840974338,0.010683334434621014,47.2218316621374,1.0279308420044182,1.2816150780964346,0.04007372772423033,0.009588457503922409,0,-0.0007848101479060401,0.019536220073789405,0.00753013648453312,50.3811805945094,-0.5150627554396794,-2.5600860885426915
546.9599271600686,0.733721115244164,0.07344577016444528,0.06947646487474206,0.5035192169362115,0.021075350484668985,0.8515620716847683,1.220474594577654,0.006482214762916117,0.07336379927279785,0.7315391461673566,0.010496772573044662,47.29569885560934,1.047867886787593,0.7162762154955742,0.04014695539924997,0.009340732559414703,0,-7.594305811181915e-06,0.018102398281721055,0.0069223551278229075,50.956021336876745,1.5689379294707222,-0.12686515657796513
547.716977082951,0.7281989502521509,0.07318008274498222,0.0700737343198622,0.5583009050616519,0.020633510838827,0.8601843688029189,1.2095815792271443,0.006751281572993418,0.07362876313900432,0.7179798046195875,0.010640584928303127,48.210840613323334,0.8701891541286574,1.0906451914734312,0.03913072408610578,0.012659515833342364,0,-0.000506505697150681,0.018583925015795352,0.007383617967115833,50.10963036320424,-1.4943560710997825,0.3857315597461669
548.4601996099815,0.7209874613726638,0.07295801841944338,0.07060343529379379,0.5260346758699946,0.020656736524519822,0.8541183897546557,1.216249981877712,0.006703346261915287,0.07366931452603943,0.7199992822365485,0.01124519486154406,43.166010955478406,1.073572137643927,1.41483520478994,0.039788006350988656,0.012915750517625583,0,0.00025997892437210724,0.018671493332307193,0.00647551564449828,50.91184556161918,0.14994265420899547,1.4949994369655195
549.2137926839009,0.7251466241002195,0.07312287918156359,0.07108051752690829,0.5123112126140338,0.020854856427569773,0.8635456366296147,1.2183048671707326,0.006717128153816764,0.07341637847370834,0.7311227063205513,0.010586260187778055,43.70684330430374,0.913941441613612,1.3788720777336587,0.03931807800855799,0.01681165661685208,0,0.00037304245265610473,0.01812229662390497,0.0065949298988957315,49.59187505430418,0.7054891800129441,1.3682702459717908
549.9673857578204,0.7201798388765193,0.07324328797003948,0.07177105960826921,0.5324282811617826,0.02103042463503177,0.8579220319822701,1.2363990352602092,0.0065381607695733125,0.07367990709408907,0.7846137931410094,0.011151786715642386,50.5647159670995,1.0413440893869566,0.9941124780541872,0.03880429899827584,0.016052106399325583,0,0.000901878828825647,0.01688716419875576,0.005636660322438518,49.09705984769772,3.241311321801557,0.7195203343432096
550.703694586925,0.7119386201069315,0.07339340526486365,0.07241758812124309,0.5636059935220161,0.02194733285630125,0.8788631234288966,1.238443557416497,0.006697835022359882,0.07336550864376193,0.7840082269154722,0.011479772364289863,55.985519831385176,1.0546073670737772,0.7047603865320999,0.039682212856554114,0.015947445111566535,0,-0.0003774720759903131,0.017499820294381713,0.006235553670042403,48.72656306918028,-0.34602126082037166,0.01590688627578292
551.4503739629185,0.7149503232149796,0.07316347635275115,0.07250060854375313,0.5500697518995219,0.020897321041745028,0.8592704163583439,1.240193025420406,0.006644166932226799,0.07344944433438884,0.7845875968241603,0.010493908126171897,51.221971676658846,0.8430323222223901,0.8621191587351911,0.040373586751974916,0.015815193975619337,0,-0.0003593577424841582,0.01674344932494123,0.005759750398452178,50.30381191139468,-1.0718172203531195,-0.31582138068971694
552.1935964899492,0.7140206246302031,0.07299815960507368,0.07232283041838974,0.5667218294216775,0.021936060789108685,0.8620062277769664,1.2346976174181266,0.00669171649794777,0.07353717154282584,0.7836389102110342,0.011587314318051729,52.036674059881165,0.9665925175831788,1.0084271308192145,0.039749643041411896,0.013442591652922506,0,0.0004489922678052227,0.01531681197593691,0.00477801728685583,47.014659862598556,0.4259688337290612,-0.4241339694305479
552.9333621680167,0.7091936951236895,0.07323850220394729,0.07283020312286383,0.529245780536635,0.022454270062969125,0.8701427824786324,1.270531989139591,0.006688840847796847,0.07300960107448774,0.8253849794392843,0.012154557727543236,55.94701406496019,1.0808007501137806,0.4994345036540633,0.03969672809071189,0.013253166899754002,0,-0.0004228461563123393,0.013931630948773168,0.005887959759219514,52.23352646764044,-0.21804258457313172,-0.0005610744655559732
553.6627572991956,0.712216667461352,0.07329474229029347,0.07255481561836395,0.5890448517738425,0.022470590840880385,0.8681526961863053,1.268002690295536,0.006802456300365394,0.07326092759085591,0.8293913195277087,0.012488871484476319,57.525490003545755,0.9922721813513223,1.2239831111142205,0.03986164179223184,0.013899131811012046,0,-0.000659085861549745,0.013868742174855418,0.005704470037248921,50.26591968658862,-1.4576013044520593,2.197099893959496
554.3921524303745,0.7096746305967341,0.07337242942397207,0.07256021624964154,0.6570030153380035,0.022597245640227772,0.8726976057090464,1.2697621731185018,0.006539526533894919,0.07270810659846015,0.8273071143092724,0.011559894819748255,50.63280865467249,1.0132082562989209,1.5031011400092016,0.040013059057454434,0.014500398758143,0,-0.00015320629911901794,0.012841521722676792,0.004891374307766732,51.3292983526455,0.18186138270181287,-1.0435257997628524
555.1215475615534,0.7121870651325343,0.07298292630687772,0.07263050421842251,0.6340801450928104,0.02207835457863095,0.8762707257188782,1.2683701492104422,0.006478504184612344,0.07304800442515356,0.8318642954909482,0.011727717785351997,55.12797791018325,0.8916596945385539,1.4236841601739354,0.0402651536743401,0.015387428749176726,0,5.4742793405907175e-05,0.012391876166089794,0.005075303198801019,50.47763760377517,-1.8488103786232148,-0.6128659318720672
555.8578563906581,0.7066995286244566,0.0733644622775715,0.07242041384257718,1.1525989598225748,0.0225048980393191,0.883986595215574,1.2602391961169461,0.0066722427066871395,0.073046478953777,0.8402069108953149,0.011570804975553342,54.11997431879162,1.0156002247171931,1.121541975742278,0.03972233982443204,0.015543432191424483,0,-0.0002433342149199211,0.011032925712382003,0.005169548513529314,49.5775278009051,1.6288814748947764,-0.12230049038706255
556.6010789176887,0.7101770887258835,0.07336328810032236,0.07260744321479992,1.132156061010267,0.022714599979265702,0.8936360479359013,1.2673326855933402,0.006417397912562721,0.07354895383384985,0.8526035898949099,0.011645574655525426,54.1628589141503,1.033275227641655,1.5454642466625539,0.03993025475370256,0.014863743546644591,0,-0.0004165360313421109,0.011451892930606927,0.0056521112241171186,44.31290671025419,1.072427711687965,0.3753196202005965
557.3477582936821,0.7120815344092645,0.07326881343053683,0.07257129292201178,1.1952424018977188,0.02278757956803609,0.8832890112859559,1.2480627482819002,0.0066476830660690996,0.07333491837842711,0.8502716024233263,0.013642385652773651,49.0971602164011,0.9018040097475695,1.1402275482003743,0.040017477385817124,0.013986448821587423,0,0.0002234245011330937,0.011893126320832994,0.0073371095280015865,42.99333959334141,-3.755145169410814,-0.24874393540436499
558.0840671227869,0.7175469901008624,0.07297585245587669,0.0723658907862944,1.2067322057885472,0.022641385753880326,0.876258863537264,1.230729867316438,0.006764089664841921,0.07369910588079706,0.8423668466286879,0.011517347619683534,41.79289751944437,0.9661572572552451,1.2318390930205014,0.04172922944345089,0.01211104396770435,0,-0.000625139976114154,0.011829262197756898,0.007548613837345183,44.523185518271504,2.9335981688264163,0.9345069279197834
558.8411170456692,0.7146281024071333,0.07329263388215108,0.07260681148503756,1.1950212799294675,0.023069147288560785,0.8906758525929935,1.2549186667648435,0.006654210575271938,0.07323650356198033,0.8346864691627129,0.01167405831428295,43.71316289015677,1.109038015341909,0.9164117770608792,0.04207339579041071,0.014115558634965743,0,-0.00027922895922769165,0.012155325649005426,0.0065525985721288805,42.13413449271813,-0.6751637232314922,0.5421591007337138
559.577425874774,0.715751006142287,0.07403113751106495,0.07258587947368964,1.1353892767050857,0.022847013484332122,0.8905085258567608,1.25212835992221,0.006885700125914397,0.07340352195853962,0.8354539043904639,0.011735566754626187,43.27463752268296,0.8180456075584103,0.9227606691558485,0.04256659101632781,0.014820538098220344,0,0.000440285978856064,0.013266302856542147,0.007293585524578659,41.793820461207225,-1.2113295512518703,-0.7835476350549652
560.3241052507674,0.7163662117790612,0.07289899604802538,0.07295462950016679,1.197761837115777,0.021996693971762012,0.8726921815968046,1.2414352261261214,0.006786057465764538,0.0731248816678801,0.8011571778306028,0.010745465759632361,43.36152281594886,0.8097788609000531,1.2344651214060889,0.042446423763190556,0.01611098509619976,0,-0.00031104830160198223,0.014202755830864073,0.007274391768872047,42.59164186847188,-1.0170017102371391,1.0390289506955117
561.067327777798,0.7204738373564045,0.07316372396009971,0.0727742896874881,1.0244738482938585,0.021344121061439344,0.8754172882033564,1.259060078063908,0.006641792776846593,0.07311834795350963,0.7828710355773174,0.009811133195185024,44.2784633998276,1.0192467573720736,0.6838498488515921,0.040376884889085356,0.01587535760493215,0,0.0007584745066414549,0.013664492090189504,0.0074425674416232455,40.713155819279976,0.46313457539174024,-1.155045433520546
561.8209208517175,0.7190038286811994,0.07341133180501916,0.07358123747760834,1.0221415657275694,0.021421637529117007,0.8708476607427804,1.233437442673062,0.010041247848109811,0.07310944564969082,0.8001461217927985,0.009410214039545884,43.97601148999691,1.1315147720696446,0.8083503481603368,0.03701602631597663,0.015914425110750644,0,6.279852648060011e-05,0.013563786522314825,0.0076959662686054255,43.52388929543255,-0.029751063924136345,1.2863217248543064
562.5710570766739,0.720174590708088,0.07329768145842756,0.07285373097202938,1.0351805667863823,0.021408790260843358,0.8850634728995326,1.2446868691974167,0.010186261677078758,0.0735793921713098,0.8036343753778857,0.010612251550401552,42.55890611169276,1.0516772543157897,1.2264324041630839,0.03666892922929125,0.016745224734339776,0,0.00024246301833478784,0.012880265562296694,0.007407347972470481,41.336523579941144,0.4016773680466308,1.7299390674077415
563.3142796037044,0.7141104911859849,0.07320098530879658,0.07314547861544199,0.9434315102314563,0.0218570371081468,0.8903157592895334,1.2582504152606075,0.010226655583467791,0.0734063059331568,0.8313159338819878,0.010789306809067568,42.69560280949048,0.9654118342417044,0.6532249674060043,0.036775049547277984,0.016525761292716417,0,-0.00022767257982351412,0.012331147932115677,0.00703622386083713,43.236678797430685,-1.5021512713745302,0.23455039317363072
564.0575021307351,0.7180243003900897,0.07314809262380416,0.07306282185534355,0.9944917345089795,0.02188723127304858,0.8664069898530125,1.2507384669846577,0.009894489317124106,0.07339018789899643,0.8339222226769721,0.010697183094014776,43.29642196839692,0.9673823894016196,1.2127446533792356,0.03696598751784692,0.014727220609677209,0,0.00023837034370874008,0.012807312944650016,0.00728488018235422,42.05561445350883,0.07040284704079124,-1.9458848555409916
564.8110952046544,0.7156177682857278,0.07340018453113217,0.07326966172775377,0.968308260724189,0.021893174496380913,0.8696819614360012,1.2863943075565971,0.01009989745949453,0.07341706186799969,0.8353914138196131,0.010562186823643368,43.082232834801225,0.7806479468954362,0.9038710106608305,0.03666364875211836,0.014957774560002104,0,0.0005135770526085619,0.01299971569546441,0.006988395924624263,41.50499926313297,0.6943386689323968,-0.9456374127446217
565.557774580648,0.7254853951907498,0.07318371664970737,0.072975895676965,1.0309898082325402,0.02196821698288948,0.8866899268481495,1.3093111926212544,0.009952651150813542,0.07323626596871433,0.8662432623612054,0.010524507836886311,45.14698024531938,0.815520221418881,0.7853224934748065,0.03664646886375352,0.014779300627341087,0,0.0003790608107983658,0.01323849168097073,0.006116304365228643,43.703508055773156,-0.7547975497575142,-1.9124161390877232
566.2940834097526,0.7163020878254504,0.07344109382236277,0.0732078482072129,0.9946772109137009,0.02420737523357933,0.9002597934019169,1.3015330930637794,0.006645273605957349,0.07399244005772712,0.8514666613850521,0.010840383787962711,47.903637859082565,1.093299939789065,1.268234856988281,0.03665521212075706,0.014845755579143978,0,1.8028116166127076e-05,0.0120563767029656,0.006843508986773332,43.42424602229545,-1.3828365705938117,-0.1733235780988367
567.0234785409316,0.7138493478800465,0.07353581464117873,0.07330839490550048,1.746222960798358,0.024056373093589923,0.896252321530016,1.3341528326618326,0.006447606149520842,0.0734285313243759,0.8271564330468653,0.010852680277378486,45.552511583766744,0.9497078287319478,0.6633718136883817,0.03652594000371807,0.012307031587052396,0,-0.0005344366886587775,0.013512344191131283,0.006638495811814553,40.22231457666468,-1.9828563134451003,0.0482163438453442
567.7701579169251,0.7152486376965789,0.073233494184484,0.07370197874768177,1.8974622952028282,0.024894397707928378,0.9084586339885045,1.344724010872979,0.006641453903019659,0.07316668538948665,0.8654572463667698,0.011353630182857588,46.91322721646945,0.9626565813374007,1.1919178671202117,0.03657071724768574,0.011817405173673422,0,-0.00029221621362698647,0.013675417902938691,0.006069739398478105,43.95979777498427,-1.1901799891379385,-0.7215687389439005
568.5133804439557,0.717993946077922,0.07281646879880435,0.07340532786026947,1.96096761861276,0.025760089555182514,0.9306938820936764,1.3457274373370816,0.006697303716746564,0.07332546814645473,0.8859993162848023,0.011807396603441952,47.18290955768894,0.993295394357765,0.7807595495019669,0.03709186252749849,0.011745715698797742,0,-1.649314969773082e-05,0.012949580276928373,0.006859777521972134,44.37780365490271,-0.3046896230218133,-0.4706326466971008
569.2600598199491,0.7154653286831515,0.07310796145103257,0.07276107473651078,1.9377580702962558,0.025776724293375627,0.9398886204762346,1.3373229553809896,0.006702242523384504,0.0731147056382396,0.8842224193364066,0.012899668320565343,50.44667695142507,1.1284589037746486,0.6006126716603879,0.03723065170135718,0.012039278486714053,0,0.0005268313156386301,0.012932403943377684,0.007439716550824127,44.11773880316802,0.18613511084087064,-1.1036179645841373
570.0032823469797,0.7146740881689773,0.07353752783978178,0.07342176840397188,1.9979368035589644,0.025705564924086016,0.9913443547930707,1.3607947305747625,0.006551205840080527,0.07324949020647394,0.8788430806815848,0.01360238874948799,51.217101035337905,1.1106512547208978,0.9715227484354771,0.04025824690549795,0.01153468104893102,0,-0.0003133335089456793,0.03145674801104485,0.020308544808828,42.7548134211944,-1.1393256511532535,0.5904789383255801
570.7430480250474,0.7169956598069384,0.07353365732490087,0.0736297168223872,1.9644721559702951,0.027999591279943416,1.129160122214572,1.4642081074642603,0.006304535296549492,0.07293366382891531,0.8656766802928044,0.01376306762965158,51.42381580201429,0.8377018557355983,1.141496427350406,0.036644593484251795,0.010738622128549941,0,-0.00011533059591525269,0.0436538728046476,0.02722776259203013,33.79048571953028,1.7433130363771165,1.0853113301508657
571.486270552078,0.7155538402696133,0.07321042035603698,0.07347022201109735,1.934966996183507,0.02801672507078588,1.1392970588606481,1.4624158556387181,0.0067708293372776346,0.07338004424944389,0.7684782437800541,0.013914757612074877,52.46148351633423,1.1058853835175904,1.0128608141890871,0.03685604528955926,0.01203809169400184,0,-7.823107625750559e-05,0.05143296757748853,0.02962613044536413,28.72335380626726,-1.259424579130635,-0.2522585537540496
572.2329499280715,0.714424734876229,0.0696872201239619,0.07344703207757441,2.085537892856757,0.02810285168586347,1.1366516149012345,1.4676263521595316,0.006700842819349976,0.06989387935083466,0.7525885436251628,0.013710225873321666,50.928615002626174,1.0136391236475804,1.0595263004405828,0.039491550900933745,0.01174824975038138,0,-0.0008320394138356794,0.06261568266003396,0.03647605521662296,29.911702428220213,-0.6857370878442408,0.696359120546187
572.979629304065,0.7172987945649804,0.07011704206072858,0.0731173614326054,2.059162511022413,0.028008709529103414,1.1302519414792007,1.4712559019031934,0.006650632827903892,0.0697542098316276,0.7475264547271726,0.013782711213734528,50.776264383674395,1.0627882858097877,1.7939314886032698,0.04205812454268753,0.011516281831909843,0,-0.0002507362530454178,0.06697929484217839,0.044218025965433234,27.864096919012937,-1.4905247627352438,-0.5771863867017104
573.7228518310957,0.717144472907241,0.0700552213364056,0.07233100822023966,2.170868923198547,0.02417669719064856,0.9892209812518777,1.2698263831940217,0.006539575931075437,0.07029217648994117,0.6426355914718437,0.013610613319589748,51.382186557371135,0.9394357433324193,1.0201630738443086,0.04207252680462537,0.01169184115170766,0,0.00024157914562664246,0.06867910956340417,0.04565607311938478,22.34469928682416,-1.9238918253165112,-1.5678550547284775
574.4591606602003,0.7145702791228431,0.07018634891698411,0.07201605431107813,2.333395018750199,0.023527752903679432,0.9407250408191726,1.284728406500346,0.006899373849878274,0.07004989159697715,0.6455360954863986,0.011936026260005497,50.70535789681927,1.1035579987339725,1.3770000594372198,0.04196194538735685,0.010733354828372994,0,0.00010875543202988557,0.07118051388798227,0.04624737804342348,21.328957938236236,0.6950521479957961,-0.7074338662396166
575.2127537341197,0.7149021896913612,0.07002485911763366,0.07180130597056274,2.2806711165787044,0.02376853839553364,0.9327049004428839,1.2786851841738442,0.006819697430081073,0.07017982586931457,0.6396432468635491,0.013767848643073677,58.532714581875716,0.9875884752268577,1.0216566906062086,0.04105748905589705,0.01144566115116941,0,0.0003090063425100557,0.07423407218091038,0.04897175032552689,19.40191498198356,-1.0369655040898595,-1.6090336720651577
575.9490625632245,0.7146326130108712,0.07013597181612223,0.07131178688873144,2.278618045450824,0.022503201123897754,0.908512290834617,1.259709249397751,0.006891813902827491,0.06988888878113969,0.5905492220740629,0.01085119725766597,50.39682411639243,1.0224874668246182,0.6750797423848812,0.041793366811501344,0.010844549349831357,0,0.0005803295334909214,0.07465889570611559,0.0479268886022791,19.34775351947237,-1.764063715477434,1.101523707575793
576.6888282412922,0.7081789090108841,0.06994291082662658,0.07090612764957407,2.247053518752379,0.02264825344648046,0.9117734230864762,1.2606887294685236,0.0066812536228687824,0.06974210479805254,0.6007980383991168,0.010934325468091536,49.62521474659506,1.1247371157360808,0.9820466261408248,0.04129588104175464,0.01069537794979535,0,0.0004367380993135047,0.07808386656551061,0.0488150032381532,22.74373148334257,-0.20946537179533445,-0.362212653253811
577.4251370703968,0.708755840692085,0.0697920143802669,0.07001191206103717,2.2950290491672285,0.021435071724344633,0.9112338067614218,1.2564681410141048,0.009793332702321928,0.0698563168813386,0.6356823589818033,0.010600214434959582,49.70288223196078,1.0486210486578753,1.2328690146019965,0.04020319010056836,0.010175660304735518,0,-5.204598417724136e-05,0.07702142339394046,0.04784834328513497,21.321958609603655,0.11798522690061818,-0.8069931824073234
578.1545322015758,0.7095835781535071,0.06971817960495577,0.07026157830568287,2.278334353796626,0.021269116598179358,0.9069667040354494,1.252293919818928,0.006763641374225668,0.07018707910688278,0.6679269775135435,0.01066831570000071,49.821884873013744,1.068543239589865,1.1979767044214562,0.04072780367141105,0.011055679671675254,0,-0.0008993470276410015,0.07784719222656282,0.04834410545050426,21.939822466708986,1.3773231017507968,-0.9966452616080252
578.8839273327546,0.7149271714022979,0.07009838610142485,0.06933993369665063,2.3094307147056297,0.02174358043671512,0.8631178068348397,1.2466401842208787,0.006530274138180178,0.06999404586134027,0.6536023355208583,0.010210904217529198,38.61740684256694,0.7917102643125139,1.2696206877203668,0.0404505199635437,0.011089922716513446,0,0.00012797103828311057,0.07679666572573,0.04871473028169864,21.324938933499343,-2.3521573995716443,1.7466927381487203
579.6202361618592,0.7181505750237018,0.06994887497199752,0.06924399494992367,2.3218590236544894,0.021715372826591552,0.8565873692275338,1.2551435742698978,0.006746454139386795,0.07006170553949659,0.7111331567914937,0.010009254401835468,35.58446576953989,0.8176092148410603,0.7337123702957699,0.04150114353130491,0.009607680372705991,0,0.0007435406691313542,0.07924015287403749,0.0481336487845431,22.10894961033621,1.5564306727989365,-0.9006036821503589
580.3600018399269,0.7126019802915865,0.06994394993378135,0.0693240823404783,2.307764723596907,0.023453738410074542,0.9095984724000614,1.285871657610006,0.006599796425376478,0.06986436898150956,0.7330778950284537,0.010114853675542297,35.83735300377636,1.0552778146917223,1.5147865152506352,0.03888197415168666,0.009606358304004668,0,0.0002748924643865944,0.07688621239226834,0.04801887193970958,20.717753843308373,-0.9220177403679328,-0.9998207247668007
581.1032243669575,0.7166186225145813,0.06996561437515596,0.06913712903814874,2.2675371941911706,0.023506340669640826,0.9124638038650791,1.3826090469275807,0.006838392365512323,0.06996981604367798,0.7650649581787484,0.010554740199434915,48.89840702813776,0.9527137158025153,1.4423067677865855,0.038699394890643286,0.00973323395589247,0,0.0003986474570256512,0.0699859143328691,0.03929338486030808,20.95633994266806,1.3737418164037831,0.6310832214839439
581.856817440877,0.7188953801553621,0.07006146993227964,0.06920613779809098,2.264018918872264,0.02348144761590877,0.9106149803056371,1.3743227588149027,0.006703307637283811,0.07032449039258243,0.7608135670655054,0.009351888935043361,48.27259449757045,0.8734599539804924,0.7572461668328789,0.040786090180379694,0.010067461681238772,0,0.0004877354950198413,0.058464306584735205,0.037017591066547444,20.790133027092793,0.9211002845360932,-1.0332257521133406
582.6034968168703,0.7156646200461056,0.07013319522578529,0.06903407037949633,2.29518073410772,0.023654060925566756,0.9106611060705441,1.2955456818343711,0.006602938906089183,0.06984257349306601,0.7558907198696507,0.009597725271595433,48.1927203176702,1.0460798363717512,0.7195493024880636,0.041728865106994334,0.010686233990745931,0,0.00012685431536267903,0.05819273711389935,0.035915470979281064,15.051998085328734,2.2831124314144002,-1.1131584986358436
583.350176192864,0.7179998262694426,0.0701002750709161,0.06897943764813663,2.222071434925938,0.02369551113084986,0.907365906071034,1.3072938813627721,0.006675340460126266,0.06963771033067216,0.7813570533142321,0.009434824297682528,49.73139593297561,0.9158647484107876,1.30171807566539,0.040243598191999096,0.010383988781019033,0,-0.00010782705457733883,0.04412072573180395,0.0314982511668798,15.744358809122893,-0.7861368896357712,-1.352801702930978
584.0933987198946,0.7164202411888592,0.07006891423156258,0.06897192881988222,2.256147958156439,0.0235513817568974,0.9118695593306968,1.3624100981496818,0.006696320615519558,0.07022986346870959,0.7894658081765195,0.010353070960453188,48.97939405010899,1.0800408845742913,1.0246271768408441,0.04032695325594411,0.009670752427534934,0,0.0001645432879669577,0.032940513865402934,0.027255486469543105,14.347733749840195,-1.445502327005017,2.0151000240050863
584.8400780958881,0.7169847428319471,0.07048371554644978,0.0695342372324832,2.24521475318247,0.02357385183389328,0.9086246965685707,1.344969757612426,0.0067694279320158045,0.06998600623037717,0.7790365059109491,0.009572033615282223,49.742168772384204,0.9369918879372972,0.886524970603378,0.04001088508765235,0.0074424442487447074,0,0.000534769654540057,0.031583896482875115,0.025084899443222095,15.021367480756824,1.515482915902684,0.986252196461376
585.5833006229186,0.7224891464306351,0.06973846112034561,0.06977247624393992,2.00632490393265,0.023544372678587763,0.92554256580626,1.3006391995181894,0.006629672793058309,0.06997403596441079,0.7894685009603912,0.010111274354551175,54.59626526979142,0.8683101545825577,1.003122145685456,0.04072565516630736,0.009865797617327317,0,-0.00036641134533048597,0.02767801254927291,0.024310332700422595,13.00358962282767,3.0895262879974434,-0.9184931781168703
586.3230663009863,0.7204773548299238,0.07032040959913016,0.07013864783406251,1.8117339396136027,0.023097461725230774,0.863905101406404,1.290153979790584,0.006682881430697346,0.07007025797339804,0.708706720499947,0.010300546687217848,50.644081476220926,1.1126184752430437,0.9255798961769297,0.03888061676156866,0.010069194799862045,0,0.0005276764849395778,0.02796810347688752,0.024548286993602134,15.50232111566639,-0.7407141596789061,0.024652673351926602
587.0662888280169,0.7165409821505418,0.07001630374027495,0.07035304926049782,1.641548793800298,0.02337984487598363,0.9207731662698264,1.2963796204980642,0.006327224660335205,0.06992677496060132,0.7091795351262904,0.010193512236628094,48.418375807192525,1.0127892385968382,1.189231937385548,0.037477436667901376,0.010249087692953645,0,0.00011361171386893766,0.02827865707209838,0.02445270518628659,16.17240415121521,2.4347754141872637,0.6305632544245532
587.8060545060845,0.714126180506495,0.06996746408615843,0.07013092800730583,1.6459799675941624,0.023523486764797312,0.9357230855626902,1.297625851901742,0.0065759367989089625,0.06972942863115594,0.7866894859363398,0.01102888204055274,52.51804573857355,1.1319976191625336,0.6831706581926754,0.03712628811026406,0.010860105598232306,0,-0.0002784141925736246,0.028239973417461053,0.024639050199071123,13.816736384732536,3.66440149765173,0.9146925717634101
588.5561907310409,0.7163274357355981,0.06971955123401709,0.07055173638265506,1.6223804642841295,0.023864483126004504,0.9137847716247914,1.3148771936132173,0.0064601522022461255,0.06983173859719279,0.6826345867470424,0.01019906491981476,51.090991233712955,0.9245594280464428,0.9059551977231037,0.039253110473912035,0.010547520277048644,0,2.741174809776755e-05,0.02813078908320957,0.024371006372824494,14.652174585576672,1.57270102598314,-0.07521130875838034
589.3028701070346,0.718844085439735,0.06986939449458704,0.07062239070896778,1.609861799421829,0.022802472997093405,0.8664062967803876,1.2941058715844185,0.006719742688476314,0.07000543865266994,0.6520562922205939,0.00983137408492667,40.52034887306228,0.9536472561941045,1.1143671930919619,0.03993642596390074,0.00836536079485081,0,0.00014303913652096903,0.030526642818857495,0.024693594114182604,14.979825647229088,1.9811714655281958,0.29658328280098095
590.056463180954,0.7214689812454201,0.06994727653792795,0.07026188723171652,1.432733675299182,0.023505422612780325,0.9133399109132238,1.301300920154617,0.006487486299868052,0.07021143662593511,0.6729704178735431,0.01008773444710268,33.357132991507655,1.079858767449645,0.8839173676278999,0.04013090914402862,0.00802429696090088,0,-0.0010002902619291993,0.029963082464093446,0.02503339721217818,14.851001253639502,-0.4358647019403714,1.0250340225682066
590.7996857079845,0.7193769630054746,0.06984648436699031,0.0702909860149767,1.4686077688789174,0.02358933511567574,0.9208512934378733,1.3541525328535227,0.006730610915849413,0.06989021250131429,0.6765077590147545,0.01035927592498811,34.71909823254556,1.0466743305052162,0.9671419578820337,0.03933192931975433,0.008358139442138394,0,0.0011279376732573007,0.031772780551377736,0.024811967134502448,16.513183337719063,-2.1953021807084037,0.7523069012958178
591.542908235015,0.7234165152010607,0.0701561930798485,0.07034366052910468,1.4606664551844066,0.023697399086416604,0.9181618224757481,1.3348789409099187,0.00663696260714266,0.07024622343923227,0.6731247965877819,0.010423133959812371,33.940592396785505,0.9740194741697018,1.3678906566097147,0.03648737583854798,0.008047642727135753,0,-1.486080745329796e-05,0.032523140686157186,0.025020522736010322,11.525190304974117,0.36546085556062036,-0.9087650291645817
592.2930444599715,0.7237428771302583,0.07045697772121379,0.0707286275514418,1.4115413916890718,0.023655924285519308,0.9430520687586382,1.35751600608728,0.010010924720452886,0.06938544370611743,0.67746131679426,0.010807387912785975,35.073595011459595,0.8988103565418877,0.997224273008311,0.036755896062633145,0.00818722536124127,0,0.0004565248356213347,0.030022638055470806,0.02465500494417682,13.021431934724646,-0.21622470062713398,-0.4910662266046397
593.0397238359651,0.7212116795917993,0.06975138799750825,0.07031832058213822,1.3602819807932225,0.025056805681727128,0.9826785739117315,1.4347183929828975,0.010027501411261222,0.06966104454474024,0.7613015259160323,0.01098419576816049,32.44521870090252,1.1077729546370578,0.7176090937847204,0.03671824564958157,0.008131357421423277,0,0.00032349506279394277,0.030789021116927117,0.025082456219255405,12.432001775875158,-0.5416096280569408,-0.20833930302714243
593.7933169098845,0.7215592132163423,0.06989539925198206,0.07017119277502383,1.3828942985937114,0.02530623093149229,0.9849373630369854,1.4231192472934824,0.009957027543268906,0.07012741387271716,0.7707527553181358,0.010304736966249034,34.99894902799976,1.048626719238236,0.7557629659372898,0.0371040198115396,0.008260481854599258,0,-7.46100853136492e-05,0.03088083394542427,0.024882021462870847,13.646070302373758,-0.5789948722681554,-0.18569870054220722
594.5434531348409,0.719071856885301,0.0701496358869562,0.07024232808553396,1.3676752281762037,0.02504578103528653,0.9887057045709063,1.4502407272534505,0.00993163595436881,0.069806664209499,0.7698861669426954,0.010047181618904284,34.858461290339584,0.9963331126013348,0.7591609036902467,0.03681620928064048,0.008412196927550273,0,0.00027936537708166863,0.030897665331882443,0.025841376772123947,11.216615747226157,-0.22012305113972552,-0.8375892857007445
595.2970462087603,0.7202621649710723,0.06976351052793968,0.0701925855706659,1.4136503388345119,0.02399285595227823,0.9146130330863151,1.353481006402433,0.010058784914540061,0.07006199283565166,0.7690440879792093,0.010189392427140792,33.63591935121601,0.9785976523408578,1.2707991944830423,0.037768538033629576,0.008318347739155973,0,1.004606392386111e-05,0.03160477175396946,0.02557555906560299,13.668305668529301,-2.23766997522196,-1.5803241060418156
596.0506392826796,0.7197984742522139,0.07018093292847566,0.0703499452272729,1.408000701145466,0.02393395273717223,0.914717898203983,1.3457051722203266,0.00986740342723739,0.06987059868133162,0.7749235787747513,0.010160555846554748,34.27418530001977,1.0335329960664315,1.0263185463171975,0.037188895559370785,0.00853173413028876,0,-0.00023423637870031598,0.031331531393679876,0.02387383145237502,12.404854378009382,0.2667494158436673,-1.03696797133275
596.7973186586732,0.7195868806170072,0.06996893694795646,0.07031070253268347,1.3624457272715937,0.023946069690989717,0.9253556657994906,1.3787959248516506,0.009960491097786628,0.06999192262507166,0.7683654459464622,0.010312332699017882,34.41122971693233,1.1132182812289297,1.2531218267964739,0.03710426351053225,0.008791690843759194,0,0.000291168651601468,0.03143112338891444,0.024687991203747917,15.901461355223784,-0.019131597852339352,-0.9519471994102503
597.5370843367408,0.7208878472127418,0.07007462897084091,0.07070336226475828,1.4022156912161845,0.023891730320739185,0.9238266511761271,1.3777001850390858,0.010096858489987605,0.06977793705890102,0.769500197267136,0.01013371837299357,33.02998898654825,1.0079010512148567,1.5727564644589327,0.03637927604371698,0.009790336577179603,0,-0.0005198600939773834,0.028856840905086237,0.022821854956224383,16.191038904233753,-0.0072195798118261595,-1.2424511272587293
598.2803068637714,0.7210571762529862,0.07002638211469303,0.0705582495600468,1.3743124414078653,0.02536892772091698,0.996176322243918,1.4507643739670237,0.009785131517678666,0.06978533051473064,0.7749963092506402,0.01030808618387436,42.39722483764357,0.930278553233427,1.495913608745069,0.03725649091026391,0.009718300386697553,0,0.00011910879974378006,0.03021265859429961,0.021890124757151058,12.858717267699104,0.8881461980299158,1.8236374649292229
599.0235293908021,0.720166594477436,0.06939878327120316,0.0704510354004183,1.508437269018644,0.025273141119655514,0.9236799730634677,1.4387945374751296,0.010013385459769429,0.07004709813711626,0.7747374444459362,0.009434422323657588,34.48999647565736,1.0988706249257687,0.7947325304368764,0.03733930610680347,0.00993410746537763,0,0.00044504426779995356,0.02368676807204078,0.021050876895274306,13.507744339441745,0.5631285647896344,-0.9753439597912329
599.7702087667956,0.7185399741472787,0.06988188072455065,0.07056286514700044,1.6674121657308256,0.024228923928372153,0.8814953120386086,1.3693767863908013,0.009987682516744012,0.06979661281192148,0.7810766824047297,0.009413685108821665,32.40078923834564,0.9617841050087297,0.7833778860325311,0.03754292329817157,0.009663692185504948,0,8.457726447585045e-06,0.023933531405222738,0.020188681831044223,6.508728571911127,-0.47582140749927776,-0.6617416771825043
600.516888142789,0.7159173136781711,0.07011918637092487,0.07070399570055823,1.8158165377048856,0.02437814037962977,0.8578876799384857,1.3463049815198143,0.009884066335533077,0.07009673627110302,0.7775809687340515,0.008805113054151324,15.028350725648867,1.0604731107620242,0.8141088230133087,0.037380652966960956,0.009718391298738568,0,7.780366399847061e-05,0.02336194810940079,0.019964438089394455,8.916368982768477,-0.9872844374325869,-0.26064874531845794
601.2566538208567,0.7155323983153097,0.06998157649087823,0.07071779605493335,1.924598220856222,0.023828592108495167,0.8529441017432455,1.3143095280139692,0.009911505389413492,0.06986027369174225,0.7686755663420881,0.009031160536566493,14.298157451281828,0.9207566960485812,0.8130886950183261,0.03746453284603669,0.010480515181592138,0,0.00021585290977468519,0.02463605031615137,0.02008189350708114,8.234188827566038,0.10480314006638233,-0.7304445245419839
602.0067900458132,0.719357614662914,0.07962506060289991,0.07068929380806847,2.104001220463985,0.023539724622524953,0.8453293003675159,1.325337358463232,0.009945407980886573,0.07999298306631616,0.7481440538693072,0.008840741491024361,13.983837065077909,0.9123500875375523,1.2222282610907267,0.04051542606272337,0.012616430383826083,0,-0.00037814312271427364,0.023265991100903435,0.01991125643082432,6.883609856303462,-0.19397179950682883,0.26376349299443447
602.7534694218067,0.7162158006039071,0.07983626371019437,0.0723839125331437,2.085143344036037,0.02334173382640689,0.8472234764193723,1.27966860124076,0.006741757324480361,0.08012890766154883,0.7412592722602869,0.00930123913579522,14.952035681173871,1.1106050783940893,0.5720207835110201,0.046629243488264145,0.012593860296596964,0,0.0011164544512920116,0.023517377460518105,0.020096332619419587,6.936240348816252,-0.1356408005436744,-0.9694834607319249
603.4966919488372,0.7137177931878098,0.0795705943366071,0.07432700783892401,2.1710839418170824,0.024363846056272332,0.850719624173749,1.3298144557537483,0.006521227736375027,0.08005359215101067,0.7707546042071508,0.008588397061480284,14.217122295857212,0.985906215102146,1.0221993885340575,0.046173564603244587,0.014636894057898257,0,0.0010627023581087623,0.021289277519374795,0.019770780504620385,6.10775427110536,0.1598264182791225,2.2273567593476735
604.233000777942,0.7076385913545463,0.07965150975724027,0.07744276164299849,2.1346454494541627,0.02439805329405981,0.8557531715836338,1.3185448336969277,0.01023379145363785,0.08046317369472636,0.7682358373238771,0.00866317337687317,15.337725287870521,0.8888725089056494,1.048785917573256,0.04625461612349519,0.012978846014933463,0,-0.0005917254752853678,0.024434593022750323,0.019855475674906316,6.819051893190358,-0.1102584202620538,0.9584204597814293
604.9693096070467,0.7086551929141539,0.0833646342830314,0.07928040086071075,2.1310012883958667,0.02434066791975127,0.8484227843970806,1.316698378432296,0.010164359887172405,0.0835404215295263,0.7842159780546362,0.005384260104802467,14.274851347562377,1.125436898612616,1.1736254861469764,0.04026261626733753,0.017154208822673222,0,2.4221752025577872e-05,0.022284077251441964,0.020395692285074277,4.435117373461731,-1.5237748498233001,0.08032487225832154
605.6987047382255,0.7082849055913393,0.08341360017022,0.07984431823753915,2.1938894566484626,0.024407170240616234,0.8427078058568875,1.312930959476326,0.006825335239147661,0.0830628302410222,0.8037451408228954,0.00865184373245874,30.279589071182457,0.9270940462593193,0.8434226867706215,0.04009012134486103,0.015619954605333731,0,-0.00047361111895569255,0.022319190695732693,0.020799738990405086,6.166853241981996,1.1012502116071192,-0.6992873433443427
606.4315567183673,0.7022142928918453,0.07967500674221151,0.08105095993851091,2.128676797433919,0.023484386483141606,0.8411617089223404,1.285356169582989,0.006683412826064009,0.0802140446454659,0.7871545363073957,0.008502264187136668,28.718022520271813,0.9377913820375944,1.0775535739534097,0.04070794648085368,0.03511948157027241,0,0.0004861101491759047,0.020729725547450374,0.021813891015851416,6.603254881696451,-0.8928838984374592,0.9675794303024827
607.1609518495462,0.7051384277837408,0.07295579642598092,0.08113621259186062,2.073736818544863,0.023093884503790345,0.8072005924505545,1.25654742019445,0.006523692503165471,0.07325401502450332,0.7775343178913107,0.005682830452593652,27.918954501560087,0.9944761624094471,1.209566545688745,0.03971574248530787,0.03519371496149327,0,0.0006915053431099523,0.022558179151834366,0.02115059349882328,5.3825855871743284,-0.322361329094496,0.00360607908788252
607.8834332827992,0.7010406135593619,0.07326953071353028,0.08058837181012593,2.104168720269334,0.022898535841659448,0.8339637071210528,1.2679689545862127,0.006471549096478927,0.07335098609783403,0.7850031375140348,0.0086667128720322,27.609356132087132,1.0015359746510681,0.6080845654401925,0.046989907008530986,0.03481403987249596,0,-0.000465000471912865,0.021903362263621762,0.02134350538163241,7.606487535633503,0.07832785983306285,-1.1957801176697538
608.6024578670892,0.6970066250214156,0.07327734115807642,0.080815688238789,2.150669752241829,0.022796207991582183,0.8388288653042254,1.2560663020535787,0.006732927493408255,0.07322673665841971,0.7249256624844377,0.011379700183952,40.66866784650916,0.946983269702071,0.9485354444282792,0.04636175165417474,0.03476006872863863,0,0.000879391095770799,0.0212784634195469,0.021348311497370223,10.042860251132993,0.21472305769103478,1.2995886523761833
609.3249393003422,0.6957392121482125,0.07329958793502676,0.08113402936462231,2.085678009825557,0.022728173024660406,0.8392321996335236,1.2714811251689322,0.006797425677319297,0.07332989105694165,0.790226154285345,0.008577098647956029,30.017881864273782,0.9953084674138472,1.446894908516049,0.04608561608859366,0.03497277664146428,0,0.00034774815541708284,0.02172626360591002,0.020157413156200517,6.614964058421536,-0.06539797491635141,0.05209978965854941
610.0508775825582,0.6935871300955638,0.0700440408036624,0.08069012081592271,2.195724723298234,0.023485121953721825,0.8517940674365039,1.305813411174252,0.00680128028644096,0.07000720365612946,0.8237254952168135,0.008573121225531154,29.58306002631013,1.1927691629295425,0.5277081560603387,0.04650112714875868,0.034877577178063314,0,0.00013314882271865894,0.022177652836504674,0.020674878281183737,6.152605433436625,-0.648475962956053,-0.7799867176610437
610.7664453178853,0.6944522672459869,0.06971723924475803,0.08071043661135045,2.0904997028843755,0.02334195112335843,0.8577385632043061,1.3509833003444935,0.006696834011612301,0.0698796592285548,0.8086876684054585,0.008688917943024472,28.632910530253305,1.0207131212405496,0.3296319496484448,0.046693967025525265,0.035050398194457454,0,8.92463479391838e-05,0.018811001775952355,0.018767983238509294,7.386504291388846,-2.3674509917112245,-1.0863462109634474
611.4854699021754,0.6932529053472472,0.0668716419146956,0.07840668011974783,1.950985514419771,0.023650575105198267,0.9290263144588057,1.3188692405340503,0.0067854697314938695,0.06696172637909109,0.8087348281440395,0.011375226259924886,30.03304103042119,1.0067196602318829,0.7614858730107691,0.04581227490629717,0.035245531642892486,0,0.0005559881633608506,0.020766913200917027,0.015901303856383674,7.727232046856005,0.3865967386969116,-1.5519831861128557
612.2010376375025,0.6918096442966924,0.06685435034969205,0.0753798832420231,1.9165111994345028,0.022895455284658348,0.8352248178166671,1.259788806417677,0.006671857152450809,0.06646936178654829,0.7943946071596466,0.0112238387232845,29.447887445322,0.9073309055519065,0.9038365016979899,0.04583546912801547,0.03506475714651754,0,-0.00036666774996395004,0.018173115033244102,0.01549126947001058,6.051384920381711,-0.9358425886924636,-0.8772435091841115
612.9200622217925,0.688809355948575,0.06622630299045049,0.07396169737519677,1.9098587615490141,0.023426790923964363,0.8468811647860648,1.2499335263477418,0.006593317695273814,0.0667396123835863,0.8087465729973321,0.011345185531009945,29.840582130026412,0.8943327461811632,1.237145937419806,0.04582040850982537,0.0350682451233786,0,-0.0005279548849005423,0.017740634347425406,0.014591888646660986,6.076525134335322,0.373799565996679,-1.7452825967937233
613.6390868060827,0.6911673521903697,0.06664174968921699,0.0728123462488245,1.6952203516024866,0.024821965654428034,0.810310991212428,1.2854471250079076,0.006552079225032447,0.0665752430590147,0.8058521994038563,0.00868670840137214,28.936104677873804,1.0422737028238425,1.321954967065935,0.046110196410951744,0.03909054939214868,0,0.00018787115355928428,0.016728992326165253,0.014908963580526385,6.963600270690217,1.7291606096388108,0.9343664140636351
614.3546545414097,0.6901469172287579,0.0667615397078082,0.07261476556925166,1.6609386403535635,0.02466501289673755,0.812395310631725,1.3632297724832698,0.0067672974488233026,0.06665264893346226,0.8082485750325039,0.008403997997087357,19.64328506606038,1.0123873405451624,0.8298004475604077,0.04412359638136082,0.025048637753153795,0,-0.0009953828185688056,0.017603603810012282,0.013101456013625013,5.19586829865336,1.1359431869191199,0.16207773632338038
615.0702222767369,0.6964414722029416,0.06659172336104117,0.07201903089894375,1.703443762072225,0.02583199581724759,0.9380379673027758,1.343612335512311,0.006532230310360563,0.06655015963479828,0.8377205838530603,0.011360654124983407,28.80701155892836,1.0496863324160042,0.4052014177474804,0.042774031538463944,0.0159044601871258,0,-0.0010125450142709333,0.016860306163563463,0.014700856864587383,6.29289805674291,1.7531129284617635,1.200471581147667
615.782333163101,0.69478990191339,0.06670769438713932,0.07219285097931198,1.6964858273167172,0.0245559812088144,0.9221710340551098,1.3583394724377964,0.006613539859219427,0.06665903433501914,0.8034236018107954,0.010730747745095356,29.263991313306473,1.0229488231858601,0.7495907095657302,0.043338527545578716,0.014602263888998851,0,0.000681334132439545,0.01886026212236925,0.013207097381196312,8.609386502893628,-1.8085068065525947,0.46613052637639457
616.4909872005023,0.6916542892197297,0.06995163161274504,0.07126760680195321,1.7400299778265351,0.02486042532684906,0.9244216441696018,1.3661058985243935,0.006659444955255843,0.07018213558071926,0.8059192873579446,0.00913445315937169,26.74513340084306,0.9297012008454264,1.2617464701362344,0.043474130920706566,0.01411244502600591,0,-0.00016638784799672616,0.017243059023021513,0.013961390079652684,6.902111883744976,-0.6284519950740646,-2.190425834775031
617.1996412379035,0.690622102957634,0.07003820399061049,0.07142574522250847,1.617472166517926,0.023436089092382567,0.8189449167902249,1.3469520574291742,0.006785152295631185,0.07040202852865399,0.8066254230609703,0.008948617730315777,14.440309095649562,1.0941714653289183,0.7510886838003639,0.04384008650767282,0.014395823938420182,0,0.000330930236469156,0.01658418310633799,0.013466458632873823,6.938924278943347,-1.1663567691131962,-1.2107688637952507
617.9186658221937,0.6881072585723049,0.07325980457292143,0.07117555877144816,1.5974320086703317,0.02381818528215387,0.8061451798053905,1.365269448085236,0.01014459209362366,0.07310814392208319,0.8083588557724071,0.010783113377174868,22.632964814296393,0.7708100318724541,1.3245022982711638,0.04379761669179022,0.015189172696886332,0,0.0004796452928068428,0.01517551213218201,0.012765125334168625,5.259815735180037,1.6412623699436981,-1.2440382535591765
618.6342335575207,0.6920495316494744,0.07361401140782159,0.07164574434056195,1.561159208163176,0.02378556376217823,0.8190953021141034,1.3602287616603663,0.010129169676645379,0.0726081616567634,0.8056377122362025,0.00912726486482962,11.532852205183186,1.018625444027276,1.0699733468911148,0.04346663617620387,0.014643229704162422,0,-0.0004475979877832944,0.01566032941084486,0.012852582824774082,7.951616630318226,-0.4276552832631334,-0.22362937879768816
619.3532581418108,0.6955406109646407,0.0736218719542504,0.07138602464544236,1.4694780320331984,0.023821365254706156,0.8189853162398969,1.3691433586029047,0.010294327126076233,0.07299271988790203,0.8475323085300255,0.009110209866215833,12.208441335427842,1.0924801736743626,1.8701559982543823,0.0432591198814681,0.015114974808494906,0,0.0002352970720093114,0.014956852462317738,0.012370626732011936,8.296447010759437,-0.6579082774993327,-0.7155188345362755
620.0688258771379,0.6943341206636259,0.07322474212571047,0.07251268573563431,1.3778344446727442,0.025666114010672095,0.8171439675987066,1.3768898679526769,0.010094442469015502,0.0732453875994898,0.8381980495566819,0.006083493201232437,9.025472108977057,1.0949859871812369,0.3407125761508879,0.04394935194255094,0.014260124345203327,0,-0.0004224222386366013,0.014520722449041353,0.012378000794370235,8.09450433484297,0.48411175734541884,0.21294084971658692
620.787850461428,0.6950235453389948,0.07371490807915886,0.07232361519907796,0.9947574350742402,0.024484202903486216,0.8212681078396505,1.3726752358273335,0.010005848006686836,0.07337754452464122,0.8043919056914564,0.009163281903760926,12.049342756515745,0.9664070788310875,1.1588578218030725,0.04413000709863003,0.014323281855742442,0,-0.0004472826033376783,0.01490546919107401,0.012332561743578815,6.3574619570147535,0.0805885818051935,-0.7020111527081099
621.506875045718,0.6928327499155457,0.07340165898978995,0.07309806508784182,1.052099335850012,0.023717283633939042,0.9005869535033704,1.3826640072063308,0.010175740379013224,0.07353007776058086,0.7893867816923473,0.008979971445038395,23.304384301144943,1.0638868699076862,0.818207321141998,0.04414474785881216,0.014764613426426156,0,0.0002917500543767327,0.01577650567022379,0.012486992829433871,7.341844157670174,-0.8370879085797118,0.5572908468952079
622.229356478971,0.6931019072299872,0.07341979098685815,0.07310195954051131,1.0048150578964035,0.024527313429658564,0.9425306178475035,1.3851429826950212,0.009864017902533549,0.07337758106031642,0.7915037382940985,0.01090547685314962,24.513592805033337,1.1054359588953244,1.24859261986533,0.0484751671235167,0.014178763118935393,0,0.0005865326341782778,0.0148530748347747,0.013200554543283826,7.098259316105008,-0.7994744790102288,-0.1968630802185065
622.955294761187,0.6919491500082021,0.07322338637225283,0.07368044364524984,0.9930453840335179,0.023644849110276762,0.90151761263346,1.3829692716897166,0.013383867247094167,0.0736606867702719,0.7780082240239098,0.00889349398874393,22.673646047104715,1.0192728375753581,0.7201717477061047,0.04824360117103766,0.014741113550573427,0,8.970258204492059e-05,0.014064872486218419,0.012892310497531959,7.585609316057589,1.91084853270424,0.36028803162563594
623.67777619444,0.6920530281509336,0.07383726216919978,0.07733334690672178,0.9877248339407136,0.02391401787078254,0.8628750097407064,1.3675374287171678,0.009861525886439274,0.07258465198741064,0.7820432419974741,0.008725216832612365,19.14425918812957,0.9048097450383112,0.8550171859548557,0.05059262556599774,0.08401914109868153,0,-0.0003973420565995079,0.012897069921601254,0.012796491779080354,7.356265637323563,0.3760641461285176,2.243468251947123
624.400257627693,0.698648795155644,0.07336992379751386,0.07819031997886973,1.0089680932478011,0.02458687710715866,0.8995685761213099,1.4119638645813892,0.009830589267553855,0.07353412904091403,0.7774068611366923,0.008616809438810465,23.46190717963735,1.085919558375817,1.0015795481696317,0.05059857377659978,0.011621739781002205,0,-0.00046593023660816143,0.011003625663188762,0.01249215701197903,7.018044509862312,-0.9544695644128133,0.29982085422068017
625.119282211983,0.6975051462345712,0.07329533718906005,0.07832082813414384,0.9790314857085367,0.024476511310235774,0.9029195028383259,1.3971829749590363,0.00995702435003159,0.07305152786770229,0.7585593901679091,0.00857684670029643,22.912736314914103,1.0025733761387257,1.0068124593823167,0.05062963182120938,0.011995942699870137,0,-0.0002604108373616805,0.011413437943267806,0.012707926749411399,9.43186058071278,0.5706154877426138,2.814283250153227
625.841763645236,0.6967351336414815,0.07340923459059004,0.07809823032035865,0.9857287673738984,0.02364852695110257,0.8685464371823607,1.3614765254449215,0.009894477925313056,0.0738352168249049,0.7441395093407839,0.0071894487666103865,26.944204141314287,1.0504776884122682,1.1045560073814698,0.04492130236261092,0.011613835281148281,0,0.0001568391509959514,0.01051161762924879,0.013149303975471528,7.540630956313384,-2.434351587571848,1.1703720558257178
626.557331380563,0.6978301216365148,0.07342051351459433,0.0780608016479847,0.9415318157599056,0.02397159020145907,0.9065215770491968,1.3659931493263724,0.009993162495398052,0.07300783693563638,0.7213263251960691,0.008646376366940744,30.098994165610158,1.0236986224881148,1.4102804782721412,0.0507749735827411,0.012034986528246083,0,0.00012752686635034263,0.011825086659694282,0.013008510727721044,6.80975744057659,-0.5186425544098885,-0.7535441977821675
627.2694422669273,0.6956627029025061,0.07316256242178774,0.0782194981045636,1.0059915178666312,0.023687668745606186,0.8964258677633063,1.3359847423549687,0.010081608083258803,0.07399801899610615,0.7243436225928304,0.008603196383329636,29.338602888084218,0.9808856909086937,0.7884888425900419,0.0537044845711024,0.012328218588482674,0,-0.00100196248384172,0.01411884590454268,0.012295538411684657,6.334776817485181,1.6042761097420584,0.47880143418158844
627.998837398106,0.7025431965298319,0.07321200424763635,0.07809605717765959,0.9753872841833036,0.023578674628992193,0.9496215471835303,1.3309863985536745,0.009860709702423134,0.07327639356950978,0.7252951568143114,0.01052154584699784,41.042941714152754,1.1255631181288268,1.1047201978064085,0.053566774153571035,0.01237597222468037,0,-0.0006799249151814797,0.012356591954289725,0.013814744759843227,7.280233522033004,0.06761985632577168,-1.2066558842575927
628.7351462272109,0.7029671620387189,0.07030166864359808,0.07754127973833434,0.9268203749514533,0.022999721515554426,0.905121732775844,1.296703743386843,0.009900158184215403,0.06993098824980308,0.719122178241372,0.008610943699961238,29.477675291263342,0.961133402931243,0.6998348140512881,0.0538046539897867,0.012225129191757158,0,8.711630441010046e-05,0.011801317842563283,0.013564322829104261,7.7196793408326645,-2.2276153393019267,-1.8265328393961162
629.4645413583897,0.7035770252351651,0.07336013722353839,0.07683707101327954,1.0308420491633261,0.023728828073245754,0.869060094885238,1.3112997804622046,0.009866238421920982,0.07297685420455256,0.7154901015191085,0.00864441557189923,29.61373122270624,0.9466440005939497,1.8246207284767024,0.053305991423666266,0.008580533329381,0,-0.0004393837831779552,0.012327322891622671,0.014305616813827197,7.074360471901501,-0.32570735366358794,0.5436421740173278
630.1939364895685,0.7073327618794182,0.05666326439189595,0.07516077326825299,0.9679964009281729,0.022682549110607415,0.8227979393003783,1.2889236153982007,0.006611350211243223,0.05668709960657129,0.7221424847602195,0.008609424783019667,20.4069141895829,1.020815516666486,0.457685884666436,0.05439186263218119,0.008740733250258615,0,-0.000697374118082269,0.014306568160467012,0.014218721080364892,8.962442256519454,1.8442168107683266,1.2892742912536317
630.9233316207475,0.7026584871245602,0.05633480722388292,0.07370926284349089,0.9974440409809149,0.022572926248931195,0.8038834486611341,1.2712870545923298,0.006520073795949665,0.05631075408369039,0.7277994775683756,0.007287006351692562,17.68625400049429,1.1982241132101616,0.6524959813252276,0.059002638182074095,0.005890049302467176,0,0.0009489153415571019,0.015044247986856107,0.013660224221031435,6.757505502966534,-1.0814953728855625,0.9980943707836996
631.6527267519264,0.7032579407307791,0.05662178971495608,0.06838242509376175,0.9422730133472711,0.02256602863609719,0.8050783548565307,1.2728384087982054,0.006550869659457927,0.05651435054903165,0.7251683498723955,0.0094674262285395,30.7608314054034,1.0258282026175736,0.6582511130185515,0.059844668128909574,0.005678881319205191,0,-0.00021324308537883064,0.016482958555307056,0.01385710213590218,8.23898997168375,-1.3642329301716394,-2.240898806967152
632.3821218831051,0.7013589484442296,0.05654996534518462,0.06685500209769811,0.8980866686626071,0.02267112996403193,0.8137348271858839,1.269270622414896,0.003109530780195763,0.056674576034485544,0.7289502421350182,0.0072352268762303825,17.973198841487356,0.9499204508292121,0.9499640651492656,0.059568487509935104,,0,-0.0005350590581092495,0.014151585627741714,0.013734022097418886,8.492282364012583,1.2518698757459972,-0.5451335805471602
633.0942327694694,0.7023450333305018,0.056581404049912305,0.06665842554512451,0.9946902768717434,0.02199115541539441,0.8403159405599118,1.2908555182982053,0.003085950965109801,0.05649041377604939,0.7240402556983803,0.009541438611705979,30.002481331154147,1.0619799908764582,0.9082096274099752,0.05967274804043058,,0,0.0006051048112414829,0.015169338641400203,0.013725867684712638,7.480309220525636,-1.057302590741162,-0.1510195591824089
633.8270847496111,0.7012838981732243,0.056690678932094785,0.06693130927846791,0.9711062958560063,0.022672022371927086,0.8788586890394344,1.3016953162034228,0.0033724243568573346,0.05689293830204723,0.7723802382482516,0.009569318080560442,19.882569896015212,1.060673723012242,1.1938177707555353,0.06827249761455863,0.029712750961652837,0,3.3873595191036253e-05,0.015981074119787716,0.014336382296128691,13.223695925616536,-0.16209514034390476,-0.20041143749325038
634.5426524849382,0.7023090657944012,0.056949073541929095,0.06711959322632356,1.0175523469126255,0.023892959857867185,0.8754620948309179,1.322889434777752,0.0033344359589625454,0.056470747565920354,0.7729902810525755,0.009378196481131114,18.354389023444583,0.944705459855942,0.9096824804231204,0.0683365556421817,0.02968765552321344,0,5.502528633201983e-05,0.012607806498039246,0.011521066525212623,19.938980697809193,-1.731778254630763,-0.39335407257296084
635.2720476161171,0.7064385464344453,0.05640400429558782,0.06716603189539298,0.9479680257099763,0.022555350102216414,0.8383660172338142,1.3153598858542004,0.0032745991974784637,0.057003154051142244,0.7744738626279912,0.007406767372464681,15.103256472842657,1.02607716485843,1.3100091427150617,0.05982625698105075,0.020213434011947095,0,0.00026562728282554613,0.012572997947286457,0.012432494064252658,28.409715014153708,-1.3539652790242265,-0.6926575957912531
636.001442747296,0.7030441803154811,0.05694365724970874,0.06682566156783237,0.9377359881074592,0.02358430804565564,0.8326082190579821,1.2868603711951148,0.00316775803829654,0.05650660484558306,0.7427532459908193,0.007298908334725643,15.706725976398687,1.1215339240488282,0.703342321566603,0.05834818241149073,0.019503585666279303,0,-0.0005763095616258388,0.011467328619361823,0.011765582937886586,28.928142873212316,0.6189473249676486,0.40223843163309986
636.723924180549,0.7057228998988426,0.05658414799515888,0.0668939284072807,0.9374095661303212,0.02429599020978504,0.8678984652731566,1.3108238337885256,0.003252851930565145,0.056799365596424775,0.7573999079623973,0.009600911980091338,19.38184630214292,0.8455581173115662,0.6761828460333705,0.05296227916973112,0.019849502156097477,0,-1.974752090591712e-05,0.010389168997589135,0.012294036940268505,28.452880004580308,-0.9480072489375959,-1.6617584068234912
637.4533193117278,0.7044027312805321,0.056825013579358936,0.0677192036940808,1.1154322033249018,0.02355878585930307,0.8859296239016117,1.3161760377118188,0.0033448219336134812,0.05652129242745382,0.7305885343337913,0.01224030882975383,54.13254057605175,1.1683363211068012,0.44252343853185827,0.05260143533916376,0.01900582230865359,0,-0.00028869000961906084,0.012746638841949882,0.012240688601419606,28.528306024386076,1.780446673317397,0.9638820391349908
638.1792575939437,0.7030498634093916,0.0634317396454304,0.06850754785104253,1.1377407056183273,0.024584157332262404,0.8793553376855445,1.300055263529096,0.003129376382356138,0.0634918424347099,0.7561507699030178,0.012467421414530422,54.62554000066515,1.0811118051412723,0.7077495043649571,0.0474885202828374,0.018291368146629863,0,-0.0001369025909901239,0.009881157833467352,0.012011020792037598,30.986495206488602,0.6884603122144954,0.14637079280632057
638.9051958761597,0.7040303994835657,0.06371830519682627,0.06859712901603326,1.1821708284245875,0.024968735142571787,0.9038815585719577,1.3145971968845138,0.006535472869198372,0.06361288826970372,0.7593204126153709,0.012557928141252528,56.38621875095501,1.0227468400913422,0.6275210925747117,0.047833733607238575,0.018915847251971162,0,-2.3829750968208454e-06,0.008919525688226968,0.010941236102520492,27.694240786971786,-0.6482657113522687,-0.3224918384557189
639.6345910073385,0.701108720153462,0.06350056541591904,0.06861074535563397,1.162055128273512,0.024642366846302752,0.887680784522201,1.3055336822034314,0.006611707330992032,0.06332949485431531,0.7400572973670542,0.012125037612021241,53.23138388348642,1.0088501862079076,1.2259388378810445,0.04628501948320156,0.016243494087389114,0,0.0002857767562967731,0.010871964396042526,0.011987115157445124,30.02582818255764,-0.7062713911806168,1.6906017298447458
640.3708998364433,0.7026770420907819,0.06330161267096122,0.06849874539995143,1.17108690859235,0.024672551410180876,0.9225007675379118,1.307999692688187,0.006782483107794789,0.06319739282398684,0.734075766924101,0.012093653346136535,56.117626574306776,1.0186286904167454,0.772666354627072,0.04575318972351677,0.012924192382774754,0,-0.0005127021569545339,0.009573026540124374,0.011608810948565095,28.831110726821585,0.5945135052490442,0.6165739277199388
641.107208665548,0.7036321601390475,0.06700727911719316,0.06858593389596168,1.2117291676034945,0.024641276808090223,0.9041245639799813,1.3200926391744623,0.006511068208652493,0.06626433573414171,0.7609107752211017,0.010969641449715257,55.577370511245334,1.0180976356942757,0.9993670168474023,0.04239350217204613,0.01293067367372838,0,0.00045100405589364086,0.008840331714989366,0.011902140431158871,28.634333915203158,-0.5507645625380296,1.0988465598119077
641.8366037967268,0.7047421232260788,0.0668246828239989,0.06946615957772767,1.2225277068177958,0.023683926179433077,0.923071007523577,1.318602340156328,0.006672489856523735,0.06675083830812768,0.7482968667737314,0.012144212345829344,53.90298616767948,1.0156605027545187,1.5732041643832129,0.0403504467881024,0.011090261617466554,0,0.0003823485090903864,0.00968279603627254,0.011165079237983822,27.31181954668517,0.1952144639095731,0.861571747634767
642.5590852299798,0.7119934467287095,0.06641586783157916,0.06923707825042015,1.2984645944887245,0.023511045109715068,0.9248653564991154,1.317995405710439,0.006807845439096031,0.06694984017897695,0.766921879281336,0.012330221302115625,55.61527104651722,1.0068875190957973,0.8969625119932112,0.04258789347127657,0.00973957606585441,0,-0.0007858092935106498,0.009780494201231484,0.0114824527053487,29.19382841772524,-1.2199671305353466,1.2178920144671763
643.2884803611586,0.7091447814172104,0.06675220272686484,0.0693217902466056,1.3088224554414458,0.024831843168503627,0.9273932835162028,1.3245025872156457,0.006832336633756306,0.06645869105625335,0.7862479063321931,0.012679298766105192,54.86566769147809,0.987630813854457,0.6863925455473929,0.042669932682871815,0.012522396298923665,0,0.00015985323189414254,0.011449172348301664,0.011197014150215052,27.491251833406263,0.07715234608088158,-0.3802051253186626
644.0247891902634,0.7118134507889069,0.06660148755282384,0.06969988902293252,1.338180279800927,0.02500222944656718,0.9967269448554293,1.3179773696620978,0.006546281092326103,0.0665146323672938,0.8294617003690804,0.01249644529667109,55.652969766960545,0.8924357584005768,1.1473785708713962,0.04022352670327194,0.01051881951892873,0,-5.199498177845688e-05,0.010044407771773534,0.010201871761597646,19.851470878224433,0.6478488030958609,-1.2018013301206731
644.768011717294,0.706566979214421,0.06678689200838567,0.06974233628396209,1.3699831355271164,0.024576892568034168,0.9302887570121996,1.330006315091123,0.006655200493553447,0.06656166129687072,0.8302102975990369,0.012046131800109602,53.275006573381646,1.1803572062749783,1.7399151233844625,0.040414664893622984,0.008844511125152933,0,6.215212403029748e-05,0.010325261902842582,0.010980315074765549,16.673471221295415,0.6950755967601645,0.709894812515494
645.5077773953617,0.7127227760141673,0.07004994765826751,0.06958743603987612,1.3667657450672561,0.024941592575494848,0.9343789199761755,1.3191810138205236,0.006680892431878602,0.07041312587935275,0.8381148892934601,0.01189901105535473,42.150029315866874,1.0499229387739422,0.9990579154812526,0.04311500260571377,0.00880953142890803,0,0.0005543093056930423,0.011971943913702328,0.009521461745479354,10.573861329658016,2.207335327178629,-0.954696566821391
646.2440862244663,0.7173254446032393,0.07012531831520569,0.06979581074048961,1.336073199241065,0.02467187364659373,0.9470469529490049,1.3398675758133392,0.006802475481257043,0.06958859930875658,0.8355898084092485,0.011874840594292805,40.750735292679416,0.8725550564732412,1.4112602905358949,0.03930599672361824,0.00911218383439667,0,0.0008180217244364319,0.010666269233270463,0.010762217949109814,7.599668579029583,-2.157140816780713,-1.5306907408629828
646.9873087514969,0.7177839879196009,0.07001146064420169,0.06871639138018673,1.3509815128612837,0.024843132178445086,0.9336479482627461,1.346661355245456,0.0032103040222353717,0.06985247246221243,0.9385490660060468,0.012641311724269093,42.0245359302292,0.9561252854657255,0.6353856990405757,0.03951246748123155,0.008892188588297665,0,6.766822738939383e-05,0.011186919884349748,0.010200893684815207,5.714079762426535,-0.4032959696825165,2.4075572022073826
647.7409018254164,0.7254090903507469,0.07019680425381966,0.06879338443194437,1.4670335422063896,0.02486894821338649,0.9437092450708052,1.348265139633458,0.003347311834707062,0.0696960249107254,0.9421772620485523,0.012895776185345932,39.76104253410897,0.9655973197752798,1.2344932192941618,0.03868859780567454,0.00862432889514515,0,-0.00040108687111441404,0.011278539722404966,0.009673657599560292,9.159316246447483,0.11601104930931774,-2.1099945642952083
648.4979517482986,0.7235265406323181,0.06973473451833685,0.06874273161748345,1.496507201271039,0.024632863123002044,0.934525177680045,1.3236697199667917,0.0032834780089914723,0.06972856551372501,0.9365819399533168,0.012421647618053073,41.13619179572401,1.0488934268883952,1.2977510187348222,0.03944412125968177,0.009587722254871027,0,0.0006275455650903306,0.013770516366392734,0.01088484365444776,7.201248062016427,1.412062371446681,0.06427005929424415
649.2584585201438,0.7267144143200802,0.07018850999156241,0.06942335248373027,1.5010841954645273,0.024845071434340834,0.9612698615238384,1.3171209499393253,0.0034058241614491214,0.06997342610065263,0.9403936090263243,0.014947598344822465,45.022634379713935,1.060543951103491,1.1634019179238624,0.03969257678322033,0.008495566601044335,0,0.0006109105391441216,0.013870773397519172,0.010660271711083757,9.685871269778419,-0.16045074002320733,-2.2314020114285795
650.0120515940632,0.7227273044477133,0.06975099988142731,0.06981167781749988,1.4932989090482247,0.026223669871331394,0.9796245290184926,1.429415264790917,0.006617496429998955,0.06974537139417764,0.9479240734601425,0.012665916659423397,49.567032560225236,0.8627193212252908,1.2417130491973114,0.03958656959404608,0.00858648603247349,0,-2.7515786618564485e-05,0.015399433897604687,0.010196904960147149,4.66178838927215,-1.7567974660204524,-0.8065433041523141
650.7656446679827,0.727963252910442,0.069515498923168,0.07109066504076136,1.5088109969637153,0.026223893061755495,0.9602550138087875,1.417204739577914,0.006796526171457177,0.07047931203387757,0.9493312753887764,0.012675324792512916,43.92921443423087,1.1505440261665334,0.9140865806974025,0.04002873033592535,0.01330222996458696,0,-0.0002270136113580649,0.01534524479680739,0.009763079412912426,7.282718663623586,1.7350215008387784,1.4046197341513535
651.5192377419021,0.7225831997318934,0.07019699854426785,0.07098152716499843,1.4984317449259088,0.02606645149403606,0.9547125511463787,1.4310611770888524,0.006547479590005207,0.0697046314802537,0.8401222928871722,0.012676859924978462,48.67554943305875,1.0040625450358704,0.7208784753507487,0.0403551990799933,0.008237830103177806,0,0.0002880846326711324,0.01690475582593944,0.010719263548964691,6.5753791575453695,0.47469183702596557,-0.37705840365961585
652.2693739668586,0.7241283629033666,0.06980486454821046,0.07081521019469807,1.4824217951741516,0.026118131511043228,0.9573750429828571,1.4296936029141727,0.006648164796417189,0.06993162757684851,0.8214442106867785,0.011766920573634555,44.46874865253694,1.0322418116878076,1.0590672541863606,0.039658455205977494,0.008709611723480627,0,-0.000211968126478358,0.017949303910820325,0.010475490869088,6.887327841076657,-2.8440170907304947,-0.5675263097407955
653.0195101918149,0.7270450114818432,0.07013427244764668,0.07120865868815608,1.511678209296206,0.026144919134722604,0.9865545994166565,1.4293528010738992,0.006804512603365918,0.07017238503188128,0.7355807341302969,0.013712532228980232,43.83244184657187,1.1354171263247275,0.7159617865013963,0.039941683475605845,0.011229815089222996,0,0.000549420665336292,0.018591265419273056,0.010539141340080077,7.365234630278737,0.7811258554958062,0.7695821774872609
653.7800169636602,0.7268195629661599,0.06645809614253939,0.0749326125713959,1.5342368302041354,0.026178030884675397,0.980767262286784,1.4435109634111007,0.006649553199549548,0.0667353315241758,0.67652874829279,0.013723260313847,45.52223005771533,1.123900671556711,0.6856823453552658,0.039103091918667995,0.008268063692425073,0,-2.5300129250763702e-05,0.018967885455454223,0.011129814254238226,6.182626654109665,-1.9999098476630701,-1.1769186417775976
654.5336100375796,0.7276568413672256,0.06632208627018911,0.08119061216153439,1.4648460286184801,0.02592521580755054,0.957733674453419,1.4338181234163005,0.006592430859947757,0.06652474050749174,0.6447010063480858,0.013484177778408898,40.05971404922872,0.9501716867424232,0.7467179037094845,0.039722781169301946,0.008316913657266922,0,4.78248353201563e-05,0.018023306429570795,0.014095616778103793,4.482538789170286,-0.6593295354242923,-1.3602886222261323
655.287203111499,0.7301984678871296,0.06638419390773054,0.08119335378591347,1.4157658859990934,0.024946305460849222,0.9781163804750435,1.3911000221604728,0.006815498599504811,0.06643001991750834,0.6061016059612218,0.010650252211087051,41.058984335079124,1.061980988028754,0.12249894069961698,0.04013000315630523,0.008600172286985725,0,-0.0006399998815200894,0.017683154499576217,0.013054342726300088,7.045487120556761,0.616474928527444,0.5422338139858908
656.0407961854183,0.72596651913782,0.06668286438968385,0.08176950476491494,1.4175477477054745,0.025017335720895217,0.9722236720099801,1.4264232190596924,0.006568533888482337,0.06652383326123802,0.5875274267189838,0.010590775985750653,40.050348513128625,0.8658739797915028,0.9585832600696103,0.039844707960670966,0.008873101632982487,0,-0.000543629199472533,0.015464248110051525,0.013693310130603268,8.39289717193085,-0.6906866017415869,-1.7510625798029589
656.8013029572637,0.7290172887162656,0.06645087735552853,0.08192184646746918,1.3700139181497857,0.025025031419775568,0.9907699533640164,1.4424369160686834,0.006778373489503585,0.06655812574010751,0.5923322180993679,0.010701262244846407,39.83739354339119,0.9115411682741172,1.234826180281663,0.03989569729647714,0.008356778174394558,0,0.0007370586326157219,0.01695854573099091,0.013512895422332622,6.621078472411623,0.9128513014671972,0.21044770430377582
657.558352880146,0.722212446905225,0.06653469439287119,0.08142095959789342,1.3302139628207967,0.02509047082196483,0.9910635339251619,1.4453532810839984,0.006785373707346344,0.06660837355698937,0.5892852283093246,0.010822745975120649,39.1682695930542,1.0282013675177812,0.8993301441551764,0.045013376101059335,0.008816109515339093,0,-0.00018903989484665484,0.016392055833127354,0.01381038266232371,4.78014500397109,-1.4276680665675932,2.028000472620645
658.3084891051024,0.7295323089368456,0.06633107283170081,0.08147979170906572,1.3554238481344016,0.023940701709430183,0.9858807490216817,1.4461694384787285,0.006555922633426756,0.0666434873569351,0.5685631909389286,0.012178883572835576,40.79339433568786,1.0555641491709464,1.2949116970935686,0.045050098624897984,0.008802880810191246,0,0.0010173625987142123,0.016237043817508543,0.013883642276198857,7.664660589795047,-1.6167035736838975,-0.11495930496198437
659.0689958769476,0.7248837730455034,0.06680695630290191,0.08157494829404592,1.3015073809850564,0.024066402852285625,0.9831441795140236,1.4286481524273555,0.006683894945328994,0.06642909564111664,0.5649335540961612,0.012220353138480525,40.74925665928388,1.0591179422224364,0.6478487983115735,0.04520583452945383,0.008529033341294776,0,-0.0002403243916788084,0.014882384870840072,0.0122058681373452,8.632531334523534,0.5461773777974366,0.43311686554764794
659.822588950867,0.7242439091147024,0.0666528928042698,0.07845061594364633,1.3969549587656884,0.023768105520125777,0.9833099834249925,1.4173346428117017,0.006523249651457775,0.06668481956561666,0.5640550805220199,0.01074310979933908,40.097087842092805,1.0115310607430672,1.5281005957658753,0.044628106284502145,0.008312103521740789,0,-0.00037479551517506063,0.0121695710917826,0.012923583816738908,9.537679468639645,-0.7955679163182521,-0.39894636715802834
660.5796388737493,0.7282357167334654,0.06650757194001103,0.07799369393248523,1.3009391326819206,0.023557845669421297,0.9587667432782851,1.409498277200219,0.006736941873727763,0.06683048854870689,0.5639701325497037,0.012114256005566459,40.39135438967435,1.0260282769761342,1.1673048263707833,0.045367305946745116,0.008640239908485373,0,0.00012244072992529466,0.012590066678067101,0.01292786994636075,7.668449718673757,0.029211093416084712,1.111146985031854
661.3297750987059,0.7221820372736564,0.0663632754021435,0.07841323487525294,1.372524740723916,0.023748452998896972,0.9599001796401351,1.4030042970311996,0.006736359312812243,0.0666696766991022,0.648674363834441,0.011954051221161619,39.50350538283214,0.9887350484466652,0.47552993465781446,0.04127950082105906,0.009164974452530379,0,0.0001438751293188966,0.012412022556380613,0.013426587508360063,6.528104463027784,0.8724896000764603,-1.7126951721567123
662.0937387195139,0.7221606266196107,0.06650444788274704,0.07443524071912634,1.4028993981965165,0.02393143876180913,0.9524852997894372,1.400287041781261,0.0066323331850199575,0.06707715098839746,0.6755870956567084,0.012174757058970169,41.12786864780073,0.9852066767501728,1.0064901472106436,0.041522231768614144,0.008944503565808616,0,-0.000798855820698514,0.011434197189411141,0.01278014537116321,7.777743342507201,-1.0848770202785056,0.04371710094560772
662.8438749444704,0.7238827418798551,0.06688429465219026,0.06778044748359469,1.4355726062393634,0.023968734900996994,0.9593276289756365,1.3992991365827403,0.006778219913779603,0.0665960060973795,0.6611034359507371,0.011949542280227491,42.68113396686721,1.100426505414427,1.513037465126248,0.04170525108843134,0.009781668733114052,0,-0.0008580321445756419,0.011276527054334119,0.011826450227719797,7.25114660359852,1.135021156703737,0.667312022247723
663.590554320464,0.7199105761114071,0.06684042378739043,0.06737188343021491,1.4029707448451239,0.024377927433012318,0.9570599468922502,1.4057990005848393,0.006560144086316779,0.06689104316965067,0.7107185430180866,0.013718169607341315,48.954902429600445,1.0325135647826693,0.8672875297579563,0.0368172860838666,0.00913879119370158,0,-0.00031045616108200046,0.01151474030703134,0.012672694517303658,14.457602124559502,-2.3687240129406,0.22761788233180805
664.3337768474946,0.7175259842116604,0.06667580239430221,0.06724331498841368,1.336066899228173,0.025045406004240066,0.9960865163916114,1.4151287772416734,0.006757519626259979,0.06661931767621619,0.726239673016589,0.013892640136023444,48.743070572770584,0.9890482999948764,0.6015741477888292,0.037056534346230845,0.010391682533264713,0,-0.0007098627588644146,0.012444437793341624,0.012670916124250338,15.369937353242884,0.47865251039209444,-0.036668751919319315
665.0804562234881,0.7210907656891449,0.06587561281659313,0.06711207231248624,1.4024502505146539,0.02497901857093039,1.0042485964764505,1.327972960321754,0.006603790186344225,0.0663350254082305,0.7349535575223411,0.014229590793958451,49.769494237433484,0.948168627517477,0.8603780147485057,0.037237382181371396,0.010789093254663113,0,0.00020377957808867162,0.013236599174417751,0.012452148158775465,14.59076897429152,0.4630280776467915,-1.9347817834426706
665.8202219015557,0.7228693791954648,0.0664317870731229,0.06736376141269908,1.4253917349708956,0.02496053664377156,0.9919369292119727,1.3264038147414134,0.006788089542137457,0.06664197893620835,0.7334911730414533,0.013583876708937754,49.42325352002598,0.9190991312867121,1.0142805272519964,0.037189621004026174,0.010500421111630352,0,0.00019185901475011024,0.020823882603860654,0.01630074532443296,13.735532975062844,-0.6871559483102411,-1.4818538728424655
666.5599875796235,0.7191313751819556,0.06674513920179329,0.0670265128699725,1.3684395676744123,0.025100850398130498,0.9376822446655064,1.3310278568950709,0.0067357849683839545,0.06619429493901512,0.7325542056713426,0.013671291666679873,48.22826093503911,1.1626674273106907,1.2399317389719795,0.036471233710989565,0.011119919688396127,0,0.00011341671384704746,0.019807469296156822,0.018076361424536624,14.346375724048404,3.392354611089083,-1.4936602570188666
667.303210106654,0.7197752458899894,0.06684096484722359,0.067015661152684,1.348935166513876,0.02559406624549723,0.9792390320350726,1.3721362884046535,0.006484212185904043,0.0668454767687655,0.7234319311204325,0.01404331182248223,48.14000115208477,1.0152135445875898,0.6858854299326067,0.041880904779304964,0.010895153215869834,0,0.00011301747323232795,0.020959198808076382,0.01742072959626619,13.395656056922833,-1.3587001778994554,-0.7743125538125624
668.0533463316103,0.7227764226067174,0.06693043334070672,0.06758026690714325,1.3865711204339577,0.025378840961956223,0.981073194450224,1.365784767346637,0.006443873099973119,0.06657606258879697,0.7370521151256735,0.014287744630083202,43.08864396095745,0.9483938792337062,1.3047852410362029,0.04154292009037861,0.017311866313993455,0,9.104897096803459e-05,0.02536171030010043,0.024920568656456362,14.321260498304062,-0.2304098065943042,-1.6604493054249851
668.8000257076039,0.7220204417565302,0.06693013477230103,0.06767017362951393,1.5364835442730391,0.025361930088550727,0.9795626470742209,1.4180375206560334,0.006704320055137415,0.06686356980148547,0.7272318485171042,0.01377522348157552,42.03691075122288,0.8698932627736821,0.6382440402666127,0.03699774134975932,0.017830395836799896,0,-0.00031851372632960874,0.0249915034644814,0.024124982632534448,11.992310706635125,-3.008377121577352,-2.1925371162558327
669.5432482346346,0.7208822258684046,0.066729982307057,0.06747092481794684,1.4838511397249488,0.025215058202699446,0.9428642581180061,1.374761699592615,0.006523586587329311,0.06693787063474067,0.7258027694742917,0.011759593436555731,30.895219843382005,1.1027284964350057,0.8740292595517842,0.03725946974172204,0.017550480426409065,0,4.6747848436943204e-05,0.025016494722866,0.023485481647347903,13.25728926614002,-1.2296945665188157,-3.754793682558065
670.293384459591,0.7220447439511428,0.06657154412481155,0.06803514155713235,1.5381498414874444,0.025327198994983792,0.984462734786818,1.3717522614551307,0.0066752848701629236,0.06673134857624587,0.7305316839816656,0.013709848427756448,42.53277872244277,0.9131039617819534,1.4453196407913955,0.03710417177793643,0.01340022426542746,0,0.0003824334142236206,0.024769263059121284,0.024133477547869018,12.72761346751971,1.285105647462293,1.3482581246879157
671.0538912314363,0.7250490577047719,0.06670918824035064,0.06811962080273262,1.5360313099159455,0.026132657165268258,0.9832743275784774,1.393553529375234,0.006705445260747051,0.06649781866599394,0.7540011138982985,0.013763263730043914,47.520333512793414,1.0757094984378046,1.1783700238841377,0.03672832538472132,0.015482653427967879,0,0.0003305523775270446,0.026481449211841635,0.023874833066970264,13.574961134665386,1.4372679112972797,0.8576974409564306
671.8143980032814,0.7214392193585549,0.06641418150508768,0.07065248717154206,1.366808880253889,0.02542828172640071,0.9476989670056783,1.366634280314914,0.006511064021292015,0.06674722927043877,0.7301741943755405,0.01172918868427176,31.318837670389645,1.0497466198589096,1.3944374248642615,0.038925138514432356,0.0176147617544228,0,-0.000695931259701537,0.032102063557129336,0.029038662690265744,15.032588562698482,0.9337923577779269,0.48528285207743166
672.5679910772009,0.7210515463803373,0.06651375126312231,0.07076192217092613,1.4054644210420062,0.0255381512160662,0.9405561405354071,1.3578580332034764,0.006591812866713641,0.06639216882774024,0.7231699975550809,0.011788771763668026,36.83581463234139,1.0124144429805164,1.5795782191347356,0.04196557018221226,0.015672555702158728,0,-7.184833089844095e-05,0.03308574272470967,0.028605141883549227,12.81856559499633,-0.445589464977604,-0.639284610043994
673.3215841511203,0.7165290211986515,0.06673652629202517,0.07048010757825307,1.3986671056203697,0.022726700830358798,0.9421093908474576,1.3675458555176656,0.006545369152945777,0.06689898100785964,0.6525011941500346,0.01181855668740198,32.21492786998376,1.0006627827268015,0.7275664201749856,0.042032692149454993,0.014420364579379936,0,-0.00043897425382594297,0.032171239029286446,0.02940071052471714,3.622574019195539,-0.1369327270337223,-0.019439705291028207
674.0682635271138,0.7205212252684265,0.06612180731135221,0.0707175468865664,1.402550619500899,0.022758226642263485,0.9174359233995886,1.3241763379288132,0.0067826410409953354,0.06703433740650393,0.6559579334787509,0.011686038508053087,30.78224340466657,1.0248272863800585,0.9844246472030624,0.03849931921890658,0.01448536603960251,0,0.0007533700434995236,0.03411265636592654,0.02891937512870616,0.9628652531427893,0.04596603745577839,-1.0032416439193297
674.8114860541444,0.7200979993366932,0.06682133743062223,0.07065442338693093,1.3862680469949649,0.022824779558091556,0.9018485867405676,1.2931437921616813,0.00673144558219897,0.06689918145973847,0.6580924247131683,0.012961971347160449,36.05631323964973,1.0467108328661823,0.8315567514865062,0.03886489058981371,0.014506236334558354,0,-0.000545139244619943,0.031422381017488885,0.029267029940241236,1.6492625130845644,1.6561925557699773,1.2546346695278596
675.5581654301378,0.7195750088462679,0.06662854129734928,0.07063546973982292,1.3939534018789808,0.022819599701164324,0.9007308453847459,1.2985047212325045,0.006667169021375784,0.06642061914479458,0.6559863518389615,0.011778564095021201,32.19244184951258,0.9715323489825516,1.0851932161233737,0.03506421645759152,0.014135398598387387,0,-0.0001379386914381092,0.03364598793462365,0.029263473498392447,-0.5554656197420264,0.17597233343996876,-0.15042515236252224
676.3013879571685,0.7205519029707395,0.06983417568110344,0.07043977166187512,1.4457189097494763,0.024228581513319077,0.9164839600470499,1.3279981829976633,0.006610540325191956,0.06988176833855124,0.6937389728213285,0.012729773835346875,36.77967581760887,0.8320893760734713,0.6907264280007035,0.038334885974117903,0.013704163093622925,0,-0.0001656953726974103,0.033188254694791065,0.028331017322396856,-0.5109296029899154,-0.5455734074855861,0.7251053518066956
677.0411536352361,0.7203365633845688,0.07039138607428179,0.07015833456352785,1.398258890886923,0.02364455097069764,0.8777431738196132,1.2611852247343027,0.006708714213129419,0.06984064521210318,0.6948335343563145,0.01295277445747242,35.7538923867659,1.158958383826196,0.7965853835205405,0.038005404192878296,0.014213796914606057,0,0.00028854781570374663,0.030273292752230042,0.02900478995458079,-0.3129183733299457,-0.4716206203242553,2.0634471162048027
677.7843761622668,0.7193609535383828,0.0660346700458664,0.07008081081314232,1.4303999779362455,0.02390831800633554,0.8703128863445668,1.2555385355162139,0.006650253240277403,0.06646221852410406,0.6932927293197672,0.012781058252837449,41.31610424824946,0.9215982235469748,1.1756962498776757,0.04252376429674687,0.01381371954103914,0,0.00022332037878895254,0.031466295966156244,0.028878404025562025,0.8627721444193206,1.6461719106970085,-0.09887898989256985
678.5206849913715,0.724635483375389,0.06649945299768499,0.07008428699166407,1.4728420308327475,0.022748681056230884,0.8733980392100003,1.2546600697049688,0.006784310023797975,0.06663549065207817,0.6617139969123842,0.01289044039580307,35.791667809752504,0.9628208197110948,0.24833669046730156,0.04173538347883904,0.012612021211307042,0,0.0008922401776294573,0.03092101103978026,0.028261258722920825,0.6289968788602801,0.46854724856446717,-0.7465845355381963
679.267364367365,0.7192148206428624,0.0668446613592605,0.06988256820487634,1.4697437533603888,0.02278164313623374,0.8729740309030527,1.2609371683045532,0.006693037633666526,0.06618697064168046,0.6667990408893986,0.012067928964047368,37.01003068720915,1.0215345092147248,0.12767143342557752,0.042354395282248256,0.011290524012739504,0,-0.0007153983850978135,0.02699521277498193,0.025819358297651664,-0.38474528474997527,0.06316363645082214,-0.1536455072372148
680.0140437433586,0.7219252980656808,0.06999231562053426,0.0698244499336681,1.6245763609531776,0.022961404947791562,0.9001212665519638,1.2556056193615859,0.006740218942149242,0.070249960714919,0.6872289784261646,0.01298786374984457,36.655755017158384,0.9990406561614382,0.5268282945596565,0.040740364724838316,0.011371658552378788,0,0.0008327904415229101,0.026436128326133634,0.02393319549592177,6.991846383829364,2.593087364748096,1.5405007605992218
680.760723119352,0.7203285666343836,0.07026494709978788,0.06934969141237127,1.6132045579448393,0.02361149785329025,0.9043469058400755,1.2755876024311004,0.006570921474145102,0.06993888910598631,0.7029714442017155,0.011791691092237315,33.174364495993736,0.8467368317019055,0.7860271957184612,0.040589446424058956,0.011111998448908275,0,0.0002380578710184949,0.026940674334682963,0.023948222195149953,7.288967889514942,-0.5374578339447659,0.22020128876603062
681.528143589123,0.7279602637318512,0.06999279406799547,0.06963184844768773,1.6408215034131814,0.02422982410306959,0.9026539855810439,1.286749449097751,0.006628420498420898,0.07016966852676547,0.7009715535001383,0.009489398060327253,39.39568190372348,0.8952399118663216,1.229719196410089,0.0346040606109954,0.0070501383960909075,0,-0.0005249837247023405,0.02428574622013646,0.02299455403680154,7.782554249534782,2.268480406529319,-0.21323791768848577
682.2990209078572,0.7407687628796382,0.07013470822163856,0.06940284633235018,1.6678726433089808,0.02424236367192322,0.9087455784366185,1.4001686629921763,0.0068686407359739195,0.06964171063622779,0.7047446950527416,0.011777467277006107,39.713816015090266,0.9392872592266697,1.1393108589532235,0.04075081590643466,0.006097156776386099,0,0.0007753401237332264,0.022765525199104485,0.02269409513896717,14.081712238564908,2.494641757427436,-0.09771137886212297
683.0526139817765,0.7347174063313442,0.07016288493890672,0.07020585933252012,1.7828657724090462,0.025030726874205475,0.9958596797590187,1.3999107880141664,0.0069045997371113355,0.06986551934533188,0.7346484997079066,0.011851446153910258,38.450271448790026,1.0023927210559658,0.7949692578154581,0.04040148356732826,0.0060102381955196675,0,-4.89476851023189e-05,0.02344688169221045,0.02335211987421125,15.581426637192951,0.9785012418544528,1.1825693202253549
683.8200344515477,0.7378922950815691,0.06985193879725636,0.0698286739923082,1.8756017160334353,0.024783750359325566,0.9488868452832127,1.4196196605636255,0.006854605267019198,0.07012144947486026,0.7423542759532265,0.011867650430725466,40.6509952054711,0.9702870589591294,0.8819568308085897,0.04027622371433566,0.005691757654076942,0,-0.001202279296024051,0.0226136955611139,0.023169940369574465,22.74004107283089,-0.5481615409352857,0.09422803067175092
684.5839980723558,0.7390277727341203,0.07001578158839519,0.06998244889527398,1.9337094820411973,0.023609567147978912,0.9144339330211441,1.40012488164551,0.0068196026993506504,0.06965272563362386,0.7041243196946491,0.009910441659619568,33.60233725579931,0.9602202175908772,1.3251368338365843,0.04045676954371753,0.006230359042817732,0,0.0011504710473380809,0.021806573059815943,0.021615329573903618,27.311552205229887,-0.5046984440423787,0.05137759095775358
685.351418542127,0.7394534629326377,0.06990698029561628,0.06934667863248138,1.951378669724857,0.02456473209175244,0.9578962725118177,1.4195425732256723,0.006659808793257794,0.06998270028949546,0.741909166656909,0.011944749564877857,40.35401871450214,0.9911674999030518,1.2751183361821272,0.04112017728627845,0.006004842589574606,0,-0.0003885278292128895,0.022891424506650798,0.02320353617553185,29.361463741039096,-0.47416965948893336,1.0906855601076582
686.1222958608611,0.7445407182072624,0.0701308066321571,0.06935282577062493,1.9744451529473492,0.0246344623037399,0.9860641185671973,1.3938369230261254,0.0067432346576947935,0.07014528193080335,0.7413712164222058,0.012983830013140478,40.87665423575834,0.9894033164806711,0.8901107947260217,0.0406613333656029,0.006204063995211547,0,0.0014899024072862915,0.022592170648868225,0.023634376912058077,28.43720139221234,-1.0811010431106765,-0.15820491845317888
686.8862594816693,0.7389633284380883,0.07006442095046068,0.06969915022382667,1.9227070985263763,0.024483139149459994,1.0010865737556385,1.417848953796321,0.006466940954669018,0.0700791852013486,0.7427491846093291,0.014368964092484728,45.150130399904306,1.076514585202872,1.1597757862786522,0.04122028981829445,0.006186017406648595,0,0.0002913011461425893,0.021183028057954006,0.022806685845006565,29.844575793165408,0.26845408987669905,-0.981096861686155
687.6536799514404,0.7396747769142716,0.07014900541573674,0.0694843225195863,1.9128079482545628,0.02435975560658046,0.9411689217511493,1.4067248484855661,0.006642097498838219,0.07000756728814111,0.773639529576445,0.014364863237892168,46.041574552940396,0.9487724100965207,1.0618736028247038,0.04078737989539074,0.0066796236131519094,0,-0.0006989638409689977,0.022855006321711478,0.02300598855499438,29.403634222649,-0.19071256632448852,-0.9658128160209819
688.4245572701744,0.7418703100870507,0.06966330315528926,0.06930838387962834,1.9782956260862135,0.02444951124057339,0.9425270427707332,1.4012657306271752,0.0031990122402890822,0.07010190891961512,0.7876270865951601,0.01104955824060719,48.67747067833409,1.1129917524982151,0.9908251084052017,0.04119590581835146,0.006966251518833224,0,-0.0001136715884181328,0.021138713548378086,0.02291597436862922,27.956211014321568,-0.5377290719959403,1.9094849841776795
689.1919777399456,0.7442460308446742,0.06676247903259165,0.06971149285286184,1.6419042577183498,0.024681408994770435,1.0351669079415522,1.4124149059720865,0.003275191558798567,0.0668191768806881,0.794940148396882,0.014236085104315769,55.568417372423816,1.9716285648241167,0.849598024251675,0.04143873081826972,0.006685508409011549,0,0.0007234225671096404,0.021904780101895713,0.022295699657827423,27.362968547150437,0.2595176786438561,0.3630053272667696
689.9697687566055,0.7488948365568024,0.06687968196884121,0.06895984518026908,1.6218206192103035,0.024660366663327583,1.0288349100170022,1.4028235906102116,0.003157511495210097,0.06641834138063062,0.797352840733626,0.014405436340785388,58.035909867993304,2.0911800285919964,0.7108885144447634,0.04466365546034919,0.006466324192547247,0,0.0005485300477587277,0.02125252841729875,0.022723427604936616,28.53212372672442,0.5321653646186372,2.9956653746937816
690.7510166222283,0.7486061013493224,0.0631067838410485,0.06919667338518844,1.5682084949922046,0.02421147207596045,1.033081470786891,1.4208422301204529,0.0032168727170160424,0.06306149189522978,0.7911565311986071,0.011129914127477214,54.363020612244114,2.0883527036158216,1.1717245219769952,0.04547221736763878,0.0072697362362548375,0,-4.964962124352811e-05,0.021113665168863174,0.022096243233686145,29.984606000593445,1.7527543746832894,-0.3203636705378649
691.5322644878512,0.7475641955706055,0.06336149336482799,0.06846924891237809,1.627123993046656,0.02450865548036502,0.9506109743790135,1.3782020618026454,0.0031614315026259774,0.0633761442847447,0.7961823782299252,0.01107437106897949,54.999510570859734,1.9311638424031732,1.3364060799066229,0.041582625406313134,0.007843289249635033,0,0.0007688238828294442,0.01978784529356089,0.022832682777146892,28.27109422690528,0.3038950318562702,1.0287078855864038
692.313512353474,0.7497665928941545,0.0635100534109163,0.06873696242824699,1.6183574614435556,0.024419091707150085,0.9468970885244089,1.3728693897820816,0.003166856640406846,0.06304493553133544,0.8014932195248659,0.010944275138246213,55.198680940813844,1.9455426257274606,1.658265508218035,0.04298307850943924,0.008564616307679707,0,0.00048368862402789345,0.01900534243371322,0.013484639962447085,29.143842683477683,-0.1330549142327141,1.3009501094027616
693.0878465211711,0.7454444455503246,0.06341282553903736,0.06762423914074711,1.6474567989455733,0.02440931962944023,0.9391867632756784,1.3791902800781124,0.0032951736021315267,0.06357132153316392,0.8026287975575851,0.01124265548076865,53.86396371741638,2.1153524578295233,0.46587436494526635,0.04361405011537771,0.009057949377353384,0,0.00021502724059502078,0.015095641763380269,0.013300203810456346,18.947006222905397,1.9109088165829504,0.728646419560257
693.8725512357568,0.7485219331262772,0.06320552829827619,0.06690221383547876,1.6558172363479564,0.024314323595587616,0.9374593874269794,1.3559176576504002,0.0036131053514251044,0.06283990908134053,0.7961206951830985,0.010695904419645482,55.638452299410545,2.0406520279477767,0.6479264789239938,0.04191024602386178,0.008865578234090331,0,-0.0006414917489108694,0.016745288285848776,0.013334420120793191,20.680020756667158,-1.5658011863213357,0.843102410983125
694.6434285544908,0.7414811343475458,0.06347061053763182,0.06661827570710498,1.8086196652821311,0.023934397080024625,0.8989982146576508,1.3439531588690121,0.0033480819184864225,0.06326354485291309,0.7819092349621136,0.010885247554906255,45.7491999230149,1.9458301783616907,0.9015704203887801,0.04156083712804814,0.009259037385665492,0,-0.00027676755384089565,0.01604798720675685,0.012801607688789232,22.530311525703745,-1.2750290550810544,1.2474292424215714
695.414305873225,0.7417488010764821,0.06345262219072069,0.06630574039781076,1.8191160919261342,0.024065718633246302,0.8988434926540763,1.332065259157394,0.003327188660500803,0.06340612743886527,0.7886002284851329,0.010819465974083294,46.00751863243727,2.067271301786829,0.6763385316410273,0.04164375792450281,0.00860165500188052,0,-4.2213240258483834e-05,0.015120564246844801,0.013014322741743025,22.184410891170305,-0.4530708686540485,0.7235075588011708
696.1851831919589,0.7439254191848603,0.0634622600403977,0.06650952746244952,1.8146756177038275,0.02363016076556878,0.9074382493182502,1.3336139840953418,0.0034654056956919797,0.06320916304082866,0.79032657851933,0.010685894441048276,42.05471275271578,2.1059680187567476,1.1549177887147166,0.041187438019951825,0.009091472756157543,0,-0.0008031042120852687,0.016598062827860773,0.013034944064823065,21.539053345319964,-0.2776574583402186,0.29731756478752586
696.956060510693,0.7417542334138133,0.06334202940965127,0.06654476749660372,1.7641132301271643,0.022308172801703295,0.8693646436253989,1.1907293601113387,0.0034792998996241303,0.06287483989184982,0.7703432879963541,0.010759644715446425,42.0193996887489,2.013487757428155,1.1380265192541796,0.04167775325265085,0.009128660137356545,0,0.0007968351141529938,0.017735697173449683,0.012718159779107823,22.366263622788953,-0.3129545349982145,0.8390204888962358
697.7165672825382,0.7462514501044494,0.06646038004596436,0.06656816153741334,1.757732276143447,0.02233987265969356,0.8596028350092613,1.1917672302012572,0.0032435192094606904,0.06651516343015146,0.765769730900833,0.010435788794992377,43.730548408395286,2.0967966428528224,0.1517128905513888,0.035984549030237616,0.011709907216108586,0,0.00044771703586188885,0.017766304962178847,0.012360073936470118,20.70763089719148,0.8904857502936508,-0.16439803582036552
698.4770740543835,0.7328706074360622,0.06685494412468611,0.06669373096624831,1.8021602484448904,0.021490383454475306,0.8128897503718381,1.1216411206727674,0.003412631469484062,0.06662666978274058,0.7695829689236244,0.010732534982085616,43.37939247973021,1.947543628917846,0.7778232710674827,0.033839203002380885,0.01452140946602246,0,0.0005561480312339642,0.020982313778905318,0.012145352573207355,29.938354671593856,1.3426304669147882,1.4713664434007019
699.2306671283029,0.7316301876983471,0.06656609187031978,0.06801602404886369,1.8139512457205111,0.021515246349654193,0.819979658751477,1.108677430175151,0.0033204250043430018,0.06675024984688702,0.7680872823772665,0.011592125005809322,44.419672873518714,2.211097322403575,1.1353641643335552,0.033641070533509794,0.014496522595907512,0,0.0005959775740967036,0.02253436643615944,0.01254611684335645,29.94033267315333,-0.20871522091918027,0.336150312776979
700.001544447037,0.7361395763024463,0.0665136169676516,0.06997393626622803,1.7835088578589122,0.021382431758226062,0.790600409860651,1.1093751878745248,0.006783884784096434,0.06647687114208435,0.7713417666516028,0.011687052889443628,43.53928200062375,1.8374117519769588,0.5309337470477135,0.03400638036704096,0.01448991121414602,0,0.00020099608070994833,0.023804957236880822,0.013727067564958385,26.110513321102324,-0.7624320018493594,0.13316701798595454
700.7551375209563,0.7329189739255332,0.06656636071856506,0.0702575486639547,1.7615827843022354,0.021131336156476572,0.7832187244969588,1.1168903301184638,0.0068647552477944535,0.06641193259544834,0.774105310643975,0.011626297998948485,39.87507637317957,2.127036458971493,0.7689088451528944,0.030695298277531882,0.014342986473698176,0,0.0007008092465627739,0.029770302019680648,0.013728705292535004,36.913779887218844,-3.04541375499465,-2.3509111588507374
701.5156442928017,0.7303636577738767,0.06689279532523415,0.07053767699269954,1.7949069470358794,0.021135480278104992,0.7851260953597496,1.089792153130113,0.006371321222942085,0.0666686396921379,0.7906211626317539,0.011768374835810901,41.39834357517623,1.897869089071735,0.9018836261392821,0.03441612304503117,0.013762782291959104,0,0.0004457148340024538,0.030121054854733365,0.013605852378806012,36.81146149395886,0.8850986552490909,0.4181692566576865
702.2761510646468,0.7396682747729525,0.0700337650167859,0.07045904555132775,1.7854581139994046,0.021094962753340944,0.7813893737037843,1.1165574086992216,0.006599628259824711,0.07000126251808912,0.8104064662411948,0.011746895562988743,41.50509635002984,1.955528770699199,1.2410834875859398,0.035294903809840905,0.014304032863186773,0,-0.00035001294364208805,0.029769334659731948,0.013083527630136838,35.363914899370926,1.3254757826239414,0.9829163025420927
703.0470283833808,0.7342096757614268,0.0699388872750233,0.0706659814635076,1.7841835054918427,0.021217144475022074,0.7837816460308372,1.1081695097888997,0.00657236654231785,0.06994005710988976,0.804658900489952,0.0123406965847881,40.44896147211512,2.0515478282917483,0.641322322040777,0.036289374758964495,0.011947098107041268,0,0.0007459061447592514,0.031306415407840134,0.013264002090920044,33.769796898264914,-0.5545499101548813,2.4366698493258574
703.810992004189,0.7391856848870157,0.06964269833961728,0.07097758834092478,1.8060550806651108,0.02095221647076013,0.7873879990657724,1.1178057915906305,0.010110511472552671,0.06993385649952553,0.8428727735855064,0.01102936893558703,34.08350844016669,2.028846774151913,0.5221230507655199,0.03510943602840433,0.014582785537270737,0,-2.4063439211765824e-05,0.03061146860392325,0.01374957644227882,35.4588556202518,-0.29598766466692183,-1.0058113048319581
704.5749556249972,0.7340917391195199,0.06688399347790609,0.07062083110121378,1.842740663511512,0.02108703115370186,0.7830967180368479,1.1122638482565628,0.010187416931530198,0.0662882764357014,0.8383203780360964,0.010522521389761192,34.31310962997523,2.0512382143836048,0.47815255405506074,0.03568029891438521,0.014084189560504052,0,-0.0001959844196197863,0.031175184481312717,0.013549664691930837,34.859579353437255,0.8249305148988358,-0.8236654515946966
705.3458329437312,0.7365241074773298,0.06996447139759589,0.07072679229934316,1.7578294581866445,0.020891739764020412,0.8293575679391596,1.1499847479540928,0.009782029306348328,0.070339246508924,0.8552162344398333,0.010786826655821235,34.34289094430116,2.0121794814421894,0.7981512872968115,0.035409773478238364,0.01821719310601917,0,-0.0008364187903488492,0.03181703295848447,0.010122461923547096,34.84841423683032,1.3031618465095662,1.0770279042164215
706.1097965645395,0.7373092190631425,0.07002253533946884,0.07041428166031256,1.834952177169994,0.021062958091441684,0.8296437007592988,1.1609602060526925,0.009956933563445129,0.06980568797110803,0.8715578010844786,0.010747458932166524,34.7842650970752,1.9244338970069552,1.2325500836590009,0.03654493725684291,0.012490308537165049,0,-0.00027323526288271964,0.0246708970758754,0.008760229534692273,36.35060532234674,0.5731925462291048,1.0964134637924752
706.8633896384589,0.7344327643271205,0.07017668472806957,0.07102478059770513,1.7661326661110783,0.021406160993620027,0.8579532794140022,1.184900829493137,0.009826800885274234,0.0695726414843441,0.8768677899412972,0.01095135752646104,35.23693825195548,2.175984519905614,0.9318511653719892,0.036221336323348965,0.009650831237635351,0,-0.0008657263121364053,0.014992792037268565,0.008516634333746638,35.53317231162975,-0.02626941455884339,-0.4398239159341355
707.6204395613412,0.7338173921487605,0.07017204370779342,0.06947392295088652,1.9002079807430845,0.02129166904349031,0.8857217327514518,1.1807626028732838,0.009962948699439257,0.0702598230156706,0.871350109228223,0.010719909843695617,35.26616935462939,1.9776613756633137,0.7915885671727925,0.04117603475056549,0.008415025422193878,0,0.0010262929479597743,0.012873692139942317,0.00917154012545343,34.13932852550757,-0.16007946798432449,-0.2793364313101486
708.3809463331864,0.734547452050503,0.0700590322569212,0.06906143617801003,1.89286704138275,0.02331186697636873,0.8924647417103674,1.2098842837172834,0.009946060309033715,0.07014094842884047,0.8675136298812877,0.013898305951530935,40.787646638877575,2.031398775018997,0.8136785552128124,0.036607215107157004,0.008892522981863308,0,0.00038524874112252265,0.013621686612154193,0.008072986179794817,35.44548769255801,-1.8742967026891078,-0.012079489481861496
709.1483668029575,0.7373390963343165,0.07002426003644971,0.06887864242887053,1.9280417172007784,0.023039820591565893,0.8821336168419218,1.1940800502040971,0.009940220069819657,0.07006466839539655,0.8567430895005836,0.014210687306223645,47.93195063225791,1.9035748085817146,0.9312217223812682,0.036992775972252034,0.007638973446873141,0,-0.0007595178818821888,0.011732599893651573,0.009013880951533786,36.61389791070903,0.5037220047488064,-0.5794194049027279
709.9019598768768,0.7344288319769808,0.07000629802530806,0.06887573387392712,1.9186422279462692,0.023077186080064288,0.879458589991076,1.1835239471889936,0.009973337738421063,0.07010081020803335,0.8479077042790386,0.01394749102919001,46.42914183765277,1.9419135208061915,0.23949946265781974,0.03641076971979974,0.008747580272752672,0,-4.926854305043655e-05,0.011806639491892807,0.009222772305822392,35.528853560581695,0.6482298839626266,0.22205954274006387
710.669380346648,0.7416026680073984,0.06968707811294732,0.06929902906210436,1.9687635185311851,0.023916934160207914,0.9100311111550752,1.2075051160813353,0.009971191420598166,0.06996368874037615,0.8508500277351597,0.013982067652307454,46.46546022836895,1.9576256197025779,1.0282086006310547,0.03637321198338736,0.009342071870689308,0,0.0009498261531109609,0.010382296120943794,0.009827981409539926,34.87329773526196,-0.5276678502070331,-0.7832468716183631
711.4402576653821,0.7393732234573689,0.07023694185222952,0.06881725822519232,1.9701244583592226,0.022990630068779223,0.8794988381264573,1.1720450469551917,0.010318830468855105,0.06974098126774586,0.8454204572542285,0.01335322201000249,46.65824260157113,2.0669566286022674,1.4146591780749203,0.03497470850107486,0.011974746673956184,0,0.00025321250003362486,0.009723321353287242,0.009677571994156538,35.56369650835438,-1.8750150195396693,1.2126819647409353
712.2007644372273,0.7431469973288177,0.07002090489029715,0.06945361596613328,1.9781380623314981,0.023356603525733682,0.8779716250060223,1.1777458874546882,0.009874989081914856,0.07016337199952241,0.8136687611566663,0.013345003337935639,56.17258356973735,2.0284461312572075,1.0791008843244025,0.03654492222299929,0.008666488368509145,0,-0.0004985381158339749,0.010485448091038975,0.010695118918858378,36.38524941438198,1.2204915014081332,0.12671576876879334
712.988926000776,0.7504689365420031,0.07010505425485354,0.06928240148593792,1.9745525040138159,0.023935510196175274,0.9184117998196941,1.1978310024111039,0.009982883882883336,0.06988900877925977,0.8384073248407199,0.014033064925906068,54.693108761948004,2.0375865004459124,1.4917296872789836,0.04525233632377975,0.008638575908267174,0,0.0005807989690342427,0.011254740321721869,0.010537403665859752,37.12971954076152,-0.6807997863163525,0.31316809131051754
713.8081992049912,0.7486400915731893,0.07027926256521376,0.06901613694356615,1.9684016188347353,0.023683651283466837,0.9262402551077663,1.2193226395676575,0.010002411292575073,0.06981209671732255,0.8445233260391889,0.014373264518389352,58.69478762750702,1.935349894330913,1.0862239655914407,0.03591021726831719,0.008611891641375734,0,0.00029864273787825465,0.010218234248133187,0.009655710562325769,42.462669722086495,1.0161824342023664,1.4681919328612312
714.6032744664658,0.7496830817612827,0.07026715333174477,0.06941687445956453,1.9704126537744506,0.023218418752177124,0.9053848571217846,1.2168380545106396,0.01003495210029946,0.07003854794419427,0.807277960698945,0.013868864397674317,54.41363814693457,2.1517030521990823,0.9014116620339021,0.036443043165184236,0.009179766202597231,0,-0.0002456405566920809,0.010181411030364894,0.01001377310691911,41.56770740273355,1.666549409751252,-0.29797445626709396
715.4018065769033,0.7514828741888107,0.06989482399280329,0.06928669186703626,1.988323760619229,0.023059380304874758,0.8849409150791416,1.2190271490599878,0.006664117351761785,0.07043832524076564,0.8072613415376166,0.013388298759435863,46.48157310630611,2.1378857757408163,1.0638600776023566,0.0364657533379593,0.009434893242314344,0,0.001095327249801868,0.010453470741704296,0.011179751913097462,52.01142710338659,3.4853293501223654,3.169610723257739
716.2037955363037,0.7554171073212481,0.07002581270040241,0.0694795219750274,1.8868685739621949,0.023589967722603262,0.8906008167688254,1.2381055072900895,0.006453930289488538,0.06960985859639546,0.8373390134981602,0.013256729114007236,46.71437477788583,2.14835891772128,0.8316231772649576,0.036996372192651235,0.009615453788901234,0,-0.00013946104711031767,0.010998445582046266,0.009660357001447442,49.689465538550635,-0.428462858691792,2.7562622884965378
716.9815865529637,0.7504621490234865,0.06982037576459149,0.06950943751302556,2.0893845762233103,0.023887051103679866,0.8876141130691134,1.2136070191801498,0.006812973106535676,0.07017234560552942,0.8376265399372937,0.013267580559563287,46.94758572634751,2.1986921232397347,1.2119407487208513,0.03937080480662988,0.011306621082667011,0,6.421172036954854e-05,0.010754283890539748,0.010151403618941257,50.11340351766588,1.3027079015212122,-0.37397418293017864
717.7593775696236,0.7447826396058337,0.07010558584166982,0.06933925395216481,2.0655872312505683,0.023681436663100464,0.9157385248514692,1.2384690650890844,0.006815963840861189,0.06967280010969083,0.8384258469070257,0.013104100679661865,45.95633591455461,2.026861533171356,1.1496379829032959,0.04272095016151005,0.012188495793980346,0,-0.00010166422486218498,0.009887006687480923,0.009700377826254407,49.37409916863282,1.722915899746726,-1.112372344458684
718.5371685862835,0.7502962745864596,0.07023069299361359,0.0690877582867529,2.0817844866410637,0.023865619769662023,0.9128624330544983,1.263569471940249,0.006677602900534667,0.07004890255015099,0.848354475562594,0.013226347266581976,45.71075838379528,1.9899600890563642,1.178370807428037,0.042105494161819905,0.012011863184077841,0,0.00101109631081743,0.010699199908727844,0.010563016205584627,50.43730530430737,-0.28543549795849527,0.4792193109661201
719.3011322070917,0.7518730355567959,0.0700312748662423,0.06943057788651433,2.0267946283114697,0.02421095137334397,0.9099923673729706,1.3081160121964934,0.006730643765223713,0.06982674755086336,0.8834592151745202,0.013135346052847994,55.65009447421325,2.133278579389732,1.1964550225277162,0.04258574891163842,0.012208848376705696,0,0.0004345697410573125,0.010626105054863258,0.00977054613385826,52.856996181119904,0.33945669134234646,0.1844630218129401
720.0754663747887,0.7480093102566241,0.07015083180040985,0.06951287333661979,2.0724504957534196,0.02408763482638601,0.9094997299450875,1.3120535264595583,0.006601303729639678,0.06949908999061652,0.8921658999013531,0.013223569360552618,54.69227518583256,2.0506230672680843,1.067973040963539,0.042521067516932465,0.011457905937877664,0,0.00019038703711695903,0.011644980444618503,0.009828031730481019,50.11053294357647,-1.1602880227516577,-2.157942488410473
720.8498005424857,0.7460492586140337,0.06936489995029807,0.0698706671910248,2.086811658315045,0.02526975028739419,0.9488338021358764,1.3619133437918518,0.0065871025845561796,0.06996487727151646,0.8901424010434763,0.01382277381592154,55.85477871328813,1.9998563462455994,0.8167941244573063,0.03998818362261196,0.01292240648592718,0,-0.00015784847525730404,0.011703609661002121,0.009225968571390785,48.53015860957119,-3.667724917143478,-1.933189206515844
721.6172210122568,0.7451729725524446,0.07008747623197292,0.06885573807493849,1.953299306062645,0.02440444642472921,0.9500537040826091,1.3613386703324237,0.006667297827183932,0.07028667526176988,0.8838527489199866,0.013664639587339994,56.71606969625872,1.9519797103940548,1.5000052104759702,0.04030627311663216,0.012579000057571697,0,0.00010008927316647705,0.012644671601584893,0.009656471847113034,46.89773453057445,-0.5399642453902885,2.0058256094333373
722.3915551799538,0.7492767872343026,0.06980802196988538,0.06972588942365159,1.8796800196113546,0.024396477655167774,0.9175922906231071,1.2914763845025274,0.006721188833257501,0.06987462632009134,0.889784406501172,0.013451237333770722,47.14530974776356,1.9117547196939129,1.3494609956620942,0.04074959655297402,0.014508610308441153,0,-0.0003481894451943208,0.012062068429027002,0.010688231236523993,48.61615412689539,0.5636570059421339,0.26611833123348244
723.1728030455766,0.7448009125425344,0.07002047892781943,0.06983753820339197,1.973121485117259,0.024249931013197643,0.9100647457682596,1.3018056331912136,0.006711929213699833,0.06988875056977666,0.892341537642835,0.013257815514746491,56.851093020728236,1.915722322419327,1.3827302728247954,0.03976664978067651,0.025062244488994544,0,0.0011871891602423567,0.01375632962563629,0.011320593835832287,49.57379767484168,-1.490763304148373,-1.2047495788925213
723.9575077601625,0.7449075294361608,0.06990319879162703,0.0702351100855118,1.9893235141862322,0.023908582363102213,0.9105130015266252,1.2531550557840498,0.00667462590276253,0.07014472590569293,0.8204626363907872,0.013933097682483003,57.88223381221734,2.0388980826053564,1.178183045986382,0.040709850209514224,0.021503180249109004,0,0.0001314505005141678,0.012825240299560758,0.012260294741241297,45.04376638740065,-0.46035189288413103,-2.3727068543897727
724.7318419278594,0.7526265213538486,0.0699229826761301,0.07021558149666576,1.8818067298883514,0.02250507459647652,0.908115715918753,1.2383033293703245,0.00675765713853126,0.07002981700259861,0.7872734873991075,0.014037491652386765,70.8431661347447,1.9143231953292217,0.8351212691120862,0.04093495048765941,0.027137267429817785,0,0.0008655009013641358,0.013588389948220252,0.014227470264561233,43.41835598198434,-1.353335714629861,-2.1305956312763525
725.5027192465934,0.7575566049620746,0.07019453486926848,0.06969667292901463,1.9504867026974377,0.022120370578273523,0.8952641494895534,1.2227272770290951,0.006708854991162174,0.07019942854785503,0.7402654197563826,0.014188702613444591,57.855625599696985,2.0251701725476408,1.1621072093631826,0.04072548628953341,0.028037043343078424,0,-0.0003399843281359656,0.015406804197200369,0.014334951476549545,45.81028026121868,-1.9409185903872554,-1.2388986257220287
726.2908808101422,0.7575421432910673,0.07016899513384349,0.07009046778357451,1.8880254980958096,0.021748269236334508,0.8738921466366598,1.1791700145703923,0.006572126805336967,0.07014373764852833,0.7040593159867644,0.0141588823649591,58.21113768836406,2.0076851066429735,0.5882837018343214,0.03990778695334957,0.023174121577653983,0,0.0006210174089500246,0.015935352441441872,0.01621087878242334,42.31744765991336,-2.3010894202968104,1.841354994441679
727.0928697695426,0.775464521858413,0.06665213980104302,0.07014185066155287,1.8254126054769615,0.02191974991292371,0.8885243464084721,1.1107372659124672,0.006491677743402186,0.06662841871678876,0.7061189775562594,0.015354616908812877,58.08974179945312,1.950963877881913,0.8189539228156453,0.03894974158691461,0.023169498061214166,0,0.0008444721351341105,0.016549531654092033,0.016224376196258668,42.96190080941236,2.0212229786313602,0.1997407916790627
727.9225135206465,0.774119645964244,0.06624657829710352,0.06970687928088645,1.633349795606199,0.02113408313263479,0.8645279460502958,1.0849029098998157,0.006612540405932916,0.06620479259332468,0.6829140619902394,0.014117331511661398,56.62595940636937,2.0185299768197122,0.8338632731970954,0.03735631534059784,0.021610117522167505,0,-0.0008227924585867035,0.0162091520530952,0.01650727249295604,42.00507068143047,-2.313266605224045,-2.2410739196231595
728.7452435738246,0.7727545895216449,0.06671290733529682,0.07011474063654231,1.5794051848752602,0.02084605414101304,0.8091215486978494,1.014322916339711,0.006841279660773144,0.06652279831126387,0.6774341760274165,0.015222589816495716,58.4333790342545,2.0100104759558746,1.2282964429871257,0.037354908213421203,0.021291697931319006,0,-3.491054931799298e-05,0.025889819321280826,0.01719564359594848,42.96977936276592,-1.2919798571825736,0.44173126177852295
729.5506893821879,0.7728849081175166,0.06653139299709808,0.0698047101108727,1.5341525770576034,0.020884071762029718,0.8038307732101115,0.9956641816357944,0.006822447703741528,0.06663503919617475,0.681936766914567,0.015329487922717572,57.81124683751131,1.8133528576890805,0.7613225952288019,0.04104213661252809,0.02073675456762898,0,-6.961454504095753e-05,0.03335056115625355,0.01737505737051729,44.17036456178435,-0.03975423207850554,1.3955936250949257
730.3665057374401,0.7703986850865707,0.06690107618538871,0.06992467833315599,1.564313624401055,0.020053153824595254,0.7861244934539527,0.9670131097700566,0.006928379997026136,0.06646875758366572,0.6736677347669687,0.014928150893084162,65.5800348863603,2.1358684904125385,0.61812071507185,0.04087518308447197,0.020331077570047956,0,0.00023860253771133312,0.037776075683709026,0.01961770107175073,50.61977654655983,-1.7906908771180121,1.3442281327260241
731.1684946968405,0.7755106752760753,0.06672036971848606,0.06964681929870503,1.5984965272547942,0.021170171461995638,0.8037767142911104,0.9925906517830233,0.006805318435260412,0.06641953126244445,0.6708512625579057,0.014983036132468824,64.41665100332493,1.8707469086487636,0.46758136138696293,0.03740439287634852,0.020376725508136195,0,0.000452923235752481,0.03742603500388309,0.02015204595736675,51.0414004689814,-0.6241359150653869,0.5022138139302127
731.9704836562411,0.7713686396231444,0.06668772330655097,0.06992554989188618,1.592431277157401,0.020050824495554117,0.794688666750331,0.9709867995566932,0.0065467446161476,0.06635922639229445,0.673597176965003,0.014139585901603201,67.18452526251505,2.07666271818287,0.9112360732076271,0.045948158372789774,0.018338867721270358,0,7.147153349310595e-05,0.037452866535843524,0.01950894863753716,48.535738624375085,1.032598145369653,-3.6150567489331027
732.7586452197897,0.7570441189527378,0.06679062599251782,0.06926391786383089,1.6662793545008754,0.02007169548769131,0.796483738559606,0.9765502407198695,0.006734159261352564,0.06664510899005897,0.7168566141245223,0.014035510527050977,64.41226205166865,2.060495189102882,1.581036745713241,0.043553226550867075,0.018500242036833696,0,-0.0001519884624281075,0.03839700808525609,0.02088799103307522,49.25135219057567,2.521843200648389,-1.1060367440488603
733.5398930854126,0.7536257005489403,0.06963919224859856,0.06923573460663064,1.636664875396975,0.02037659930461315,0.7897920205922209,1.0031347353180817,0.006537675092737315,0.0702729421963262,0.7543729697841637,0.01297558970213769,58.84621874795293,2.076488134433659,1.1339717454899525,0.0456592850811554,0.01497062409931002,0,1.174898575513828e-05,0.03775141060478331,0.021359342237347635,56.283213293145224,-1.1879625747333493,1.5944050097356013
734.3211409510354,0.7501625070646643,0.07041182228913184,0.06917703169837228,1.5583570548297063,0.02020554025359213,0.8049317910542929,1.0072381210760808,0.006544168928064743,0.07014938828204753,0.779853736424002,0.013100569428787139,64.50664899251949,1.9292419562068202,1.0316584695697393,0.04573861713975954,0.014343356818731928,0,-0.0005188146998220558,0.03733493667254911,0.02116116041579603,58.86602345522046,-0.8994836597120108,-2.159273563440925
735.0920182697695,0.7407185533326219,0.06997916741206725,0.0689246672950315,1.578677983457354,0.020150679577942962,0.8064265795161536,1.015010757499691,0.006518040843101852,0.0700980089130889,0.7791026144597117,0.01408103770082663,65.76551792261928,2.030796098785731,1.0665778957940661,0.046012288621096645,0.014715924447796425,0,0.0003687082827175584,0.03798119032494795,0.020806726751848224,57.32410295470334,0.13656339745085813,-0.5157054639411269
735.8594387395407,0.7463331690135317,0.07006176550278384,0.06975767940016635,1.5444510367297872,0.020036794772891997,0.8050113526871965,1.0086407827756996,0.00665637555094392,0.07023292323292912,0.7780218537054501,0.013197565944780698,61.03932742002569,2.016633181201046,0.6972994923343281,0.05263614569645975,0.01460865615321411,0,-0.00015701312788534897,0.028015305348550717,0.010291820746817355,57.83038160891241,-2.0100343841833572,1.4576216497014036
736.6303160582746,0.7472456683360066,0.07022620837378894,0.07002157255143,1.614749077105344,0.019731896275576324,0.8036340542188759,1.0090328459118556,0.010080555076238656,0.07009142763599167,0.7949542744680741,0.013200486526597121,60.39473141027527,2.0744591699104156,1.0109324775804902,0.05288206289759216,0.014526358373080975,0,0.0002534629337193181,0.025209732676411214,0.009806349535690987,55.14712642252364,1.6353480695984979,0.7104189667567233
737.3908228301199,0.7425319424703661,0.07000111769075265,0.07026125814504768,1.4744016320332214,0.019840765684951387,0.7935070023926893,1.0191646001238805,0.00998002438920574,0.070300491084463,0.7764710624007353,0.013179222356444057,61.26203518131638,1.8724947423120955,1.2546603648997374,0.04622699557224314,0.018382336642998612,0,0.0008732159232272753,0.014741247678324713,0.0058143008231647374,58.0146408535916,1.18367073209457,-1.7354638429063247
738.1617001488539,0.7467728192495682,0.06976526663057427,0.07247858346235675,1.3927088219031485,0.01935557305548091,0.7650165343774555,1.0168382737820993,0.01000723551455162,0.07034990104487458,0.7779741796056955,0.01304793070755394,59.55027931159482,2.0228947688982624,0.8087137349826363,0.04472037641993694,0.015175930210234757,0,-0.00027346678719594465,0.01397075225165891,0.005124580852462292,58.44526253130742,1.2254683471566574,3.8057637829148367
738.929120618625,0.7430128861384002,0.06996629829997648,0.0723558579927564,1.4254045007824432,0.01955445167786018,0.8079797259873165,1.025736955379718,0.010069987653296112,0.07024629301532402,0.7989537878051534,0.012974202629825399,60.16315590646135,1.9344001500514634,0.9640122145757976,0.04468841562990983,0.015164430662426705,0,-2.4198472875775444e-05,0.014714163580118907,0.0038433460963348577,57.77757127030489,-2.9602409879287213,-2.6531054964033256
739.6999979373591,0.7399588141181279,0.07008430470850174,0.0726828608704544,1.4337737735361658,0.01920804319384662,0.7967179263753871,1.0222158202963088,0.010077503015381921,0.07005843140704608,0.7749632129203782,0.012800470471424463,60.924427300398065,1.928641629418932,0.7712052601095112,0.043970034684412455,0.015203926313191821,0,-0.000270178872717846,0.0142249054283826,0.003999025280637049,48.826909754022374,-0.052137342464093676,-1.2402336894984196
740.4708752560931,0.7460656106789118,0.06984641003344869,0.0729500147008077,1.3500334643094158,0.019352931264110626,0.7932025705482759,1.0256384551785171,0.009958675865806545,0.0700113066559559,0.7730020750366663,0.01304868457673479,60.79000718283395,2.0725144486864537,0.7934672848225204,0.04115195609407936,0.015348917173238316,0,0.000507743488030734,0.013859323296534195,0.00427350185991806,50.26788262146964,2.986340334482473,-0.19228005783568433
741.2417525748272,0.7412916051175884,0.06642682709024375,0.07272464799880972,1.2803521451055897,0.019667252425251445,0.7906177538437817,1.0206515058013583,0.00990719557586601,0.06648085296665031,0.7889521684889483,0.01280158079792924,60.17724612428453,2.0171516955185758,0.9385524709310942,0.04085431855744362,0.010684517532377381,0,-0.00039747143190147963,0.014247533205979594,0.0049248501708646615,42.290616888669724,-1.7056229671681276,1.0812417248687987
742.0091730445984,0.7423151411675891,0.06692680004140228,0.07247540558484966,1.2200379672399473,0.018220712718700974,0.7456466237829232,0.9601981209496551,0.00991598587303751,0.066902222707927,0.7496655708864876,0.012308303416209245,60.15774373399199,1.9908318702406231,0.8210583904456918,0.04125424732106004,0.011927920880067703,0,0.00035247737520498494,0.01751183667934328,0.0045238889497388685,37.02900550928412,-2.360691788353167,0.07337307492875336
742.7800503633324,0.7427839181998617,0.06340798863911108,0.072695017988941,1.2115184858162076,0.017911804814666654,0.7412269633379708,0.9417376861562262,0.003092206780328458,0.063577107489071,0.7443559879694825,0.01243201813188191,60.358063735623055,1.9846011941801218,0.8776460640244128,0.04094818371029961,0.009621630323745273,0,0.0007708567827526191,0.017617404798835803,0.004907766119604307,28.961492619581772,1.3271009427402587,0.010477380059991112
743.5578413799923,0.7469665448986977,0.0635334800408958,0.07180691358450339,1.2018241583461753,0.018307145868458642,0.7871655878799836,0.9619492188921313,0.0033048603091584707,0.06365196739261951,0.7602544822861433,0.012199237007893583,61.745292680731225,2.1240152854787064,1.1202712758852003,0.037515334059412785,0.01186627770010343,0,0.0004447262536497322,0.01787445872002165,0.003968968020812639,27.26293053453281,-0.5420019509821933,-1.927795564345165
744.3356323966523,0.7469363753170849,0.06315690455750113,0.06881828740053689,1.166920963142113,0.018026768116171897,0.7468675292456666,0.9275516525156289,0.003397828951401976,0.06333966303595316,0.746296701636189,0.01524224112869105,70.99119588672134,2.0036169748866413,0.24848703523410165,0.037491201266212186,0.009940912341852255,0,-0.0004611686522581103,0.018091184332803996,0.004885325044944591,29.964417371521147,1.71423469938843,0.020172736861664292
745.1376213560526,0.7504885886614856,0.06323557491430534,0.06873885707865188,1.0998191763564131,0.017973942399572937,0.7184450561393334,0.9418812488367261,0.0033260984543284533,0.06303995239165751,0.7471316631456386,0.015180503225582488,70.46417237946002,1.7577573869015968,0.7497357681071892,0.0408846070973782,0.00706659091076612,0,0.0004344232625605579,0.01782988890190418,0.003524649863685651,29.70072375709455,1.3078902220346547,1.195126809621891
745.9292397685642,0.7488489509701913,0.0631228829476532,0.06647949960254793,1.021730832643329,0.018542062369819985,0.7900977059860357,0.9627209415006839,0.003237797521723253,0.06311316022930699,0.7553380931417336,0.015273963042023778,81.01420697173043,2.009563305381433,0.9759907619333982,0.04285991728911905,0.005217047320393722,0,-1.3125482098851543e-05,0.01785746813091746,0.005626713968876776,29.126705788702584,-0.25409036400492396,-0.9445314713372636
746.717401332113,0.7489123312273572,0.06343947546239652,0.06596649173944921,0.8416382588221942,0.019383392194596165,0.8250997226698035,0.9725305034905307,0.0034281501572085596,0.06328373203758784,0.7610091881674826,0.01524067111471485,84.50584067536691,1.9795283313377783,0.7183271258093095,0.04327047009572126,0.0035666152959817616,0,0.0005267216647928468,0.01571308376708904,0.006935467314737367,27.579900997529226,-2.954011745134406,2.673596935263131
747.5021060466987,0.7489782516258499,0.06299924089419333,0.06537069776384595,0.9719810189052501,0.018391403906149004,0.8000888586842182,0.9781034997258169,0.003354660127669413,0.06306919696503127,0.745961690827389,0.015281472304131377,89.21393059236692,1.9785249617216798,0.8724498077867798,0.055001182654599634,0.0051436502728085705,0,-0.00034138497205276795,0.01612249892552615,0.006867662552711336,28.795426244782757,1.4897415534706768,-1.6154537445653194
748.2902676102475,0.7521334124255674,0.0633462298505384,0.06465535997811865,0.9541509779664259,0.01910107755111561,0.7989307012158241,0.9688504388932051,0.0032446654062887152,0.06356241239147863,0.7436331312465436,0.015206547796079037,91.64536007297922,1.8072891110127245,1.3390190584619435,0.05526453855668297,0.007287832671788389,0,0.0001374636600106544,0.015105107472617096,0.006605548495896977,28.45182641898229,1.1939485445739926,-0.7845411321640361
749.0680586269074,0.748751492641439,0.06294104116445783,0.06391342351887608,1.0200802512316176,0.019093469732705474,0.8582663238484046,0.999308068523877,0.00011999349338293927,0.0632126546420926,0.7572803437577671,0.01683436558598352,89.51160374402316,1.9419449794521166,0.9000635216696002,0.05640913805638946,0.01594905486475141,0,0.00013088274277709002,0.014171972406487064,0.006229323319043301,28.62050489164062,-0.3557463284623791,0.07440349239071582
749.8458496435672,0.7498143563414059,0.06307569994936314,0.06300707927267035,1.227979951859149,0.019159754234075854,0.8652779136188445,1.0018288481942215,-8.114424630311981e-05,0.06325838053410979,0.7524534223420846,0.016837019885378095,89.85960820746821,1.9905717293262515,0.560384250973005,0.06372743229544661,0.02073405384924904,0,0.00037283050843927017,0.015765184408345203,0.008484320707611303,28.665461277278794,0.3840954680411664,1.671674517472717
750.6132701133384,0.7494801026189951,0.06353350989974484,0.06212877751650061,1.2044888347613716,0.019333748445130305,0.8550352028851751,1.0159009394324623,2.0324903350331906e-05,0.06329196038179222,0.7563041147708557,0.016986078081325802,89.05620176223717,1.9599192379883068,0.6498581535049144,0.05574359290174764,0.01606597023830304,0,-0.0003657346642764384,0.016192957394746545,0.010648445701181106,28.558564047821204,2.603447051042878,0.6237844768444503
751.3841474320725,0.7508376125696651,0.06309852384251134,0.06196594622767945,1.2126506673634732,0.019062237745973126,0.8274402400279532,1.0044152623501699,-0.0001667654878136898,0.06321322511947867,0.6842979519258541,0.01684059909896189,89.3389187814155,1.8032740838477692,1.409834871854834,0.04970879434462728,0.011913588968665232,0,-0.0008575257406869398,0.014711738037089764,0.01088544589732261,27.49807166389134,2.411474447356936,1.8324168256147382
752.1584815997695,0.7513433694274201,0.06325310542502705,0.06101763849437448,1.1894008847167972,0.01937429270893912,0.8056453358572745,1.0096523314557457,6.800148301170788e-05,0.06315883648077458,0.6741974931150121,0.015474685909790072,90.96958374015811,2.052615957529392,1.2125426075205585,0.055650322349197624,0.010991003128882166,0,0.0011666247112793503,0.011141552475967723,0.010552757471448567,28.014505212595544,-3.329925218672071,-1.4288032579029284
752.9328157674664,0.750572505952498,0.0631391979112343,0.061135753623515914,1.3305874808894425,0.01929204111165694,0.7985815913351769,1.0036237289494154,3.806335205711368e-05,0.06383424284336972,0.6714515440904909,0.015245894699414774,90.97631626372346,1.8289266100640056,1.0811392754585256,0.0495532378048124,0.010670478275923006,0,0.00023507407620642083,0.0114475665679473,0.012518086643719912,27.660659194237507,-1.1262695730918761,-1.0438660441493948
753.7175204820522,0.7571389858628904,0.06371149058124477,0.06096473089606043,1.3027172234499096,0.020625347086648864,0.8160492366680703,1.0119886047223325,2.3767133597422047e-05,0.06301636658927783,0.6221516117965494,0.016830989818413432,94.30937772220106,2.0434572742252253,0.9259842280821091,0.04692788932030961,0.011208749951761946,0,0.00014172519601570287,0.010696565405550208,0.015664990751214032,27.744043656838933,-0.09266166258917183,-0.6339927335597646
754.5333368373045,0.7560101054968262,0.06307338889804714,0.06134878372795229,1.2277569623155835,0.01999624898638382,0.8027582563626784,1.011918208769339,-0.00017906785390193347,0.06321053312155671,0.6299803685340145,0.01510130321176398,92.6587227875681,1.95211825669768,0.39333423053315,0.04769282483199397,0.011035024779534115,0,-0.0008815803810246848,0.008506472121350252,0.019708603947334175,35.906386979672696,1.7810431253237398,2.0850432209285277
755.335325796705,0.7624962310597798,0.06339204354392351,0.061422119001804644,1.2900043574882916,0.02002794422748188,0.7609412576075619,0.9970827618636635,8.510701815180959e-05,0.06350047765456816,0.6205459827464906,0.014580900728405587,91.65917233121836,2.0868418797492327,0.9506792942039661,0.04698668447503197,0.011126119301266956,0,9.929793191669939e-05,0.009966808489908649,0.020015156499111786,35.51248546727294,1.2290705816650358,0.5465186269022287
756.1304010581795,0.7668161206683372,0.06324635085730865,0.06150644987232624,1.2978916907940519,0.020077053021004015,0.7585756198519021,0.9917002549481259,-0.00021696017801392035,0.06344858792424511,0.617188149961751,0.014046802700647629,93.04106197700088,1.8310575107855729,0.7935098554295725,0.04331250740524514,0.011148282246734911,0,0.00025206179204320553,0.009747777025134867,0.01987483078183233,35.53347680351597,-0.6065757016038321,2.3174592765790196
756.9358468665429,0.767408390992279,0.06315654117070216,0.06158097319318409,1.4163746883115433,0.020575449770677202,0.747405193799905,0.9867353747368991,-7.428172740199587e-06,0.06328419355010788,0.6219196372331701,0.01385569282975257,93.09839713157325,2.0431156612879104,1.1728746000694332,0.04309547411088004,0.011146659124619497,0,0.0007330211984773872,0.009339138458464003,0.02103804743930004,44.44753756804858,0.4554714615638208,3.6862787491247846
757.7378358259433,0.7629667507343931,0.06353457110249544,0.06479523974175162,1.3395761995307052,0.020117064607523442,0.7331426298955706,0.9647971226369754,-0.00016888719670299414,0.06331470463991926,0.6116546593434976,0.012819101256028486,91.90451281075393,2.0232532960748757,0.7898680812840568,0.043434193569438194,0.010736041471515264,0,0.0007422920360402117,0.00916841320684779,0.021933123125161044,40.87605243130308,0.4460231243985781,0.7598096335304001
758.522540540529,0.764247851828341,0.06347589806809921,0.06489552817813442,1.3804012920435131,0.019976021901845505,0.7358715068675278,0.936572844659937,0.0034728271385455907,0.06313860169605184,0.5880604465941232,0.013029726205526527,91.96637204551082,2.0960716547565235,1.032139421257989,0.04353339936412187,0.012570409736130788,0,-0.0005204271172027118,0.009615059999246708,0.022024990033325555,41.6937325585064,-0.41140119107249956,-1.0741001454625259
759.3141589530406,0.7579958621289549,0.0666540423252316,0.06489360910727475,1.4013762071638158,0.019968310240778293,0.7263723751447656,0.958553423391719,0.006729284014763755,0.06675468930418003,0.61379719245759,0.012893185056309663,92.39195766548102,1.9536082512334019,1.0361535187726996,0.042666247772345726,0.01234374463269851,0,-0.0009619907455606842,0.008748455722521946,0.021605031027754115,43.79606865906948,-1.2584144520825618,-0.6740190569653278
760.0954068186635,0.7582763544615663,0.06640158622445227,0.06488246276479022,1.3934029332107283,0.019744354917739935,0.7212123241281393,0.9599873352959989,0.006739542264545003,0.06640433299511218,0.6067122713336772,0.01214336745390573,90.00000651518013,2.103946177393719,1.0173478699727674,0.04362866039383646,0.016610679757936685,0,8.029858496723628e-05,0.010109144556107055,0.019549630323667615,43.0240044333863,1.404424110923705,-1.461813333647151
760.8731978353235,0.7554551332363988,0.06685543996872835,0.0665169251790734,1.3809204418106482,0.019638162880910335,0.7186348823497806,0.976518244429256,0.006572064870719815,0.06662534704840069,0.6212109881737298,0.011982515792609776,85.78194021136231,1.832429621229227,1.5656407332910094,0.04085264634851724,0.016104377170053946,0,0.0006962101775260341,0.007382090926022764,0.020499725298090292,34.04652897617844,0.9713890395928776,-0.15424531071967415
761.6579025499094,0.7482005912086945,0.06696759741189841,0.06680576115133623,1.3575050751717803,0.01978916018340163,0.7047192102665323,0.9752822982903586,0.006549461341667305,0.06695956315453011,0.6193999505916231,0.011845115856458375,82.63005241897811,1.8183827690068504,0.6670795808417262,0.04354254758309603,0.016098861075756088,0,4.380743875285803e-05,0.006448564791809774,0.018162961463310357,36.79771596939269,0.34675108388039655,2.398108795574035
762.4356935665693,0.7482076041336395,0.0699446813927223,0.06728717812602009,1.424777482317494,0.019859030119671984,0.7108910785275634,0.9809502564848166,0.00678815301093231,0.07007649238589808,0.6235532004073808,0.011834054424922469,56.55688473406543,1.9532055344845742,0.9626799899806889,0.04290025623473121,0.016066914356823576,0,0.0007467509184227502,0.008245785055836986,0.01745185052352817,35.62125395084369,2.3002709716180787,2.619747458885492
763.2065708853032,0.7477696508696903,0.06995970151325823,0.0671998439891011,1.390586814180833,0.019809899967824687,0.7063123829688738,0.9763679811965441,0.010018635231480704,0.07019542622484778,0.9258649835047019,0.011161675236497408,57.66589739706751,1.860307080086355,1.2061525677272191,0.04366696452846414,0.016278861771134124,0,-7.400936979126986e-05,0.008100378949174963,0.017776365648545855,35.75468068678405,-0.9558701170174095,0.373583058997424
763.9739913550743,0.7423616700344199,0.07006044684421604,0.06731343675839152,1.3776902635241144,0.019779438128102532,0.7217504647462961,1.003003057524137,0.009906221782666917,0.0695873928500031,0.9208028282128684,0.011209037818393802,57.887452864550625,2.0899823364326386,0.6640341514821242,0.044466474658678444,0.016244285143644035,0,-0.00024479343281733155,0.006884625101371693,0.017493935786581462,35.8294244773659,0.17383097902138162,-0.3420670671024052
764.7517823717343,0.7431952442607473,0.06992760281743544,0.06805404281247278,1.3916158706045383,0.020630362204909925,0.7193023400734437,1.020552141614868,0.0099415348034063,0.0698684064143926,0.944208066714204,0.011217629323691063,55.952670662965865,1.9051976741091718,1.302916224655353,0.04466241255301244,0.014414832631939935,0,0.000654269524271072,0.008112644507487226,0.0162634586581646,35.318608942274246,1.862310476004816,-0.3028248285869331
765.5226596904683,0.7382236661083281,0.06943750808255705,0.06835020637865083,1.5130732399739817,0.020670220468399555,0.7298750992658768,1.0281510413236616,0.009955851903064049,0.06976535114046892,0.9471533921010244,0.011483688366187898,57.12475925224109,2.074265652466876,0.7467938824802753,0.044399599228343904,0.013111972274195015,0,0.001146451474416986,0.006930705389163343,0.01280233862947116,35.76456783596698,1.416602827489757,1.4351376286244104
766.2831664623136,0.7353747841010557,0.0699411682859323,0.06899745389173915,1.535524487065162,0.020426553058775016,0.7230754821112255,1.0120110264361122,0.00986830235983938,0.0701532162800075,0.9517455330016987,0.0112333164098165,58.133535583603596,2.103111730485535,0.8264616396178334,0.03991336760754988,0.011783114938013662,0,3.823271264487125e-05,0.007710263138710733,0.0027999634460264384,36.05442593825884,-0.6026964833761855,-0.7867854387329088
767.0505869320847,0.72922201058408,0.07016104138464767,0.06948148321123596,1.560236183335747,0.020647564732329735,0.761919612765179,1.0316915436344916,0.010121587027713411,0.07013585664891167,0.9445607266918058,0.011254642261829678,56.976823694659764,2.0412287685630326,1.270161571890743,0.04391544970213664,0.010717775608770394,0,0.0006262251990907615,0.007441302879042401,0.002949584727275246,34.631154547180344,0.5302026104458921,1.0999624703920445
767.8007231570411,0.7225072532081356,0.06980704398589531,0.07552118913488312,1.5035086949988545,0.020824201150066148,0.7685855643929612,1.0341196185204455,0.010188429259577018,0.0699534519336676,0.9249098536677751,0.01166013757169503,57.63632181285382,1.9578177460756714,1.0825602014477662,0.04445345760531153,0.011099090129114496,0,-0.00022233034988479848,0.006771848793661278,0.001499693789261496,36.89522330400327,-1.0806040654822924,-1.9924827982643325
768.5508593819977,0.7252078104046227,0.07003017965763643,0.07630769823170744,1.5395197805660223,0.021204218002478913,0.7695782715803143,1.0413048748840694,0.00997317081504547,0.06992798049866082,0.8284847262233177,0.011793475237576343,56.490340711640414,1.8783790610317865,1.0404590549725188,0.04427310711424383,0.010439206175451387,0,-0.0010174619549643319,0.007166822685542791,0.0019492399644945283,35.78298521598188,-2.0965317044425995,0.365234280717902
769.2975387579911,0.7216876028601878,0.07003528578577813,0.08028882927858737,1.4972241599136442,0.020829081303896445,0.7751548686638088,1.0333252462187936,0.010036836509273494,0.06983366114898998,0.8111487835263159,0.011631863397785587,66.45938345395048,2.0198035950536277,0.5254257876164627,0.04417786345334887,0.010144064825685745,0,0.0006616504053255032,0.006869465231697285,0.0017002936615940112,37.61109014658476,0.8942812452940386,0.05622901303172032
770.030390738133,0.7226261842205358,0.07009515610979213,0.0804865924783067,1.5832690703466155,0.020709410013141416,0.7739808647684049,1.0390792954780124,0.01018734534414414,0.06980923151587143,0.7705434542769154,0.011820143262822018,69.64636219959418,1.9386550400145686,1.5387176039935588,0.038522046837098894,0.009847969049304394,0,-9.902817659427423e-05,0.006842073357756979,0.0019254038018000977,36.21570343019823,0.10337869861064491,0.831889275029322
770.7632427182748,0.7238137066359357,0.07000640504005515,0.08065570729396836,1.176266979408677,0.01975473018870329,0.7811409992892906,1.0269466543634187,0.009983238712308376,0.0696251547472689,0.7378344243355288,0.009882965294400237,67.51187701631295,2.0659605158966157,0.37490296611627094,0.0388619339774402,0.009773624685382738,0,-0.00035723723773516315,0.007799499980941504,0.003492202910471317,35.86133886278504,1.0652896272572325,-0.10022324310593153
771.4857241515277,0.7207164167969553,0.07043763840424079,0.08068277598075385,1.2147284897437964,0.019259418699556642,0.7833639087383873,1.0234522300922277,0.00987021070110331,0.07007982189129743,0.730565069710493,0.01053572666644979,57.2635807993481,2.1021136643260387,1.3709566139493896,0.03932714456622259,0.009536788389388252,0,0.00024043307881058736,0.006172987465096876,0.00344816877764289,34.1049812091847,-0.6334877644772194,-0.9777169741246354
772.2185761316695,0.7234678728075848,0.07034805623387354,0.0805540343493682,1.154010048166474,0.01919751631546164,0.7570085449650543,1.0327279851381896,0.010055887459527174,0.07009645519401557,0.7208689741747053,0.010701085512482143,58.81613306657253,1.9324874129200356,1.0433439035376046,0.038425055615106694,0.009579830424975837,0,-0.00019197649036060895,0.005939923378330091,0.0026073021519573756,34.88578318779169,1.7927081648083552,0.2958921473551929
772.968712356626,0.7224425343324954,0.06977955385848403,0.08068989578720792,1.1887319611758629,0.019522841806935403,0.7532075057642221,1.0258571513250685,0.010163335471867478,0.07036092284422368,0.7189223737497002,0.012089471060191741,57.841197745832474,1.827211094013776,1.0945104596554307,0.0393912383267556,0.009908107784108743,0,0.0010348625641565829,0.007687904832630875,0.0029009797270714943,40.8429442578288,0.9808361684484243,1.6573235194374238
773.7188485815825,0.7214301170396178,0.0702108403122328,0.0804805834546297,1.1777854135875232,0.019257445229155935,0.7517599878063399,0.9781840194226292,0.010098421862098238,0.06991962647043928,0.7112183055805384,0.010393929436139262,58.15858332173254,2.0449888423721867,0.7949006624887561,0.038863672059916504,0.010731119800151309,0,-0.0005160224136157973,0.007061719625072337,0.003007596628520279,42.50385795058362,0.2156878546150315,0.8488642770195493
774.4724416555017,0.7242639371083044,0.07000054650731391,0.08058877681200391,1.1589244550700006,0.019025524575680415,0.75759567850959,1.027956116949515,0.010084122334398838,0.07040657780275977,0.7269047238036933,0.01031531906833937,57.00439029745049,1.8001119148778888,1.141838200654208,0.04889858142687719,0.010688343106666059,0,0.0004466258772264049,0.007989103005864338,0.0035102932416901703,42.23594142226312,-1.6912504057717328,0.5479968091958323
775.2364052763099,0.7349938349940494,0.06973336021610305,0.08093243447836138,1.2873256658085719,0.019426216630319088,0.7532038246877211,1.02460714582455,0.009939408827723983,0.0698751591309111,0.7348828538077243,0.01032285767784324,56.33767203122498,1.9220794746557965,0.5016294850343288,0.04930263653159669,0.010617232910591618,0,0.0010339885658233277,0.007131657126374584,0.0035387613165092416,41.87481503713831,-2.138228632257853,0.8782002297555743
776.0038257460811,0.7363809777561805,0.06977058681308636,0.07316684442895727,1.203429107227083,0.019477560977634867,0.753614780127924,1.025862095631689,0.010000886318280782,0.06987184750479676,0.7349177758449196,0.0101594674469028,50.36719727996359,1.9463113912468057,1.285998243567414,0.039031053351716076,0.009895360061015789,0,-0.0003529067247593349,0.007724102954654519,0.003348168226678116,39.571628800011375,-0.7258385542378611,1.5906723850935203
776.7677893668892,0.7394393756773592,0.07004231120022651,0.07354351001706459,1.2028086850338133,0.01954026405599094,0.7661691484303974,1.0115187431263093,0.010254413366270023,0.06958951055615564,0.7830767118053779,0.010408210283393374,58.75120440539327,1.9589309641165165,0.9671685066620302,0.04047335787530212,0.01196448471347402,0,-0.0005816856675966743,0.008111741089521658,0.0035196955148137803,43.002697044886496,-0.3368318733358455,-1.6747588688096173
777.5352098366604,0.7383486271290641,0.07003086245020493,0.06948983645466972,1.241342575009105,0.020080220986546635,0.7655353239501987,1.0031726758524997,0.010049954244198765,0.07006587851511116,0.7947336672821902,0.011914170088246166,59.11539025076265,2.131298683984486,0.95615885716788,0.042862418379636634,0.012195299695185197,0,0.00010368508127029664,0.008018649846626837,0.004536425758462668,43.21435754320329,-0.4222248131719414,0.40976563326368404
778.3164577022833,0.7422536790673272,0.06997865115490223,0.06931620144604829,1.3522283797838277,0.020085036446915856,0.827211274902122,1.0670799743273895,0.010217289818501766,0.06991386330429772,0.8468034690069004,0.014163289688030658,59.422940154961054,2.0382585119778915,0.9717388315847919,0.04393264733259663,0.012108743707131619,0,0.00042600132580041547,0.009035257666944602,0.004435255771177999,42.36610425036738,3.230473962494303,0.6478719793557952
779.0942487189432,0.7417594089653732,0.07011399057098379,0.06931526453722343,1.3328812570707471,0.020691546779827593,0.8273959147175486,1.0647583452150715,0.009944866671972996,0.0700874208888564,0.8528124152028256,0.014073649219280586,62.624440760920805,2.1870973857840332,0.2354421107820367,0.04396185593082122,0.012512535254659203,0,6.251406551545903e-05,0.008427435435101384,0.0037289565692566477,42.71920467042599,1.1976123230664015,-0.07763323127616242
779.8685828866402,0.7465724565675913,0.07037339083205146,0.06940720418119173,1.3084421038691476,0.021452941220540984,0.8244893137263978,1.0534093874565134,0.009948521157899404,0.06978097769187405,0.8920148535147309,0.01537300438390348,67.30067866797918,1.9451925169216209,0.7303249042299672,0.049162618801740894,0.01212321777617056,0,0.00045182499769372747,0.008340097325181074,0.0056469285825139085,41.279418189072466,-0.45204620230679626,-2.435545659703194
780.6394602053742,0.7480797616716314,0.07008582203831444,0.06952920957453027,1.3458899991908175,0.0215310970836385,0.8277008464317249,1.0571942440928586,0.010254397412983451,0.06996936866382725,0.9069707358265209,0.015213847629066269,66.84378087160411,1.9606837452380634,0.7349691997147758,0.04938663691321365,0.012107191296447856,0,6.56590643207593e-05,0.007487250503464804,0.006311054603313113,40.93306235904082,2.5068986964902322,0.4577291869574488
781.4103375241083,0.7464009990920236,0.07030091041774227,0.0697311235008543,1.3436900156657428,0.02168239037299952,0.8276264563235992,1.0685865533234515,0.010142803992013083,0.07039740845592796,0.9240792409469092,0.015594869852830588,72.67649302615516,2.067691491505402,-0.10230977422321463,0.049027573169527196,0.010200398890460576,0,-0.0002791574582198263,0.0074711886704841406,0.005572205308714402,34.44612084145511,-3.006878447874845,-0.5274728787688053
782.1846716918053,0.7487656688411068,0.06997954938452704,0.06893290685940084,1.3038491141182535,0.021667498737147628,0.8506180293702938,1.052814478075339,0.010128474272743274,0.07024046745343955,0.9116658452824757,0.015517264332291414,71.77208379393593,2.0354672546761465,0.945886988074531,0.049093563743182696,0.01007296422101967,0,-0.0007080702778649057,0.009260580963588751,0.007320334315319331,33.357366935094575,-0.2884054461472386,3.1334021141068646
782.9624627084652,0.7440618927575599,0.07008188573752674,0.06931097499866373,1.3033336980961523,0.021650283672492065,0.8332554493029678,1.0481221771732117,0.010063024569034216,0.07017795303176866,0.9085638600489014,0.015532969334214318,70.57434279603477,2.0055374282705785,1.208256544081791,0.05302318305454335,0.010151119878235235,0,0.00124019685442341,0.008602394977759541,0.0069150233412373936,30.79322700968874,0.9780402561912118,-2.0042839840892115
783.743710574088,0.7465265362189594,0.06963682877994297,0.06829522084838423,1.0881207339031502,0.021898428946008654,0.8275381488688189,1.0551079700983126,0.010004782351628034,0.07023801825641664,0.9140609925527057,0.016501814055729817,70.08805217750253,2.016170412301214,0.920344915748706,0.052379055698760356,0.01022462380082475,0,0.0006477373564707351,0.008207218086959584,0.005991877263127793,19.86349202332468,-0.8627565750987942,-1.2359243775466027
784.5145878928221,0.7442874003474966,0.06676978510057288,0.06860227578917555,1.1240109078089546,0.021663538584290678,0.8310906483164758,1.0284011115065521,0.0098795182634725,0.06636221663133662,0.9092415788662327,0.016455629990442977,71.60358537766393,2.0004407711643313,0.7968058007747479,0.0529398653823684,0.008823894016697822,0,-0.00025682774235687617,0.008719914707107652,0.007045242061658756,22.989750914483317,-3.0947133512841467,1.5472093388746981
785.2854652115561,0.7489205120737392,0.06637925771748003,0.06845861984533148,1.0849705359628408,0.02174306079079948,0.8284136925942126,1.0212041841268105,0.006675150593497954,0.06638888595850986,0.9073215034038284,0.01627817065284204,71.9444743813366,2.0080491317773403,0.7733234716405418,0.05282665450691116,0.008362267643890739,0,0.0010889376566682804,0.007968353498816617,0.006954470082590247,23.21751544912401,-0.004548388156044637,1.9697938684326335
786.0632562282161,0.7513180486786907,0.06993135499685309,0.06905041931826346,1.1212634379634356,0.022200760655543137,0.8322787300190588,1.0158672077270836,0.006713726904888042,0.07000608695459827,0.9056509066120478,0.01648079268326573,71.56295081483631,1.9658577164254798,1.4664618874537374,0.0531595764723117,0.008858234686435137,0,0.000882454868756492,0.008819449155401265,0.006611422072668748,22.84953467977993,2.2841518918857804,1.7268076012970215
786.844504093839,0.7508276282366004,0.06990250278760883,0.06903010847853636,1.0416209246889196,0.022270825172402257,0.8301037041327115,1.0183343782980943,0.006753752391121719,0.06997578324166938,0.8626953798695615,0.01568730033229012,72.9458820251858,2.000187708671027,0.6023302792699383,0.05306205310653157,0.007524796932681306,0,0.000384367473974189,0.006870885631939951,0.006701545388690317,20.503269761570333,1.1053904074834233,0.6177048146195618
787.61192456361,0.7532288597501687,0.0700977888461286,0.0686270462398257,1.0868690409880983,0.020715830237851476,0.8272601314886355,1.0008174481483656,0.006925793431359277,0.0697430873115406,0.8136903609585042,0.015146920661790774,71.81470581280234,2.001317889882679,1.2795381256180411,0.0528031893877983,0.0076624600743981156,0,-0.0011409609267672457,0.0078207542558931,0.006217117647155495,21.00727542099308,0.16970993714374058,-2.4601730332055247
788.3862587313071,0.7499508113995885,0.07017157776698782,0.06867282244217943,1.0635614639269868,0.02074546643245368,0.8569276253070335,1.0663770762417506,0.010180939116355092,0.07045753764382925,0.8260491996009552,0.015069727020598814,71.28578489415594,2.0381632137395522,0.674971405936736,0.04643220116076462,0.007711801720124055,0,-6.755584511237685e-05,0.00840017667142953,0.00670585139454019,22.08786812306692,-0.006774185824005465,0.6502365242797356
789.1709634458928,0.7536610102929828,0.07012550069472281,0.06814019788635467,1.0061215877600889,0.02085236678378661,0.8508314010534234,1.0496943712725066,0.009802452121718654,0.07020658481296455,0.8002357867596661,0.014143018707208119,70.68880420225915,1.995081502765275,1.05456052657187,0.03935869417854325,0.008288312683422621,0,0.0003450815698144004,0.010425619318376543,0.007629490856315356,17.05743733709336,-0.6648810738227721,0.6796188925547682
789.9487544625528,0.7499874933674424,0.07004423756375432,0.06870285804199658,0.9564954382791303,0.02087612417018088,0.8479219670512604,1.0555176199175453,0.010050276908189574,0.06960584507891669,0.8087208199409179,0.014143118547723437,67.45768532488492,2.081801424809084,0.9734869700030794,0.03805968516501357,0.008567375270137113,0,-0.0002918343032483346,0.011094448175698709,0.009089779103210283,20.208366634423534,0.9934768545845098,0.9531482175594282
790.7265454792126,0.7495285084550813,0.06992823173485563,0.06839280322945332,0.8906837705788048,0.020142340190943974,0.813659728144409,1.0477643735870614,0.010016110425914751,0.06997491318656865,0.7487565775452552,0.01311647371015498,66.15184979021592,1.9330768256214252,1.0446016038830288,0.03436908560180037,0.00856868611554029,0,-0.0017418303869759088,0.010746534297059565,0.008628090254782549,21.37719482918615,2.16791951839402,0.3792704258091107
791.5043364958725,0.7429145510006752,0.07011430979833815,0.06822518891725049,1.5326472918443659,0.022159521553290602,0.8482946424956108,1.050214727995419,0.00998549252250476,0.07009910811966828,0.8264943267407079,0.014711924382313057,67.87791901863292,1.9497185493899714,1.145343766280449,0.03436347207090245,0.010493586582772482,0,-0.00021352344577058225,0.013179669821015486,0.00901691051507526,22.03996515582539,-0.1442122317846273,2.5918281301731887
792.2752138146067,0.7479055904257222,0.07016879505071306,0.06966370884174533,1.4592880813925835,0.02210848435331343,0.8175088805632388,1.0588964035762316,0.009933587605802069,0.06970678100418062,0.8330658750049387,0.012780632704459196,65.55115838822101,1.9418551190556563,1.433192421821235,0.03255763306533872,0.01008575281256498,0,-0.0005045026835301674,0.012522249708751092,0.0082423048838578,22.374063623798932,-2.84239092440331,2.7985925353652874
793.0460911333407,0.7423124772883551,0.06971532480148426,0.06976804343968154,1.5668134836340866,0.022259213909376855,0.8221077372233713,1.0402030320160884,0.009965578531419312,0.0702100132736503,0.8245178700652905,0.013027382167499232,66.65046081129188,2.011542349852552,1.2181026362998097,0.03212464016054414,0.010833002614365567,0,0.00020184185637026547,0.012785562849277638,0.00781582417730387,22.03010931998903,-0.5428362388589759,1.437721758460757
793.8204253010376,0.7465731333437226,0.06982016455770289,0.06976708866714747,1.6024680770119468,0.02203951779420872,0.8252316951445421,1.0513140229977707,0.013229632535314628,0.06996652424105977,0.8184880443866956,0.012224727224695378,64.65063329930452,1.966777784988563,1.0557298312951653,0.03316030137970382,0.010085014892585176,0,0.00035438001854041026,0.01311829423503367,0.00893987803710221,21.80705870549172,-0.6222991906484283,-0.7093489056463848
794.5982163176976,0.744204238960652,0.06982723068786924,0.06982759818515576,1.5984901097137587,0.02205118874239229,0.8296742000737525,1.0462384773570574,0.013397376929522193,0.07010002915804667,0.8286604191528726,0.01209543571753997,63.70767171179284,2.0526992228798093,1.001824111515764,0.03180398732177738,0.010421297094482581,0,0.0006148051831278747,0.011988231603951013,0.008234554344120272,19.125706572254295,2.2695672737303996,-1.6521789473312403
795.3690936364317,0.7418884751318261,0.07021236401652406,0.0700614467814832,1.5846448619051436,0.022023525495139484,0.8287602107717595,1.0632939174108549,0.010149541417800508,0.0699166139748905,0.8241440475424858,0.012284419725683962,65.01271546018538,1.8301274820297093,0.8781598266987903,0.03208188272193566,0.009841209903566637,0,0.0006760401605215619,0.013232335407199229,0.009089823427338647,23.124081260268465,-0.8392449907177245,0.36783337319569714
796.1365141062028,0.7431723293873225,0.06985886149054091,0.06973435858724888,1.6755693497452997,0.02168613401162918,0.8332546312226861,1.0543745109041662,0.00989327486731902,0.07024756494717532,0.8273455915933802,0.013185511349077172,65.31613008016477,1.9076730374271393,0.6496782422582809,0.03471413571269201,0.010395261697541559,0,-1.0482497147420465e-05,0.013852237002394947,0.009093072082792954,13.891465729125327,1.2008561009903322,2.2658214465168567
796.9108482738997,0.7421889147870104,0.06976010635510463,0.069878944248042,1.6575632475264315,0.020080472029982338,0.8222249959580485,1.0392292711579156,0.00993814780625428,0.07020562699886627,0.7965288710556802,0.012270140162762922,63.94134394767199,1.9263750689732,0.721188539309724,0.03420894262959063,0.009515578531426965,0,-0.0004942352839470847,0.012160308209315905,0.008659500466041135,13.986850695321378,0.5813395759996274,-0.8047250185811113
797.6782687436707,0.7418305923288988,0.07029853038769365,0.07007806666144197,1.6326445858884047,0.020445173478694196,0.8201175379145874,1.0470390327255452,0.00985405482184353,0.07039336458226375,0.8116572449435752,0.012021813230037606,65.35547604560466,2.0854127975019088,1.0101420893331057,0.03743588313947968,0.009999601412506604,0,0.0003447416712248869,0.012368823804531748,0.008561168376974043,13.615953077111355,-0.991621214779906,-0.03882208461937442
798.438775515516,0.7418928282777143,0.07044670563795855,0.0700574178725123,1.6409032165571165,0.018733283609968544,0.8202367890204163,1.0302741200802326,0.010239385914302434,0.07018491205655979,0.8243904973339778,0.012011781328306208,67.74109790071711,2.0524869303886204,0.7749936383600671,0.03827321594590492,0.011344237688376934,0,0.00040637572626925925,0.012985983567398034,0.009320147724403077,13.634274546097675,0.3832324582735644,0.7917740588521728
799.20965283425,0.7390498386971567,0.06654141594083314,0.07006558588007204,1.5407363650807528,0.018642166853094794,0.8127358729151958,1.0153677781156583,0.009764491802196474,0.06674904160197688,0.8263970053630827,0.012115612513160304,67.21869673374235,1.9499670121163923,1.5579273954094814,0.0392774646884936,0.012457813741487973,0,-0.0006370501746901247,0.012592733798084338,0.009980958200804527,13.491281498800905,-1.880817878019188,1.1194712267937028
799.98744385091,0.7399070628481235,0.06648303287521769,0.07021432912940456,1.5665952005821049,0.018988363859905478,0.8167384015266642,1.028277756850039,0.009879998843267524,0.06669651080064733,0.827673677022505,0.01195862979824051,66.47662783221892,1.7999504590054627,1.14523186234644,0.038393677075304666,0.01266826561381936,0,9.44300008389811e-05,0.012529753805921074,0.009181198375036797,8.648277267113668,-1.1482006752114569,-0.4243919619342711
800.7583211696441,0.7370134193172616,0.06643074396023216,0.06890000344946062,1.7020474336399394,0.018665816198806463,0.8165529531681484,1.0291312101274188,0.010042261085706954,0.06682125848763608,0.8205436928933406,0.012144341402486556,66.15489967243174,2.1217021993006275,1.118730945755442,0.03853995685445363,0.011226850038615961,0,-0.0007165019940317275,0.01254692777454911,0.009169147992394232,8.010304979675215,-2.54910012913399,0.7488512438368414
801.5222847904523,0.7368055196359649,0.0663602486587967,0.06899778429416753,1.6808380755741479,0.02006158846452643,0.810050354324418,1.0575880041881742,0.009985182926731017,0.0665535652064493,0.8309615164003691,0.012257477006737207,63.46586168857845,1.9044900050632083,1.1462774089613026,0.03963792150305222,0.011225727808258583,0,-0.0002142305231820232,0.01280347579770377,0.007963134212870595,5.8583223938565325,0.41095332678419805,-1.8559693143417915
802.2862484112604,0.7449445944399951,0.0666919224019764,0.06861669211875854,1.8523744766219437,0.01999027174594094,0.816861928990844,1.0924961525985906,0.010140713181742369,0.06677269366530621,0.88684941857006,0.012107859425664069,60.893010440804424,2.0989908831247637,0.8670273749477201,0.04011026690789914,0.011068576503594007,0,-0.00013441693528345745,0.010628792621289879,0.005309479991765563,7.802016901448906,2.1522433507575394,-0.6496642808275288
803.0502120320687,0.7432521166645547,0.06670730558112764,0.06841001219647509,1.8720237071668304,0.02000310945474276,0.8190710916469613,1.0685088529559066,0.010032771062484408,0.06655950483728568,0.9047725545488433,0.013085785697547017,59.11522037583424,2.120920711477147,1.213100603773698,0.041044222015639745,0.010593991700827032,0,0.00017931175306880532,0.009026754022705604,0.004421874015253235,6.247727896276145,1.0810018353283921,0.7700709569435347
803.8245461997657,0.7460052916859886,0.06684594941384735,0.06797760350929655,1.8011080040231229,0.02007083854324934,0.8098140339066692,1.0455010540438328,0.010032417377788995,0.0666679746996126,0.8933104368403969,0.013151119104504724,63.13910969612276,1.99963613876699,0.9692259112006981,0.04520784509596561,0.0113909018587339,0,-0.000187699977023246,0.008027190764219781,0.004664926828372652,12.042964060879202,0.8086809170821757,-1.8463912589776459
804.5919666695368,0.7476121676176367,0.06671930751631777,0.06856962001492918,1.9027917334881683,0.02014863944413229,0.8178345164302151,1.0677991870456087,0.010071164940221578,0.06671556375820772,0.9048318105836437,0.013037399782886937,62.29259060678536,2.1137496032863172,1.0848970270201548,0.04554062253404243,0.011272494138310638,0,0.00014825416939544259,0.00661339944637073,0.004057091825714203,15.165331452775094,-0.8358547698150234,1.8879625857199969
805.3766713841226,0.7491530256825056,0.06685892672228762,0.06787427539044089,1.9402437627057998,0.020437628548724274,0.8146540167505615,1.0994513638217998,0.006373664336339204,0.06668829333565285,0.9030207581376662,0.01335441823615306,63.912354636715094,1.938785682267743,1.1066581737504344,0.04569823327066767,0.010964407530453081,0,-0.0005231966204789623,0.007841982961634266,0.004474398459138881,12.774290360147958,1.4131235923601062,-2.607517137847528
806.1613760987083,0.7594994099235098,0.06670840577743446,0.0671478777779232,1.8931791977705141,0.02015262832210018,0.8067984964619624,1.072784941637556,0.0066747642632881765,0.06634745123318599,0.90324085474508,0.013027429768399284,52.00034257467222,1.9378230859714867,0.9428152601656031,0.0460720247356306,0.009878688247118166,0,-0.0005760854018647456,0.0060233869429030034,0.004199972224484673,23.565152359739873,-1.043472355124885,-1.6510211509679598
806.9391671153683,0.7564396510573576,0.06660824504052917,0.06742394802534672,1.970499036184516,0.019833701954006966,0.8057182896966305,1.0659137849994698,0.006825223312239694,0.06700432538669597,0.9120976609890294,0.012936711975226266,53.4656251633266,1.9663124359280948,0.9924562938757147,0.04580777925975893,0.009630722663975771,0,0.0007844872688994803,0.006362436467920633,0.00386062912785341,20.845001199641995,-1.6774666669903406,0.5881148583654938
807.7238718299541,0.7559412018392812,0.0662521604622076,0.06717500805278566,1.9497043407965708,0.020404054428579052,0.8186508147549382,1.088267081488402,0.006665090035065375,0.066683512145253,0.9360354533082624,0.013454610342331438,51.919644226080415,2.04549768955507,1.1240795323469712,0.04552722607440579,0.00929650632681185,0,-0.00015296292145954411,0.007690360017077163,0.003000355707159623,22.12343975895311,-1.6666643882891423,0.5257942337001797
808.5120333935027,0.757659329105494,0.06678143124041896,0.06679135946326624,2.0353897413614446,0.021945958704988815,0.8444968947238399,1.1188548125199944,0.0065588865813100096,0.06650509345995236,0.9289863862688786,0.014249607629981925,52.78475693102102,1.967448731049041,0.43766082228723735,0.04574642534158344,0.009577631967321785,0,-0.0001998921799592602,0.007190765137564943,0.003034637708044783,21.280166169245334,0.7280053684835696,0.9473987106860516
809.2967381080886,0.7596966808214555,0.06695360596654354,0.06672080622863229,1.9744574914201105,0.0216676934777572,0.8574195906687038,1.1223821882471074,0.006711074749151755,0.06692907214669505,0.9200054511916503,0.014618003830534467,62.0084489783831,2.0494573328329735,0.7836979576342746,0.04743533764707525,0.009489539769998993,0,0.0004326893961638992,0.00707428631567566,0.0033904227142184397,19.5946956041063,-0.0834700547952049,0.3651733393401127
810.0883565206002,0.7555299512966526,0.06683391474149208,0.06704750844495608,1.9860371241985173,0.0217229809424572,0.8509198910577747,1.1138950813159227,0.006626389066797753,0.06672170968751925,0.9178983390473644,0.014359263132491244,61.99626381222994,1.9407276308939556,1.3878373978645189,0.04738325448709573,0.009577798862482698,0,-0.0005356282393428369,0.0073411204726957216,0.0030472066617164904,21.885103002295743,-0.8203198302286219,1.0022787013585133
810.8765180841489,0.7564179754562962,0.06708993409387048,0.06672077807981397,2.0302427395430405,0.021701119098626303,0.8555498393741096,1.103722535205608,0.006593389820763332,0.06676527856999567,0.9128734596811443,0.014249739777874892,62.854294979703326,1.9934573197808385,0.8677803427088268,0.04708327563376578,0.010149727734073351,0,0.0003717917055797846,0.006546183874196392,0.004061942856254632,20.808673246130123,1.2799577933217707,-1.2806249998336867
811.6473954028829,0.764257280309406,0.06666845806725982,0.06643880225226301,2.0794184330501273,0.021509333151211493,0.8587940198074671,1.1152183834502183,0.006738702404798834,0.06665797218631699,0.8714033273190428,0.014115295040687717,61.75116272529587,2.007709570269858,-0.04836672382197449,0.04712327720149243,0.009706241595804235,0,-1.7209277236402635e-06,0.007572367967978389,0.003464894637646754,20.85281126350537,-1.0636691690348947,-0.5698693088122466
812.4286432685058,0.7579303862331785,0.06715474986842479,0.06673778833476293,2.068125630318692,0.021767669034521354,0.8634608103206521,1.1113005845845996,0.00663667300488148,0.06604836614727246,0.8821225160186187,0.013560555752699996,52.11025753690126,2.008857291385968,0.4447438700266537,0.05136477159755759,0.009882445360240372,0,-0.0011435562180174073,0.005902810714412025,0.004804705250331224,23.387458074674377,-1.2695955848481488,0.9951057796465493
813.2029774362028,0.7650078025708209,0.06682550522818391,0.06677204864500572,1.9938657678958522,0.02160523201846234,0.862594334106289,1.1403251024310428,0.009926975946725055,0.06650139987819295,0.8505369797786054,0.013420739087759306,45.170308822088124,1.8570637174482132,0.7092061019331413,0.04758704629733936,0.009491710266945723,0,0.000155419369297727,0.008588902445510955,0.005102140788455485,29.119985348261466,-1.3710699731923253,-0.5614856895056505
813.9945958487144,0.7664827094641637,0.06643177749302012,0.06627829024822675,2.0825027702970886,0.021590129693542917,0.8654157930656949,1.1419845122338224,0.010077337978087018,0.06666966799402081,0.84615320885605,0.013680558504716169,53.58921264733827,1.9970464169113022,0.8033461838124745,0.05154700120041277,0.00833120512639116,0,0.0005184217925686599,0.007929544485771777,0.005756459924816897,30.380701611822968,0.13127392850331532,1.036026553091465
814.7896711101889,0.7614915811148963,0.06664615411551132,0.06620064833694751,2.019377664209766,0.022253621139330694,0.892049139416589,1.1652730046429098,0.006576746618982386,0.06648352471608814,0.8779042374070752,0.013813140296819933,61.83781748290164,2.0297045577173893,0.7510506338134719,0.05346164099473335,0.005995061901768197,0,-0.00024426863370646183,0.009191710338101892,0.0068202087240634545,28.824619153751303,0.8959110158521293,0.7417517390996576
815.6020306164783,0.7757065740953828,0.06352336534070432,0.0667085932053106,2.3068646908601806,0.022362314242746307,0.9214438862899731,1.1542040373344058,0.006650069250992225,0.06305154147710465,0.8729196094092555,0.014225765466267658,61.38203742782363,1.947771115737215,0.7500385631699491,0.053458116287344294,0.0058308822281911725,0,-2.105902101515144e-05,0.0074480904576821405,0.006847430557602626,28.152293731580713,0.1480962860088152,-1.0768414026964384
816.4074764248417,0.7856680087947562,0.06318103943442058,0.06654030656997625,1.5497583345226593,0.021803509973495762,0.9006372490168122,1.1507178084208927,0.010061705497320097,0.06351790854315262,0.854016978657869,0.01365116679159871,54.517050425825495,1.9620392638422632,1.0114680097604227,0.05345723760281861,0.007634278607793903,0,0.00035731613335846055,0.008258960563700497,0.005829530664229105,33.90272789382539,-0.06676262749524219,-0.21876507721822835
817.2267496290567,0.7884430360719624,0.06648358833531179,0.0659536457667418,0.4824285441564551,0.021620648672649085,0.8943408618182364,1.153849008324149,0.009889156019007236,0.06684374846318546,0.8449321496264707,0.013680766275308516,54.89076170736839,1.9817326322944477,1.0544117810867977,0.053228831503776,0.007627881334800722,0,0.00022865790398871115,0.00788524256753591,0.00569783139571681,33.977711111585755,1.9154068936151034,-1.6024483774041205
818.0460228332719,0.7914448976178745,0.0665848063215775,0.06588109232389082,0.6059102511203784,0.021283325129883197,0.9095097234015952,1.1552737431898819,0.009975111631503934,0.06669279606497361,0.8364608204306901,0.01362291227811448,54.476913273575306,2.029988480926534,1.6374416225926613,0.05496589300089189,0.005749839590345978,0,0.0007164337304119768,0.008067223996129481,0.006934774710171217,36.1397602689989,-0.6105185011661264,-1.0018408607771039
818.8722097354129,0.787236849550064,0.06648647800741532,0.06641838767139621,0.5449310785664417,0.021323991769705137,0.9070123112954467,1.1546265332322982,0.010172456761142527,0.0668820805034001,0.8373701656979554,0.013611180617138152,55.479028110786004,1.9744369992954138,0.8521318894193499,0.040873256505125,0.0053787782606793295,0,0.0012140164509942873,0.011042448703181676,0.010388338821920078,37.14575234158106,0.3226992892078377,-1.0621286055487391
819.8539548408858,0.7912745126725421,0.06618872393737407,0.06629281361292462,0.6473542130262627,0.02093714305710727,0.898456061812654,1.1647155578515156,0.009923311673592672,0.0665661608862888,0.7900348184879759,0.012583622321665267,53.63903353133601,1.8989586117882145,0.48510018222667106,0.04784897853116848,0.005366386672382466,0,0.000473726222303896,0.013147082313780645,0.011457574206737339,35.96737353636347,1.2283460615422417,2.590413642645973
820.6732280451009,0.7893248881882744,0.0667669671567594,0.06624448342648318,0.607870043043441,0.021240528601403793,0.9018674564679311,1.1606040542123983,0.006573840178990399,0.06703872610606643,0.7941286956286914,0.01264298925946707,54.348339212304246,2.0313338528384324,1.477188383318035,0.0545640284521955,0.005537917940495032,0,0.003675943707859951,0.014964375873181862,0.01139645450895976,43.649887220306795,5.366240800772317,6.976294354217189
821.6757142443515,0.7963822539820541,0.06665175544910869,0.06663993219558965,0.5538671342373461,0.02144507763642271,0.8885492416910785,1.2068715964929773,0.006451214386455916,0.06710310485308532,0.7894268558572684,0.01251601492065275,54.68714384556097,1.9340110655961165,1.1619231880399794,0.055209463362946985,0.005462930937850534,0,0.0019040945621416035,0.012849857942695756,0.011367914563407739,48.19654407983303,12.83365212470653,13.811058012947658
822.4949874485666,0.7978299118384374,0.0635987854542909,0.06672680263270023,0.5399324478660162,0.020959755705256523,0.8899040367379623,1.15221591663285,0.006759349716827947,0.0636003241717782,0.7881414479203208,0.012618498663325086,54.36124726160519,1.9545302336210013,1.1905222492133345,0.054866107163396786,0.005062063446391614,0,0.0036354277310125874,0.01500906453666665,0.010770678827841437,59.55850121534917,23.50069782194122,22.317409934238597
823.5285852884836,0.8327863311574373,0.0664648060180283,0.0659649220828747,0.4183252212878681,0.021382403486775475,0.8956580615669011,1.158713614398417,0.0066081615795896805,0.06653873169188855,0.784515426335541,0.012650970098945865,45.506441378766155,1.9886118425567356,1.5611532027235526,0.05334289561406149,0.005159044028065831,0,0.003467892292511185,0.015765840648502675,0.011713126240361816,65.38225667325659,27.734178039596006,30.020728077104728
824.3513153416616,0.9461388960047964,0.0663161626204687,0.06653805046168214,0.4412993457719382,0.02117886030646075,0.8988664740974431,1.1618774692189462,0.006638416157649412,0.06677210211353345,0.7938274815880293,0.012669943114626528,45.36659726109927,1.872081426544605,1.4584452862731387,0.04775625964943469,0.00551762491644649,0,0.005114482914931138,0.01440613690503783,0.01062848246422864,65.97400763731883,35.731616560311465,37.19231232207487
825.360715238838,0.8314512074392677,0.06673594919393139,0.066162022087671,0.4114677271852103,0.021261482319727677,0.8955711545496906,1.213259284258024,0.0068608209307723595,0.06635887181941741,0.7961172075333927,0.01261531913528507,45.93409355741235,1.8701359152560468,0.7406052364652916,0.04768934539253082,0.00619974270699573,0,0.006014095258065251,0.015562509499198593,0.011956805482568821,64.27183070589112,41.39037706120884,43.24350324317642
826.186902140979,0.9639260640268814,0.0665528190313877,0.06646259939866885,0.4625610315105669,0.021168238349139896,0.8841916477688507,1.2070186340179858,0.006463938066533555,0.06672964990287478,0.7900667477271852,0.011741617589283177,46.38453290077921,1.8551861622258912,1.429081135131502,0.0477116388925714,0.005408664475213427,0,0.006573449317550509,0.015084614648026878,0.011922775731730374,71.89355551237551,50.43363286674549,50.16603938746662
827.2758095643029,0.9702083300188038,0.06658359156397393,0.06631359995585667,0.4123850022876704,0.02108584600263295,0.8911393788169132,1.213930482647154,0.006778777628831817,0.06642811144984923,0.7889850428673658,0.012300074091019613,45.418506598307104,2.066965689661128,1.1297423674889127,0.04762312205782928,0.005194256848537867,0,0.0082549108810641,0.016288418886607516,0.010087293282835329,72.68290623623885,57.44860880981277,55.91276502275112
828.1400218050361,0.962067590147399,0.06685518803460493,0.06625527361026981,0.39982026009456073,0.021959098973328647,0.8991300026325867,1.220730477295612,0.006671352544417262,0.06658181563711339,0.8103965762510024,0.012266831249992796,47.239986663717524,2.0777454104822386,0.9258556862760321,0.04682195185400898,0.005875424974271747,0,0.009159302326316218,0.015328331480548034,0.011220719108820653,79.47327499288714,66.7722341829459,63.72702870567286
829.2358429262858,0.9165405531608968,0.0665978334147879,0.06651067360090608,0.30787729219452536,0.022038963922237417,0.9075468803827818,1.2155996827780264,0.006632483485246331,0.06659262069304951,0.8168702252548636,0.01231859974655203,44.602294547816065,2.030708168102016,0.5079110703132615,0.04677042130225991,0.006410769697767648,0,0.008570629133039593,0.015610891700986774,0.010449932356080481,78.13169891553895,70.89173473736226,70.24781063298663
830.0931414690932,0.9185491535572334,0.06660948476727957,0.06608889670698298,0.25042754627973157,0.021594125468959006,0.9104682709440062,1.2291109603684505,0.006432193014934775,0.0665197351818061,0.8102650210402368,0.013058687281178762,58.7273183672819,1.994019433188316,0.7312458738364731,0.04738234814228272,0.005891283650351056,0,0.01062106606072462,0.01637810716191487,0.011203019888754627,88.7434891474991,79.53985186700929,79.38181016439404
831.3030386061198,0.9087633225982138,0.06704512934568096,0.06633963002201611,0.23475712229651477,0.021910199441564,0.905128157252976,1.2199821925552539,0.006885241219660304,0.06659989219010475,0.8171322612063386,0.014632247098856846,63.16978672285064,2.0315053418519122,1.0550323148288854,0.04635523329276081,0.005640887439958501,0,0.009629048745116926,0.01686118622913382,0.010845766921530525,83.03615902370841,89.87067966286202,78.22136689363558
832.3055248053704,0.9094672171450618,0.06681976583958477,0.06643198702854408,0.20829672997043608,0.021853918374321577,0.9324845295339131,1.223878758567497,0.00669029694158027,0.06637138084965914,0.8149022149322563,0.014517898321904069,61.4228511903165,2.084844616793899,1.5417915310099604,0.04372901213580727,0.0054720262211391466,0,0.011516724521823628,0.01665164370244677,0.010330039337033827,90.79681972380972,88.96279604471026,79.72031155545532
833.2561582701769,0.8903354820388935,0.06664285701624531,0.0675078579118886,0.15741293452299732,0.022032401964483226,0.931640226894149,1.2273024988484103,0.0067850128887692665,0.06699898728377778,0.8589637445924803,0.015418492322620917,69.02550273835315,2.017480260365281,1.8403515945903615,0.04462994684199227,0.005728261511583859,0,0.012079099302138982,0.016102489481944912,0.008795911649643419,94.37772008412757,83.82186737322698,78.46409311693935
834.1998780370576,0.8918255120674182,0.06634749102426896,0.0675503619807414,0.18396573324958687,0.02212846358778032,0.9402788192858378,1.222364601401162,0.006493374843790057,0.06648696410402982,0.8522597223410175,0.015533785273676746,73.34111201024417,1.959153247295502,1.1599384630212954,0.044698502852135565,0.006136629842943789,0,0.012514499231923203,0.01687022931257367,0.007720533791304734,90.89544243808062,83.63911167191526,78.56872706565824
835.1263135591236,0.8775029185584308,0.06665973692772272,0.06783149886469375,0.1831183090013024,0.02184928932618499,0.9108028059798706,1.0864562809681386,0.0066597003137171045,0.06632311265966533,0.8155662058597002,0.014487823514345407,73.49974056828036,2.119368544296804,0.9788849578281701,0.04424243153948384,0.007262375778793329,0,0.012652467814789698,0.015895108489200747,0.006697719313129732,92.53592137760573,87.37085634742543,79.949236003218
836.032007987412,0.8756143747171097,0.06661450799484483,0.06791670793542352,0.1631891338732452,0.02190575368043914,0.9119244521171441,1.0901789927289343,0.006382664825058884,0.06616566928082457,0.8472701935074767,0.01648750268770435,73.7822014045934,2.033817363075604,0.9389105241372796,0.0440386133171108,0.0075410644871712375,0,0.011226006263116949,0.015480368618959177,0.006430408268922451,91.7775032355774,84.13856943896945,79.21923430954301
836.9238750198488,0.8636141696168743,0.06671889299264178,0.06797963461585961,0.16971439065947513,0.02270829468415084,0.9269705227607266,1.2235236658535242,0.006836326656119723,0.06677108000244968,0.8490568743161765,0.016273199052193543,74.63512489326281,2.0796088732235076,0.5963467196444885,0.04424620270059804,0.006332125020138318,0,0.012418990223961365,0.01746360697449835,0.005848335467020656,93.24831545754623,78.70682929481147,72.6998648935643
837.8157420522855,0.8561809978678488,0.06342694474256076,0.06814712409180727,0.19409556511255727,0.021873448854071526,0.907332483039807,1.0905258237090778,0.006539765509844184,0.06348672000998049,0.8131013490587166,0.016161850996775272,75.2871291614371,2.002907653093618,0.9566590713494444,0.04460195986584198,0.006614986079568961,0,0.010298359487406226,0.016648882191198873,0.005624439385860574,92.42071427011372,71.44382811852594,63.1919836724588
838.7076090847222,0.8560026201048722,0.06324243641401053,0.0677930185101337,0.21467291217246887,0.021857624763614643,0.9112182824614138,1.0933744238788095,0.006680721300084732,0.06382470873954833,0.801438454041537,0.016268597496219537,76.77571911281903,2.121136011254067,0.9318073671653239,0.04445307567051048,0.00677990414610695,0,0.009852388873936973,0.016799047624220777,0.006052404750007045,86.71639549867302,63.69262413166961,57.68517499596133
839.5925624192331,0.8536450063610845,0.06315610633886191,0.06803181604953383,0.14388072351302703,0.022128610560225685,0.9163350820199309,1.084559813898838,0.006878466669672635,0.06411597250351658,0.7997481020696272,0.016019700037786057,74.70924984477597,2.0682990788829687,0.12033392316132052,0.044794516049858235,0.006066813277052945,0,0.009155419595602949,0.014719011494653806,0.006079179807654567,80.87873031249825,57.30960601855458,50.074124256366105
840.4636883578921,0.8380736220582343,0.06288468961234552,0.06744449496296175,0.1397448928368047,0.022743660130782238,0.9360785340475992,1.216907910282229,0.006609619165282557,0.06346903097588767,0.813434723903069,0.016317819126882484,73.84109863531017,1.9528816037419974,1.2779173141494085,0.05216824900558482,0.005776334841215204,0,0.009114257474667894,0.01667661137256211,0.0065337167758058355,72.07824978039677,50.90723639705131,42.58063356347169
841.3313574475883,0.8404119102136336,0.06389190241445977,0.06755643292929173,0.15726834080359345,0.022761652486951094,0.9657730978092264,1.2639707951421726,0.0067888511992164335,0.0633244163608465,0.7964180738010097,0.016261833790139534,75.85172211461757,2.043380693546474,0.6393670525836158,0.044662747056019865,0.005957373471975654,0,0.009242334930454694,0.037777637027695286,0.023006527206908847,70.61858604825574,43.24338825679456,34.472386030319
842.1817422924698,0.8188283569175854,0.06323781986474679,0.06745653518459507,0.29554449964443646,0.02269781898528216,0.9411155212771799,1.2589125118321636,0.006771069426131081,0.06372516092039333,0.7496493620832171,0.016241740371029167,75.26879669746044,1.8373321000819773,1.180861712646585,0.053046919313450375,0.006602804554117846,0,0.008065096019474591,0.03793733832031166,0.022283371636245997,64.15643396671027,37.65354573783566,26.555296254021222
843.0321271373513,0.8192782103435748,0.0636463383631835,0.06586392114497147,0.39168943476631424,0.023642865142567648,0.9922755188273034,1.262319825621673,0.006565852500613125,0.06344595830164589,0.7396310886490731,0.01574173321876664,68.08353669305266,1.9685204299325025,1.0719423103931682,0.05302675249324601,0.00630826222048828,0,0.008220500981576975,0.03969718658402691,0.02369546366857072,62.93790541902982,28.7623510213245,19.254002484067584
843.8686845863812,0.8031400884951103,0.07020117106455914,0.0656278789405303,0.38043819831110187,0.023605653907146536,0.9948661643193369,1.2771025556587594,0.006712908707049099,0.06993095201421853,0.7368666679150766,0.01573759733203178,66.34544358872172,2.1310887931630536,1.2347963290390127,0.053733951803609736,0.0059116590826760115,0,0.0069437660761292,0.039207828247079565,0.024269084700736805,57.12275887353779,21.713335941386873,16.412675157066428
844.6845009416332,0.7853934171897766,0.06985025875885269,0.0652914632649656,0.3883385550055552,0.02372015909123601,0.993984201862394,1.279859305861884,0.006737636092082728,0.06983946753139217,0.6967974093047742,0.01589441304632943,67.97382928860924,2.223655291135037,1.2581687763707659,0.04522929210769502,0.006050004010821761,0,0.00786088061746307,0.03863221511432108,0.02598849993936989,57.18247960510864,14.542541187595193,7.20181283260406
845.4864899010337,0.7713651220951365,0.07014927031148874,0.06559013914438261,0.48039257951891734,0.023318423112288406,0.9479676319613298,1.2587697292076125,0.01033496303533101,0.07017714158010739,0.698777541626235,0.013863338733461815,68.10264445447221,1.8909067472015009,0.7547678969084527,0.044419460090836665,0.005698094734762078,0,0.002541551916250148,0.04068968742422346,0.027425911666704283,56.47743442496446,8.68675175340598,2.656860142563836
846.2815651625083,0.7629397126692429,0.06962164705077885,0.06535990454712111,0.49195628532294944,0.02304494284201126,0.9431542511142167,1.2575792181804089,0.009847827708382892,0.07009295551745107,0.6807343345804547,0.013672173364285611,67.20547233537943,2.0004023983541104,0.7221510810395821,0.04478124727769722,0.008425339963263527,0,0.00124808804387463,0.04018994718507107,0.026869058076121232,58.483524166967264,0.315982439107772,-0.6599373020473315
847.0593561791682,0.7618257793836514,0.07022166126961396,0.0653087236542392,0.5860067495424931,0.02307302311275841,0.9492437392084403,1.264702195905513,0.010234806756555765,0.06961222026673712,0.6782870058392588,0.013912411271394745,67.42263382705914,2.0013482312785715,1.1583079901905908,0.04417037037853762,0.00843064736513417,0,0.002010470168987772,0.040008380050583006,0.027014509636790897,56.87632762878738,0.008286576182517732,-2.0032642364242266
847.8371471958282,0.7582297351380409,0.07020894995308558,0.06572381388531319,0.6601724017342782,0.022763742182057276,0.939950053035851,1.2209461128532355,0.009831811286493483,0.06985313155935169,0.6548411178009489,0.013893801011545994,66.38238673358002,2.034293631545396,1.3488638193758824,0.04490116503079509,0.008159885685518913,0,0.0017517791362794076,0.04167407458540333,0.028144775502860528,57.85038637006049,-0.5715199608509055,3.115231305751353
848.6080245145622,0.7603998876991874,0.06988140860153638,0.06643296627950608,0.60011492223424,0.022585597556528666,0.9351188522436196,1.2226110227739693,0.009802387599264915,0.06996770771313122,0.6661117917139017,0.01394294654432935,66.73361402458464,1.856228447780401,1.2909009176108508,0.04485721784798799,0.008225605668949842,0,0.0028083353695751954,0.04072653119831718,0.028039611456433224,49.04580671489398,-2.2710761784293716,1.6552398381616813
849.3754449843333,0.7590065943231432,0.06998745210297536,0.06689590019406129,0.6117803271554748,0.022137592893920328,0.792356686044643,1.024148829333656,0.009964528808962194,0.07005114517676625,0.674524493568972,0.013205493393556197,62.94682902019528,2.029478544869818,0.8407071763778797,0.04386754637670205,0.011610668775112916,0,0.0024343056762308546,0.04000855932122139,0.027203804838349024,49.05870407841663,-0.23922075835016676,2.1166115260488576
850.163606547882,0.7627575530640157,0.06703363648344995,0.06705731883461558,0.6770421480135806,0.0198328432345186,0.7751293714366394,0.9681240791375274,0.009905279303658629,0.06658953217394753,0.6644743823156563,0.01327440649616491,62.58118386818894,2.0518916536445215,1.4064191534803419,0.04200894453020664,0.01414323231812876,0,0.001349270589480017,0.04097400886004823,0.026750960292100057,49.8096534971087,0.8618593366410513,1.4661734021071888
850.9552249603936,0.7607685285745778,0.06669077028497557,0.06692277637140943,0.627491101866166,0.019558118521823722,0.7728588767125731,0.9726830165844464,0.006505030567177012,0.06659663148674859,0.6653593375027184,0.013850897666009282,63.60134269459848,1.855906264405993,0.9376923304794335,0.04134984114454221,0.011967761969423436,0,0.0012571913055179592,0.04012153251274964,0.02735528008732695,42.3024250696828,-0.968107092814725,-0.4069411888693621
851.7433865239424,0.7597546230800333,0.06700855107153496,0.06693737516980323,0.6551197548079055,0.018561465646136546,0.7498154420125085,0.9620287134176225,0.006613610341252357,0.06645482963021392,0.6711181222772395,0.013978480770573419,63.499324984282275,2.0360770140427706,0.7506812307620689,0.041720940336678114,0.012045537587803445,0,0.000837269590684182,0.0393346638574525,0.02703810844193675,41.751575038661706,-0.8139324119145621,-0.560590305859018
852.538461785417,0.7584889941678276,0.06675231388799528,0.06697476832109303,0.5926272392983476,0.018195467387528485,0.7368426151815197,0.9455750625398098,0.00667581080335035,0.0663771750363055,0.6522035608787173,0.014001644684984446,64.40260199203378,1.916132806358289,0.9591185905049132,0.03574313712810901,0.011308773471333994,0,0.0009629833581195665,0.037287340568138594,0.026932160736362832,42.728648048880956,0.9313683176166677,1.2701076586619737
853.3369938958546,0.7666979372134516,0.0666327959578706,0.0669734118439547,0.5896544879321388,0.018213642391553105,0.7348027714797772,0.9379877869359761,0.006777593634924189,0.06698296546924744,0.6616846928419426,0.014158547026047935,63.41415745850681,1.937438974659051,1.0364574865353875,0.03517971159763065,0.011749230444612005,0,0.001104335753660273,0.03825397675725596,0.026261398336299535,40.32397600987774,-0.3072469131195916,-0.5366639945103314
854.0767595739221,0.7664256729609181,0.0663516412670873,0.06693876588905566,0.6375040394358029,0.018238355118708312,0.7318771531864676,0.936764076444682,0.003299450279264299,0.06664684472983519,0.6624784843826834,0.014269251715835277,70.51387482038652,1.7701601809656284,1.2817702832451237,0.035333375941036894,0.011666754867756656,0,0.0007171125960384485,0.036104041246475836,0.0249870130700997,43.266465576913696,-0.5652331249913563,0.6077541186169815
854.9236875698407,0.7724710517722305,0.05989995592537804,0.06719418720391453,0.623320895659439,0.018141370967565466,0.7351938998252973,0.8993086513465717,0.0033602757779988344,0.05971419672590561,0.666665649768234,0.014027190731226137,70.62223046153417,1.8987339952696811,0.8929501706507033,0.03580792028189301,0.01033163549309233,0,0.0019000308118072198,0.03460514602611302,0.02365199611936925,43.816492519164676,7.543310468890828,1.2473860209166932
855.7291333782041,0.7699562920592097,0.06002747317373928,0.0666559318414693,0.6125755383021921,0.017953678963118495,0.7336078847544285,0.9195094553647495,0.003285460556505508,0.060195859489603015,0.7092098387051232,0.014091759400586356,71.11953643315016,1.9859451912413044,0.21943110159071533,0.03553294390617527,0.010426927194147066,0,0.000618733771126321,0.035666401899124206,0.022792953700691412,41.65690900958306,14.376218421706836,6.888914376494384
856.5311223376045,0.7675659409865611,0.06330738485553727,0.06666125354117546,0.6491220264150831,0.018135536867929965,0.7408542507410515,0.9157339355600028,0.006555672214636023,0.06355793086288443,0.7364243539771399,0.01326389997686579,71.78350525510844,1.7905455264996046,0.9232755432654011,0.03593987076721048,0.010680510421063886,0,0.0003420965926536555,0.03439165172170522,0.021596467652806758,41.0401778130382,13.989571900724222,6.449543244370986
857.3503955418197,0.7750674836149372,0.06355413989381009,0.06667564929747104,0.6630623230836347,0.018220938872856165,0.7022261491454587,0.9523359880849723,0.006565612064208001,0.06323285806484052,0.7861037999753882,0.0129314680457921,66.1715190117555,1.9038421408356396,0.7993414943324388,0.03507302770340269,0.010251283691101582,0,0.00022548001793316793,0.033879337805103105,0.018332756091059877,40.52709097901761,14.769803314085035,5.9859183905500934
858.1454708032943,0.7661634012093671,0.06624491779529804,0.06655319988542437,0.6832486391625056,0.017848990842714334,0.7130058203910988,0.9543758116795313,0.006548144671325552,0.06715318509605839,0.7823094647874796,0.012995332070164246,66.24532553016499,1.969689863942387,0.5960638036881254,0.03668806974949119,0.00943383466136215,0,0.0003416934031765045,0.03245757393431953,0.0174669040539662,42.19442174199843,14.04828218999524,7.380391898460873
858.9440029137318,0.7670073342368893,0.06664511719339788,0.06652874381046224,0.6284930099895764,0.018292239183836437,0.7148311871109851,0.954151305909826,0.00997154462140595,0.06678496134632045,0.7912074114849248,0.012560439810610407,65.62677441741013,2.0817634219868615,1.0862888474014283,0.03632571766199505,0.009068674822564127,0,0.00019680276091523055,0.027879384506616985,0.014812451798728176,41.971284076381274,14.158617896091945,5.920669431405992
859.7321644772804,0.7632650277325986,0.06653093554942867,0.06611063978955344,0.6144710727691212,0.018168110172116957,0.7064641646390701,0.965172782542873,0.009854624935840306,0.06630148534709142,0.7925318132059594,0.012559614940925959,70.3446374347709,2.107677201207552,1.302903796521044,0.03916771565625174,0.009300496969428541,0,-0.0003775444785728717,0.023131675910753813,0.011436125041781896,42.31213192872037,14.379161645884283,8.462121047919695
860.5134123429033,0.758942457827683,0.06659463580886275,0.06697195396247872,0.584942217919246,0.018094251310768555,0.7125432607141842,0.9605651246890036,0.010133733788297718,0.06677669407769682,0.7949492269490793,0.011617956012393932,68.71806616231954,1.983290876831698,0.7879413540604422,0.04059960855231237,0.009973571186738474,0,0.0006462728061280622,0.020113090785969415,0.01091905039999045,39.72032288834277,16.388057317386142,8.236926647786749
861.2877465106003,0.7538456534910568,0.06658994631076769,0.06652183509326863,0.6097698623625236,0.01793160921946286,0.710888678909314,0.9541779408770686,0.009818639416794648,0.06654995480274958,0.7823941817321453,0.011497750977021293,71.19393663475431,1.9990663765620948,0.8774987108348085,0.0414061066301027,0.010907036620231876,0,8.621708950996918e-05,0.01786113812466751,0.010346765395868159,44.76512396379313,14.060041010004548,9.763836702112084
862.0655375272602,0.7487798458961809,0.06688678995630622,0.06666762109189711,0.6560129128313584,0.018171622736137517,0.732568712851277,0.956787689432273,0.010078672954692813,0.06665155395524401,0.7951126638785916,0.011760385032237069,68.52746583104607,2.0958005162152595,0.7997792289436569,0.044571908953503506,0.012409561330037365,0,0.000878735734981301,0.017968487744518705,0.010526611947013422,50.100877614305,14.084684993931253,8.156717487725887
862.8329579970314,0.7474186389084061,0.06665321815253498,0.06786035815377572,0.6066063806135209,0.01818207760293349,0.7296799027636851,0.9615028608703392,0.009885383479135774,0.06657803872004417,0.7867429933479356,0.011481796872888392,69.15522676204671,1.9947816428882177,1.0748440465615046,0.04853653231874904,0.012418116507809385,0,0.00038910903486576414,0.01751184832507357,0.010107850760408422,49.13492446308781,14.046676857545572,4.415056694951954
863.6107490136912,0.7510400909475641,0.06688379035584834,0.0693237750939062,0.5894303031356057,0.01848895640822069,0.8028852490972116,0.97863811277149,0.009908165960903917,0.06709962434562224,0.7958520251813664,0.01158760358187826,65.4723801506594,1.9888793465521588,0.9124402197657706,0.04389107529552045,0.012218222811354075,0,0.001065697322359105,0.018436934679487937,0.010235025827389993,50.82759052653327,14.998112764839115,5.31472178921441
864.3919968793141,0.7533691062009977,0.0667808228232866,0.06985119537308257,0.6653447225917403,0.018598114373868622,0.8002430572710432,1.003541950524942,0.010148082203598486,0.06675757837851211,0.7846524247570246,0.011391418169591938,66.36273909891742,2.1164501492296655,1.0562769717602698,0.041902419725276814,0.01316577837440759,0,0.00023775783970550192,0.01717299362440941,0.010611656670020246,49.88113962255001,15.224075478912901,8.095221759639784
865.1663310470111,0.752223077916054,0.06696983237590427,0.07035016133526298,0.6043495721988995,0.01847071434263919,0.7978002867503421,0.9896877964546607,0.009933671166819372,0.0664597904119433,0.778800111836416,0.011414469176303663,66.99895145702301,2.0609919916811528,0.4351220050210226,0.04242031421370817,0.012530904574120724,0,0.0007312428514801227,0.017211439790044997,0.009348107301271136,42.18643700318297,15.304744517514239,5.40244427683722
865.944122063671,0.7511384936335378,0.0668293422389395,0.0700341850582426,0.6678029142157293,0.020723704800483553,0.80433328695299,1.0402994371066967,0.009981311445151327,0.06675431671533545,0.830840405806071,0.011409539165822664,68.35150217799126,2.125213888258238,0.7444261215867116,0.043958697603458496,0.012109323189042792,0,0.0012847258722732432,0.017810765697547512,0.01041590978579168,40.91563708243984,7.781363393754609,9.68303185767983
866.7253699292938,0.7550517238979458,0.06686208592001819,0.07037824848790886,0.6899874635691451,0.020455891767528548,0.8113860912250018,1.0503023142716839,0.009932509167428879,0.06663211248107943,0.8359423835908207,0.012560760963784551,67.97386304426384,2.0935902345950517,0.8065029777717124,0.04860218269813375,0.01323510705360817,0,0.001259622221624654,0.017112892073734554,0.010911277823944557,41.65218164565495,-0.3486842130922892,1.4327098503485438
867.5273588886943,0.7759649229490826,0.06660808419740552,0.07014113546265358,0.654907799735055,0.02060576255282502,0.8347970420956956,1.0917482825530205,0.00674982040004612,0.0666232213501629,0.8063422402537043,0.013648151855502914,69.37355182683795,1.907726823345299,1.1925969374594165,0.04839706990346649,0.01276385418610724,0,0.0017055372932465406,0.017823094799483713,0.010652997460243022,42.89182465081069,1.2971106637710235,0.24832795458212711
868.3362615460206,0.7736428141174124,0.06269316782575662,0.0697949725739249,0.7504762127718785,0.02052092978344523,0.8349808082916317,1.0910708248213523,0.0065632731808690946,0.06319574072329129,0.7977652914407568,0.012485736914827978,67.2481174055391,1.9856036220305096,1.2405443194658097,0.04925985913278987,0.012943943026726091,0,0.00029703799735696107,0.016783091871265456,0.010685049729586265,43.43808886550714,-1.5587607457540646,1.5850529529682027
869.1589915991987,0.7760344007073352,0.06310783606561349,0.07009493138158997,0.7779172179177583,0.020347077807305086,0.8387521957602663,1.099550052075322,0.006877519217777012,0.0634143344023164,0.800829173137074,0.0126098804223076,62.63868333667893,2.2937707694359304,0.9166822512907272,0.049784875257767154,0.012042776969543183,0,0.00030448923502040235,0.01594526015432957,0.010380849599230735,45.140234658235016,-0.15776012898968358,1.6561573157212548
869.9644374075621,0.7769469681646998,0.0634396863809775,0.06943498573674506,0.7667339259706042,0.020507809831817315,0.8336753371156604,1.0960458911975466,0.006701713313634993,0.06348280910295707,0.8056447008998066,0.012962000699547086,61.34602066533694,2.0090333098863713,0.6682369172420071,0.048453586809051354,0.01173633543241636,0,0.00010479561918880868,0.01521711886171746,0.010711755283647461,42.2029422375668,1.5273617296739628,1.7340738704580465
870.7733400648883,0.780109093516526,0.06346135411223454,0.0693510577335524,1.356057124788811,0.020095861431799655,0.8248481200958171,1.091208739996165,0.006669387753724419,0.06348760245193903,0.7832754623501726,0.012939506618426258,60.902072349535004,1.9299471840954523,1.5324406798784038,0.043330395499695744,0.010003972004166353,0,-0.0005845456553862812,0.017278759728598988,0.010234675651057809,43.098404691912286,0.13828317318941155,-0.7270795895059785
871.5926132691036,0.780025361498698,0.06350107297115834,0.06919303458512781,1.345112042045666,0.019526867315159888,0.821380891844687,1.1017166959311444,0.006701593407748952,0.06324124765843683,0.7845953357175169,0.012565013453414082,56.85971320353666,1.856682095914771,0.719908140614094,0.04252811944817417,0.007426347643639361,0,-0.00030305661481441765,0.01588324693427356,0.009705662819864284,43.73414204034551,-0.4067575684431369,-0.12045130345734929
872.3980590774669,0.7786282819694428,0.0632190296270669,0.0654630784502525,1.3010606832149882,0.019737910884846905,0.8293930146373172,1.0942029850743684,0.006625182383081096,0.06363661497637978,0.7727396380653803,0.012493510372278457,61.415915662573084,2.1192440985630308,0.4803737264534139,0.043486688315999764,0.007533591329442681,0,0.0003134600385880437,0.015262130460898438,0.009985202756168926,44.11362722298802,0.6712482601248596,-1.5636592853793976
873.2069617347931,0.7830398769374771,0.06310539176706016,0.06509570005025345,1.367813013543226,0.019954069533071453,0.825642949719589,1.0815479525019844,0.0034625246310354663,0.06361124842462865,0.7763591397678506,0.01280449973312192,58.926162197266734,2.142612146583855,0.8923208879864961,0.04969300986446181,0.008189934332507377,0,0.001059668858017504,0.01550544229141273,0.009268746306855027,43.87101088499476,1.9314428488049455,-0.9742160612180345
874.0124075431565,0.7784898505681901,0.06316755952722633,0.06495924149400746,1.3207375962053907,0.019633965838794794,0.8261347552100836,1.0803912118540222,0.006664153135408498,0.06369531842020593,0.7737287875758125,0.01271251130142599,57.137658358695795,2.181461056764158,1.2198142320307024,0.04402478896760676,0.008515820397037977,0,0.00025370865302853804,0.01550998470628106,0.01012822866222921,43.46843950988357,-4.678465245224212,0.8189896468331727
874.8282238984089,0.7863955482085205,0.06328218401223837,0.0645921272208626,1.3303271957062577,0.01966814370881973,0.8265643256260942,1.0874437129493053,0.006801371072236796,0.06316972516414235,0.7683237779213551,0.012966812714214376,58.61015483339265,2.052615399516656,0.5427753645203772,0.043661983725055455,0.007806409321708624,0,0.0006378504672610546,0.015492915495788337,0.010898134919557642,41.93854034238936,-1.7102316909371895,2.0686072785977716
875.6509539515869,0.7820812405854235,0.06322800036999265,0.06426667547982222,1.321568663805045,0.020081786391906584,0.8238061878225699,1.0870234583890375,0.006673299954619431,0.06309231566125957,0.7870009771339967,0.01283150573735484,60.25889151252596,2.143389427220447,0.8395572549455553,0.04362990430554877,0.007518575431568357,0,0.0009198955342428045,0.013822479083298115,0.009866340114307651,43.86076810684332,-1.4353920610135138,0.62414946456013
876.466770306839,0.7812143256776148,0.06319101923910117,0.06405240962864367,1.3185276513716402,0.019818139145686385,0.8266361704738598,1.0639613654577484,0.006821846921652983,0.0635607005981137,0.7901149424789315,0.012966580896645591,59.99863415957662,2.017542176479707,1.1507633100711976,0.04936707485683437,0.007635958562363541,0,0.00022873360907150163,0.014259302308440854,0.008468226859500797,42.046661746967594,0.8417690431432787,0.2301575531552573
877.2722161152024,0.7833406269536015,0.06300460993609001,0.0639501422550301,1.2892025855599478,0.020109514510450868,0.8300705884384322,1.073829139532009,0.006840163708407887,0.06303171159356673,0.7876604728934344,0.012949619729809202,60.74284585791788,2.1342390992902693,1.0666868174728328,0.05080148205149322,0.006953215567330781,0,0.00043100822016736164,0.015123955623429816,0.00825095111451289,49.60690040279076,-3.265694003351239,1.7032693526501528
878.0845756214917,0.7837899850533291,0.06344907465026567,0.06378017302544942,1.2637777626100146,0.021191881536319568,0.8849343788064452,1.0764497056962983,0.006634863630073711,0.06336487042732976,0.8258882370049289,0.013096581288036098,62.25043091772551,2.0225782248566992,0.6382101859234319,0.050260635908368136,0.006693312545994363,0,5.0188260461454286e-05,0.013660521648700878,0.00761826261339288,42.013292526795695,-0.7263289436685257,-0.8851303658314531
878.9038488257067,0.7882876921251272,0.0632213737423188,0.06378934330849437,1.2289632001055548,0.020772979174184487,0.8849344631937928,1.0874432127954103,0.006733294314072095,0.06293146582656987,0.8205666981063379,0.012840659981288895,62.164696016577565,1.9492475464125907,0.9812490368120917,0.05024537501413821,0.008123511317496477,0,0.0009962386401045345,0.013616131047262378,0.009098573276578516,43.19550987638305,0.37663185397516014,-0.37197833373593464
879.7023809361442,0.7819521170168688,0.06306277142762715,0.06434869805367319,1.0788421887785826,0.020939323109292095,0.8827487282470771,1.0883805790545582,0.0066734854016824345,0.06328326855975265,0.8231268801034831,0.013278332902473882,69.25525580468917,2.0940808258112096,0.9561529120357849,0.050696183228872496,0.009192551342229191,0,0.000995127561916526,0.012430734711087474,0.007412064865820954,40.83850981001472,0.27545318344022024,0.41325725578054157
880.5147404424334,0.7828407885329005,0.06613084530567245,0.06395162603609449,1.0976388384736127,0.021268475176653506,0.8861218945321225,1.07579029880609,0.006698208488624904,0.06634267535235627,0.818951298156157,0.013260157874416902,73.06957970459568,1.9250784658446882,1.0054258728822356,0.05050871066128348,0.009196616755820173,0,0.00010855147170647505,0.015599017757493281,0.007063078912433216,43.510245302236044,-1.6319707168028106,-1.2776134987033108
881.3270999487228,0.7774429647876329,0.06638836298943929,0.06382961491803467,1.1019245463469887,0.02090276753893714,0.8808997047274085,1.0750380023887998,0.006853591259505943,0.06644992339535985,0.8167105566634235,0.013273816524976494,79.91611857459155,2.094527417870231,0.7393784903453453,0.04963728943594714,0.009070891327223845,0,0.0010309627860311337,0.020773021260244787,0.00789441818675183,41.955294399453166,-0.5943226420347485,0.39491098404761077
882.1325457570862,0.7836182234011143,0.06656579560018999,0.06443822238018028,1.0745369308525543,0.021010109380348266,0.8865532095059513,1.0817821080291292,0.006583367514083955,0.06668714101974997,0.8224408024125511,0.013133175603589297,80.1910614305401,1.9520060303869164,1.120784890928107,0.04812515615042646,0.008473113922369302,0,0.00030875675934726257,0.024771935904399037,0.009855158989193792,42.3669606363231,-0.32462471909409296,0.7298482573777758
882.9345347164865,0.7796360382624622,0.06687409250680056,0.06468378486174063,1.0754166086322412,0.020517201072397816,0.8796265523274476,1.0690182985183894,0.006665149594830459,0.06659441654592053,0.7872779976985725,0.013317088965268738,83.03241443199774,1.9411392532281793,0.44172449336267827,0.04852848248125803,0.010002722244556332,0,-5.804675742660834e-05,0.032636011380046535,0.013492987068548278,42.097121077356135,0.2549304675967916,3.149036947237197
883.7365236758869,0.7846589672703059,0.06644328247765616,0.06453903117693473,1.086403592402198,0.020084952268767386,0.7961683373022764,0.9932110154834455,0.00664294604090151,0.06626025482581552,0.7655834168467053,0.012911988552437687,83.14183826666955,2.0380131231239265,1.3957075634094835,0.044608560115804954,0.010325105341962725,0,5.4596815430848275e-05,0.032451991959697314,0.013850758638498962,44.05287051683315,1.313211021864305,2.024350880686268
884.5488831821763,0.7824747027717907,0.06656706266462568,0.06512499508394114,1.0521885736106147,0.019994194254949117,0.7892432760908996,0.9684135419038318,0.006542522533622837,0.0666600010726975,0.7694704076430433,0.012925439776855218,83.20826332378293,2.0057787558730187,0.9716019993043062,0.04396421143930623,0.010215211610880367,0,-0.0007701997916948434,0.033475458811750916,0.014540471938714659,41.88759548382292,-1.485489178133392,2.2782960109339054
885.3508721415767,0.7803831573406865,0.06637339641895196,0.06557219813001793,1.0435279403525244,0.01865829082805581,0.7665268354400261,0.9612800777949535,0.00654425021590909,0.06671796572156961,0.7173454091119074,0.013147843802469797,82.69968798680489,2.1416486372677643,0.8890125282307308,0.04386493732394491,0.01020668785182914,0,-0.0009074772310403965,0.03504068626579506,0.015171985393555713,43.00857113239487,0.15032705764756216,1.4412114906781346
887.6738746446676,0.7885330883981334,0.07066135715490483,0.06572037224456515,1.0371729621593873,0.018769775125806264,0.7665588989751203,0.949471071179299,0.00673594738930478,0.06954257995460043,0.7159879770506667,0.013060121100406214,82.81868463793471,2.003297560176548,1.5641891215306243,0.0375838358929345,0.0095663645197123,0,0.000406854245631768,0.03695704727913866,0.014379457181790335,41.19845069131571,1.4275317988878617,2.1098777154228006
888.5519142812526,0.7982483814811231,0.07022927062762878,0.06600797768476728,0.1016709372642291,0.01884192803972,0.7717581650590697,0.9581000163831362,0.006634133828351545,0.07016972907538288,0.7130790257481802,0.01313086668114828,82.3918918025739,2.008523331253525,1.0381357582564996,0.037639509283075114,0.009808000844205996,0,0.1314565031956002,0.03748501141480288,0.01469800246345903,43.10889758851459,8.490471791181541,9.148030058550201
889.5958826680584,0.8199105186784029,0.06988188967564636,0.0665237554668957,0.08696272054514063,0.018342855639612732,0.748404134329201,0.9512996113490578,0.009932941558543512,0.07026526356860115,0.718457492355842,0.01303680666769963,83.52949520156204,1.9664160694669308,1.9137018223694457,0.03785046238461708,0.009617025564346848,0,0.13116578347824168,0.0369725606494967,0.01486720350427325,51.9537386701884,15.32076659920902,13.439961764642584
890.4220695701994,0.8214958457899526,0.06657143423431641,0.06730343853320869,0.07483144417818198,0.018262607247254575,0.7134156895967999,0.910589646817196,0.006828594604988235,0.0667768279217125,0.7129892668883338,0.013087692382907063,82.60226217578852,1.9187145653285314,2.3041200274215043,0.03715987759929673,0.009244132682094463,0,0.13108005578739138,0.038714327581274015,0.018148287708846605,57.379523919291536,21.601762827681227,22.81440549696764
891.4349263163388,0.8256331943597702,0.06680311244246356,0.06742081220326564,0.03915626441183035,0.018997877734288956,0.7151011350522756,0.9344254250473233,0.006671837716312109,0.0664349031289981,0.7169017700001105,0.01303849772273996,82.49711400378754,2.00129116520577,2.9103139091488424,0.03774257402341399,0.01049650907133925,0,0.13125457994279513,0.04011144767354025,0.01905281343337508,55.569655227791266,28.265467779190537,27.49313744396571
892.2541995205538,0.8244727714729103,0.06690405143171191,0.06790076757912482,0.05381932092570385,0.018748202183162296,0.7028679738881967,0.923534740897059,0.006624737860841285,0.0665343089229211,0.7216739682295854,0.012854083544078661,81.54887721289948,1.9699028796594997,4.1166275876044995,0.03377984946187578,0.014371256811528536,0,0.13217240487203943,0.03998592288689039,0.019208017116829502,65.40160299502936,34.58481217230029,34.37222227136673
893.1114980633613,0.8079867640787302,0.06681760080763727,0.06772318793049008,0.0807034642322331,0.01891340932111377,0.7023759324384985,0.9225483093192836,0.006571409574516836,0.06652633357961797,0.7763198225531499,0.012837600774953157,76.83220652310649,2.111708441620029,5.188143525149991,0.03345387206228319,0.01557938844968959,0,0.1318954162841333,0.040704293837393386,0.01935795992807006,64.03420990070444,42.21545970433491,43.25732321538697
893.9653397572056,0.7954604614307846,0.06663172927947068,0.06828053952909804,0.1038823339669026,0.019053495637873535,0.6974982726957606,0.9250115261667955,0.006763263573154844,0.0666628845321415,0.7628347814853186,0.01265640409399008,76.39776363595163,1.9680528083221613,6.216281189576286,0.03407946315652872,0.015196832287045495,0,0.13101969495138988,0.04059240365286804,0.019572656446125283,70.86531111075948,41.052848225760215,44.625118973374455
894.8053540551984,0.7912596262837004,0.06680391590685014,0.06824571878112355,0.06484767399468158,0.018341821259552762,0.7053987443395551,0.9344084321652153,0.006801618464925208,0.06663618825468223,0.7599206788417199,0.011906955939179715,75.61329300483895,2.235979141747408,7.273314383051295,0.03712046178112177,0.016914769278435476,0,0.1303346149339937,0.039590892394981196,0.01923740304325666,69.90445817722332,39.16116390264863,41.479974560644905
895.6246272594135,0.7863583851292554,0.06638539615754088,0.06792914082828794,0.11094136931275803,0.018516065511114843,0.7074234643075545,0.9281438391016611,0.006858054345406107,0.06674669095341597,0.7626791481983692,0.011944785532059183,64.83237662237791,2.2206218297210607,8.400575960175159,0.03725106002122366,0.017257132574742026,0,0.1295910437029182,0.032407658717250626,0.01932505582288183,68.41150523143808,41.71403067075193,42.745541432865366
896.4335299167398,0.7849883467838779,0.0668189315960539,0.06840608675659221,0.08036657865699497,0.018720746999345002,0.6940721855435988,0.9184008422698318,0.006630528378639714,0.06641600324134764,0.7924595866735877,0.011856495864909099,65.50101230868576,1.9907074090160524,7.778078513079668,0.037901170641449454,0.017256147080374637,0,0.12870700838063676,0.024911330547674786,0.013688589692824379,71.26889355071441,41.0181105145853,42.59337480408096
897.2493462719921,0.7855227492672159,0.06647150833327786,0.06832449325499253,0.08959819259415039,0.018810303516226094,0.704801349887707,0.927589556473025,0.006556080225342392,0.06647641814097272,0.8005106020087928,0.01182724607400855,64.85680959962336,1.9905712154152544,7.777140795902205,0.038160064666698,0.013501850087833438,0,0.12980824189624465,0.013810338351920005,0.007394257501008464,71.43958987685672,42.87398055013055,43.47266896695089
898.0617057782813,0.7798875088254212,0.06665681144383113,0.06840984186303944,0.11560599994720999,0.019023566540731354,0.6937254674837474,0.9252657287130446,0.006656553397994216,0.0666070939626267,0.8006463641542761,0.012077670642718146,65.2502183396911,3.057639164923958,8.2974527861385,0.038588600115684865,0.016830954104654204,0,0.1280876105611276,0.014080081189601534,0.006833300632980982,70.66664484695077,46.23728721810224,43.124332851963395
898.8706084356076,0.7796637263151993,0.06674189956764998,0.06816082169091461,0.08915847046019561,0.019018482046534196,0.7069217990594148,0.926737998439813,0.006545711623575326,0.06634995826199104,0.8031607592877286,0.01178245948520515,66.98527211805084,3.060808735829934,7.893285530167223,0.03876372723927606,0.016554077820050094,0,0.1297924148126139,0.012785092750419533,0.008111031459611073,70.88922476306703,42.19052025734073,42.65472562807432
899.672597395008,0.7732359621322145,0.06616831911133943,0.06847547747126506,0.08482840212013332,0.019311414203811276,0.7061405341649595,0.9345740948231214,0.006727135425427242,0.06670833606273781,0.837441719066314,0.01186041876812755,66.78752502175927,3.0989551880812,7.891031707971208,0.03937340753775874,0.0162418832398897,0,0.1297998785642106,0.014772497882921069,0.006901883817894941,69.11661100134592,41.38960163937177,42.98633397510202
900.4676726564825,0.7662917341772449,0.06653388767908164,0.06809929961582929,0.0979668055132348,0.020119648881369596,0.7389181659968171,0.9798379155815407,0.00664304833220329,0.06637319248875255,0.8517933753419162,0.012046648588583005,68.86772937694599,3.025751791846478,7.83079514585645,0.03986448011728162,0.010615560556895998,0,0.1292946054730967,0.013122758522329166,0.005830592215692581,62.991708823967386,35.153436651803354,35.23520597443214
901.2558342200313,0.7640914661055562,0.06696315579315645,0.06976698151278805,0.08816958001437135,0.02025041273802245,0.7453615076354366,0.9845358623846666,0.006360534272578075,0.06673382292513659,0.851912627435195,0.010533406911033058,72.41626388289828,2.8787544023133464,8.139328606455077,0.03996966576822695,0.010905696612013255,0,0.005132297182603149,0.012670882460011927,0.0066600361674830685,56.75412370305061,30.652459307665286,27.332639888354677
902.040538934617,0.7609381039107928,0.06679012338765541,0.06976717548544764,0.09427787518455005,0.02010018278313098,0.774591935346544,1.0039055585041694,0.006625972161602199,0.06679523187994145,0.910389164324914,0.01069706481309719,71.98910911103347,2.8349318394076692,8.030595607000139,0.04000139322613916,0.014916097629353066,0,0.005430771478779772,0.012585674898224824,0.00544208344338636,50.92916315387072,21.943217958991386,21.41474849499417
902.8356141960917,0.7639344035617575,0.0663821211142184,0.06976641814983155,0.06469499648832597,0.02032676395968463,0.7752262818738802,0.9931588046260424,0.006826794813666463,0.06669028030060992,0.8529270793160374,0.010853019045582226,70.91342739109992,3.0286209764028613,7.800610685854773,0.040192716926537725,0.01510283271479376,0,0.0030675659719759532,0.011939911704817329,0.006937156778456631,42.37293580103362,15.361157486677898,14.634449191783611
903.6168620617145,0.7620641956570979,0.06680433117340699,0.06976569472713628,0.11012437222454131,0.02033376221853933,0.773999782631082,0.9980123230020066,0.006751769708301086,0.06663131821307407,0.8468743387907712,0.010711730057975105,71.49701243720385,2.96497896398231,7.487834300187859,0.040006317704585286,0.010440631324648845,0,0.0021433564631617784,0.013722196651551897,0.007712561410689081,44.52622355388821,6.112204594350542,5.559492017486597
904.3981099273374,0.7588782237481949,0.0667323805186566,0.06988701554882049,0.0963697537914955,0.020127536880728818,0.7727829891441601,0.9958476770231406,0.006730043857906432,0.06639110247591061,0.84201115550046,0.010768765910254394,73.18293698985052,3.1034961925142324,8.024469166228151,0.04306564418929249,0.013546844837252709,0,0.001110410497797868,0.014831617062681709,0.007743906578352856,43.31494583382765,-3.0797930833830027,1.3104798260070127
905.1793577929602,0.7573081748827187,0.06681701110317304,0.06994504468194347,0.08669861887313643,0.020150521734073088,0.7825271801839875,0.9903934462318325,0.006689360825401007,0.06704464604658687,0.8480687911973778,0.012601680819644514,74.14073364307932,3.005937751666257,7.8529540685979455,0.04599215200496755,0.017349416388858285,0,0.0006598462247301461,0.015352349249358405,0.008542129413493098,35.6254259648784,-0.17555083004749797,0.1911108948617179
905.9536919606572,0.757035417859134,0.06657760761868974,0.06944364671943778,0.0817037046954389,0.02003926199970517,0.746664732416299,0.9304256586296651,0.006715603668819984,0.06665512095047224,0.8407253268535438,0.011336754349124968,75.59218345127925,3.1169558341420847,7.983088845091468,0.04548526612795954,0.018119733317781887,0,0.0005075434383171244,0.015625791557658402,0.008003437724389393,36.517191444368855,-0.7444804911633289,-0.5749772196341462
906.7418535242059,0.7566056876456541,0.06688586874666055,0.06745815331492704,0.11778490795615976,0.020029481726241246,0.7453518338597301,0.9570881679721592,0.006652196885285174,0.06680074885745653,0.8080344169205075,0.011388902264956936,75.79527904910027,3.0339387915618663,7.668035916512635,0.04587507225665097,0.018258010712862847,0,0.0004609556305675286,0.038777025043045255,0.030999266228661043,35.545280930030096,0.40856784394845963,-0.44519492822354534
907.5334719367175,0.7502174362470453,0.06679167813716931,0.06776471638174497,0.07962705235703153,0.017622771551367072,0.7480187187699344,0.9498081089502943,0.006666152228137944,0.0663486097665081,0.7622428478565128,0.01245739334250983,74.11122486708307,2.9456721860127213,8.038601653152524,0.048558779018862644,0.017697015023427937,0,0.0010228464653590913,0.04068711754380276,0.03223580457373642,35.67845007006313,2.0898018946930654,1.1914663491591524
908.335460896118,0.7529199424598921,0.06318392761759649,0.06743832233649813,0.08557947538308504,0.01734064753078008,0.7095069532710238,0.9131346309585494,0.006777545775366722,0.06324222656354722,0.6762269349964389,0.01134401505212207,73.57616982662805,2.9654803890844845,7.801865453004045,0.05263083464010343,0.017764710803331155,0,-0.00017326319482357922,0.03823933798516841,0.03256253725271609,35.994610665288256,0.8123723555043154,-1.2361538869833606
909.1270793086296,0.7547605933050707,0.06328224185101287,0.06616958390073677,0.12268475370196029,0.01725248835052868,0.6992509958154095,0.9099419960654602,0.006852134367975187,0.0632413732072016,0.6706650550419411,0.010653589446429032,64.81669598641382,3.049393905423207,8.102601145168082,0.05265408279111981,0.018183282044002658,0,-1.9858214267605217e-05,0.04004339777698533,0.031607664458893125,35.50398878026128,-0.7748806476112692,-2.7428839479424756
909.9083271742525,0.7541504165454369,0.06349972490286321,0.06404454208639787,0.13132883241211948,0.01764457034687292,0.7120171214933766,0.9195611525559425,0.006844345352551568,0.06372258431119884,0.6654078505153047,0.010611344854809307,62.684542921292234,2.9922335759924077,7.61203713261536,0.05262365346855563,0.018306863513950188,0,0.00043944317886345906,0.03960478859707125,0.032037127977373105,37.247307588936835,-0.13510433760720247,1.2675251719054368
910.6792044929865,0.7553315072961893,0.06675085149783538,0.06398328651068441,0.07272372272919987,0.017654082766731416,0.7162110949648219,0.9243487146753238,0.006541578464268867,0.06651833217823071,0.6681257988806621,0.010747291038279112,61.117960197493765,3.0158931801737627,8.298900694834176,0.052802280408335796,0.01784720118462119,0,-0.00014347250894824435,0.041842002534045825,0.032971981630013185,42.13064634351182,-0.7530555484795144,1.1515653045878012
911.4535386606835,0.7559133981901655,0.06634116464098727,0.06449747604191655,0.08612810723034978,0.017215510519994003,0.6988691205748034,0.9263103741314763,0.006680618072242897,0.0668323568850976,0.6714283755540884,0.010496007158219063,54.9733555719723,2.9470755828947777,7.595260564655742,0.05329454173408826,0.01750593276665143,0,0.0004984559226755885,0.0413614685890476,0.03308516478736955,42.40005313763687,-1.209956533925705,3.1630582463613663
912.2347865263064,0.7534126335599688,0.0667325486102837,0.06436685557017864,0.06764938314656165,0.01742444202933037,0.7171980819483286,0.9574833401034826,0.006678579811174593,0.06672358349939128,0.6692498400333364,0.011466116002855783,55.93166362063761,2.9068038952425423,8.344364761144005,0.0532080085040398,0.017344914883433586,0,0.0003115748027194614,0.041638882599955566,0.03287729667364989,51.056346109172345,-0.40039127196556756,0.23637999943276694
913.0091206940034,0.7537632995241302,0.06662965062267032,0.06430877622771841,0.08337502246879673,0.017540772060167218,0.709010975272891,0.9661632993692137,0.0067917308259176756,0.06677070352808216,0.6786002412421442,0.011864911053276085,57.115851329656785,2.9873107345409,7.860590567198908,0.0528803838739601,0.016154869556767384,0,-3.7548630975460723e-05,0.04141198430759357,0.03393355474911146,47.017453542431944,-0.36880493666388053,-0.0848331381522639
913.7972822575521,0.7558309282668316,0.0631828853878194,0.06453832050578565,0.08408972851559422,0.017612193154012735,0.7127505394548984,0.9668584888162526,0.003308372012712702,0.06313709305010767,0.6773269894992704,0.011719273593995414,58.56903825795007,2.9424519036333794,7.206940381825777,0.05399713928970164,0.013756761271569619,0,0.0008377045423956588,0.04263505679016082,0.03261058000060881,48.96689098545462,-0.5733581858044619,-0.39600365430460055
914.5819869721379,0.7583739690815186,0.06311083743426645,0.06434948597122928,0.02778807690575534,0.01759484361038936,0.7769635283301262,1.0312503962874482,0.003200232711458411,0.06334462487580164,0.7481934106631896,0.013026822084039734,61.13266406022303,2.907092539193906,7.3472020133316,0.05406757997064179,0.014338615419058237,0,-0.00048279070328290287,0.041942081023702255,0.03235006760421761,46.9299306183607,-0.35215999517495483,0.4772874808826874
915.3770622336124,0.7580193180245537,0.06310785938726321,0.06511057220507957,0.05175838592158896,0.017867023584615088,0.8259056964630694,1.0550416306656931,0.0033446798008974826,0.06367253833878385,0.7672218896725825,0.014129357447212604,61.80157014960384,3.162453534501251,7.44782590014741,0.05652145311196235,0.01293501724778497,0,0.0008977361220243953,0.04297953039629536,0.03219761185642067,48.442070343581626,-0.35690161716006846,-1.0412540174296139
916.1617669481982,0.757750273347227,0.06350420779242631,0.06659554942687833,0.04794731137587414,0.018805140970944493,0.8366535326148387,1.0707693738390287,0.0034545646531402626,0.06390592350362687,0.7832210317209226,0.014212476179190334,61.12543025781323,3.091678493006508,8.572577304547915,0.056760393902184444,0.011781140197012298,0,0.0010226992003382787,0.041938178978229095,0.032278796864139245,48.94878573156796,-3.519911762310783,0.34694086943601615
916.9395579648581,0.7587733576445064,0.06355924329897543,0.06718050238401525,0.04111953818174621,0.01937408524946112,0.8695887841382913,1.0804809739240993,0.0033319933358675643,0.06307607322437725,0.8527115248099448,0.014540296243388488,60.96195464497256,2.8127229803216323,8.064625332985766,0.05722615773069408,0.012277316655173232,0,-0.0006981146342729408,0.0415447184525699,0.031667339053553116,49.96969338608259,1.2994659646472015,1.0323522220321795
917.7242626794439,0.7589749021307924,0.06336165563879453,0.06731150913441512,0.09268356723084906,0.019535156312461402,0.873285779748798,1.1317642085206272,0.0033229293658732302,0.06326342044046991,0.8788556037050892,0.014679206027446363,61.80330752196079,3.0714493420572304,7.620059607005557,0.058167953468337745,0.012410473174008046,0,-1.3539478438074728e-05,0.040089383840568635,0.03147628127134243,50.841793938558055,-0.16718572577265095,-1.4405760101027525
918.5124242429927,0.7677909189561246,0.06342738515230666,0.06765326752807345,0.049527540135776135,0.020321086896169772,0.9066728813860263,1.1381724739720838,0.003310393547602228,0.063301886881179,1.0091341603389803,0.014972237503120824,62.393484986698134,3.1597882343876327,7.905174600750855,0.05833603290192627,0.011841820527080698,0,-4.270116610274618e-05,0.029769794928862833,0.01634840832199754,50.67490849474264,1.6652888356734348,1.0656448416701543
919.3455248430595,0.7726720877352137,0.06353916295867634,0.06819881278210786,0.10381645579360896,0.021772054780022903,0.9216176003326279,1.1566371523872754,0.00335027044894955,0.0635066799526154,0.9996418856472866,0.014526600550433597,73.77004881499967,2.9828688461539863,8.239452283627891,0.058490155969276786,0.011915982076263473,0,-7.221979451327854e-05,0.031297653974717635,0.016935915515359817,52.859258347341914,0.8481825899948421,1.1892591212947623
920.1647980472745,0.7792021916093388,0.06337159540323914,0.06805324406321804,0.09599408807160781,0.022423057180864396,0.9250997647174813,1.17823869710657,0.0033902792790930676,0.0634930611588124,1.0063365876559733,0.014431405248197372,73.93472448405596,3.1469035434076376,7.973601078969751,0.05731932888217601,0.013028166359208584,0,-0.0005795835905604698,0.03073542995971075,0.016942340692782342,50.37170302027828,0.5313088178866648,1.6921399667112653
920.9771575535639,0.7750739056498777,0.06319464562522613,0.0677363319506336,0.47776700332472705,0.023827164106377047,0.9339671138459461,1.162086252603237,0.003421567120084978,0.06354898307082035,0.9446330828165339,0.015132703003987884,75.31754743831574,3.101461547647958,7.690397862008148,0.05736144375743825,0.013866522109065575,0,0.00019876401676531747,0.031870742403818035,0.016595871843644548,50.10690106236426,0.8811171209750485,1.2752583795770194
921.7826033619273,0.7786207455118962,0.06699786386961375,0.06767914695777835,0.49511252281712537,0.02378906399739982,0.9436861953346655,1.1693755393963194,0.003368552663401152,0.06665836499580396,0.8999109243676724,0.015045813740415949,75.84911680477192,3.0832604265321546,8.353010775639174,0.05733990445209449,0.018508476448271,0,-0.00016749259551255123,0.03136661808189671,0.017405978234321245,43.24456950559521,1.2899430838311312,-1.0478173126098462
922.5845923213277,0.7762154849919917,0.06658909456694904,0.06720712865911227,0.8123966939057606,0.024308247029867117,0.9507117777141653,1.2046535087741508,0.0032997478409993054,0.06684795996896581,0.8902905369224892,0.01523708512508042,80.14132027621034,3.132356665325955,7.5912435500695725,0.05292973686733814,0.018513118869131817,0,-0.0003073153610151629,0.030133990081005733,0.017782870992377013,42.388325987558574,-0.9321104382461991,-2.135207265006979
923.393494978654,0.774607087453368,0.06659461533687318,0.0671184614839173,0.8502354309372582,0.02418580375436434,0.9621535340555909,1.1994536792351098,0.006591178241479744,0.06692455696369849,0.8947758806388404,0.015338798554924645,79.371140768623,2.938833266347115,7.825477507909186,0.05278990710522104,0.011074683448213564,0,0.00012891619072626223,0.0315983846196197,0.01753861491147735,36.30021642787069,-1.111400549614117,-0.31913622726246366
924.1989407870174,0.776071244132136,0.06625680774521019,0.06736116405824057,0.8878043930803449,0.024404343679316286,0.9570689481707351,1.2066337894453592,0.006646118651258249,0.06673946004719536,0.8903903811556869,0.015186663473214927,81.4681600049795,2.994803421171083,7.783212044268591,0.047079183725291913,0.014433193661194206,0,0.00022055685846208626,0.031505329964808024,0.01641484439573243,34.7838188377484,-0.9523584480007525,1.6786294859293296
925.0182139912325,0.7718887986367627,0.06675022195423976,0.06658301466817182,0.8759507263242676,0.024080275467745767,0.9532060579553926,1.186352192982416,0.006474129832945696,0.06642290400139358,0.8949704270801333,0.013814051901715032,80.86371256209264,2.9392705784579576,8.069213611170866,0.0452832389955612,0.017695797870957087,0,-0.000565315297135685,0.03349774275733125,0.017979804787159735,34.53109336573649,-0.5166795258825695,0.7475185678939981
925.8132892527071,0.7664285535241397,0.06676537891469297,0.06650505545516598,0.8838332221979048,0.024370915364186823,0.9429653902549763,1.1899993430046332,0.006694575579753057,0.06710020268836846,0.8663614278127775,0.01380109159475478,80.36043547152495,2.8881254237283294,8.71896431156539,0.04372444058856873,0.020251037206766676,0,-0.00021287390749233955,0.03591628016190246,0.019439146242903042,36.12983155868223,-1.4862147224872035,0.4201506167640601
926.6049076652188,0.7669992622363305,0.06661375869152557,0.06686028356865574,0.8805150157497466,0.021065839329500957,0.8009500885957002,1.0708426467250096,0.006504415756831247,0.06714557237914023,0.7473876446564195,0.013778042252724637,80.59683122466373,2.934663521805866,7.895741354021093,0.04430303272323445,0.020415258130777995,0,0.00047603500679268933,0.04336390597084614,0.020138168984767765,35.58386634873135,-0.6050572014773161,0.1998874545314194
927.3999829266933,0.7644217407608074,0.06615016241945061,0.0664256454882151,1.1373812689911544,0.019397740852143547,0.7692213053051076,0.9682704475810577,0.006601309275271503,0.06651764090362484,0.6886350212177496,0.012946772377533125,66.15559956688061,2.9438657420282146,8.132280233801723,0.04096782494558396,0.017821313411718866,0,-0.00024962447393258095,0.04505784327242778,0.020409306689192355,35.052144799369515,0.6591389567392848,-3.167856977162894
928.1916013392049,0.7641788033531395,0.06663587930923211,0.0663580797720833,1.1121840258048228,0.018108424128928303,0.6630870651610178,0.881776793906204,0.006612123891993815,0.06622073570784133,0.636611102036232,0.012809016083345394,57.594565593009236,3.1261139540655476,7.5430541464871865,0.03678104562986371,0.016075363021835806,0,-0.00016981771909564181,0.04485069693644498,0.02129415882391465,33.40294786760146,-1.4632506982136317,2.5499252563798183
928.9728492048278,0.7631312767385646,0.06635659719604564,0.06654831348311223,1.101319131390451,0.016835708954912817,0.6560852306556576,0.8515961213713549,0.006593400927816297,0.06681708183037106,0.603245411168447,0.01216468057526049,57.57579286972935,2.9588364998589545,8.022451511618018,0.03487309429269571,0.016014159369159304,0,0.0009837761447139184,0.04600172363227663,0.021571077588061403,35.35705347500008,0.6561398906093552,-1.2153904357065348
929.7575539194136,0.756884446590013,0.06678580736928877,0.06710231819146666,1.212332254083189,0.01715821038805048,0.6489081592368234,0.8582153834769825,0.006406806824995186,0.06675931547584603,0.6114362520990904,0.011292248012417636,45.22304592085242,3.1298636482691737,7.52683561709536,0.034967089220346345,0.015635045044417116,0,0.00023979445816749444,0.05335450631234483,0.02510813881026996,38.251022180858314,-2.1819806302997518,0.11218191392779599
930.5802839725917,0.7561186707645196,0.07011087827260988,0.06742516813091237,1.2299972458470037,0.01691369786501426,0.6488300770252882,0.8715723849929238,0.01006251583247538,0.06993498652397025,0.605120518662011,0.010879431046366166,45.22330525782529,3.006232224081076,7.6861652203981565,0.0353049175539354,0.015806364607217873,0,-0.0005482305947881303,0.06570030282149775,0.030780391105152585,35.607935483952204,-1.2826018365919405,3.0228681058919014
931.330420197548,0.7573484780885498,0.06979258549570654,0.06746734491585303,1.2976343290033412,0.017083770041043538,0.6461341777072717,0.8583500840170047,0.00991701777287974,0.06964193889286,0.6030548419083046,0.009933291427935914,30.68267756417503,3.1208489738867424,8.593642044712245,0.034747026944611556,0.017251091409723647,0,7.155172848523318e-06,0.06349997248551824,0.040328238224367166,36.09503038140144,-0.6116863345241776,0.2524135631635928
932.1151249121339,0.7528785659326874,0.0665926274427174,0.0679223765401573,1.2758556677959452,0.016720949889314912,0.6474477958277505,0.8553812805763703,0.00975971829983111,0.066857993824283,0.6008886546096431,0.009685401531460518,32.222729137067056,2.951397884522868,7.973665021138934,0.03604263337118425,0.020809526265481035,0,-0.0007724650371916525,0.064496196155511,0.03980480148855789,35.38249862072943,6.239881092989347,1.0629213068547325
932.8998296267197,0.7459219652225253,0.06617712134194266,0.06773331095293009,1.2788785528419717,0.017670388400141984,0.6529817781770164,0.8622157918873076,0.009942794961772203,0.06675412143195977,0.669533065238056,0.009225163124448524,30.719342647004183,3.0561000158261247,7.466744602924346,0.036391645963127016,0.02390143576363269,0,2.9411065753818264e-05,0.0643235743577084,0.039662477073804964,44.13113469116095,5.334071224005301,1.1124725359347458
933.6707069454536,0.7450150413337946,0.06655213590380056,0.0691224859835104,1.3735452858182793,0.01773678972868503,0.6478496779867758,0.9138908040970642,0.0066505171075725575,0.06652558300451945,0.687149627499443,0.00837238059599966,26.020769014502964,2.8881279887091416,8.265093704521616,0.043500363262689606,0.025687380711910044,0,0.00018295970771260858,0.06348705643549703,0.03935521070103875,43.283853957229695,8.400324693308074,-0.1033516852758409
934.4484979621136,0.7470156415381317,0.0667577487387162,0.07063903197223091,1.3967032645492805,0.01783445488255656,0.6490548524197224,0.9002022757039441,0.009988285346713133,0.06657153222041323,0.7042830128856038,0.008293490136174184,25.96411555997452,3.034559072453784,8.262991566021178,0.04874450170053951,0.019631848583530002,0,-0.0003319763977874898,0.06455029099270222,0.0406245434743977,44.005410204999286,7.180848106988453,-0.28372535321440284
935.2159184318847,0.7457863689133196,0.06309791283309939,0.07267838234358028,1.5341064616149493,0.01738786024854331,0.6539485981760845,0.9233304346665003,0.01031522947138585,0.06288343441182064,0.7245931535949467,0.008467271849267294,26.43032168542456,2.919225811089955,8.071877789881663,0.04953904790427572,0.019624766228041907,0,0.0004866197421381467,0.06176186873844861,0.03957493530196966,44.74285921974911,8.69206395666666,0.3668171839642553
935.9867957506186,0.7433436196794174,0.06305567461684598,0.07269717861800033,1.6115849300581613,0.017975652476603217,0.6564154725784425,1.00452185440101,0.010194962179972927,0.06303019738393795,0.7336014969626319,0.007138544962934603,26.62391830295127,2.986452919525253,7.716797922250866,0.05265695527799971,0.023478274831131577,0,0.00015791042658644492,0.0534237482040584,0.040216047399742196,43.529594619363145,9.160302949499565,0.2569898244460418
936.7542162203898,0.738378433446321,0.06305722838633986,0.07289319235844711,1.672589847143711,0.018791499478103053,0.6692268701465708,1.010878212119868,0.010078733029105823,0.06316942221601005,0.7907265501276332,0.007013426944318407,62.92421346860876,2.8867319564242595,7.989791904524164,0.05459092024391438,0.028337011722666706,0,-0.00019905609981676236,0.03686564731444433,0.03048714298584407,41.575114057055664,6.9394143517442854,2.0381263647715184
937.5147229922353,0.7441889816161077,0.06313677435173093,0.07300962494663296,1.6775878400364195,0.019395458343859934,0.7436900016645257,1.1057183785720306,0.009984486349230479,0.06349470253409327,0.8308488213446246,0.006735016886994618,54.435474608520686,3.0278606804500154,8.281943927798004,0.06138425944944698,0.026062155073994363,0,2.6966836632511058e-05,0.0313932619739211,0.023005556263772136,43.203624062160976,6.848222207832608,0.9131170183649847
938.2786866130432,0.7431042838836068,0.06331395290579767,0.07290137376874986,1.6753316813095174,0.019650140566918058,0.7469014910536083,1.0984505765133212,0.0065591826643815535,0.06316303296691292,0.8349097700825684,0.00831974790442227,62.06920598066753,3.145275802689754,8.38867602196943,0.06097348486933406,0.024126658300118044,0,-0.00050374617714801,0.02778725819752434,0.02420486370171357,51.84937177969218,7.33857891003049,0.3958339621561095
939.0495639317776,0.7454284111059594,0.06353982405233735,0.07281486168203238,1.7151649213033675,0.02066627189778161,0.7845666231148493,1.1135747544550623,0.006637349032176481,0.06307482248848033,0.8398809626216653,0.013198125741381236,62.75227786747636,3.0204913099000756,7.457908913601856,0.06144251497609829,0.023475178897629144,0,0.0006541435201603419,0.028522306068946426,0.022653953067175474,43.743533991889706,8.740154084527793,-0.44848923647037175
939.8100707036227,0.7430392162141618,0.06319955866286694,0.07207533636250682,1.682477524620274,0.02102250687677687,0.866933353383691,1.1014042948517633,0.006728479854476325,0.06319786821951857,0.8354515260018589,0.013322768899020086,67.80523285025122,3.0609572859711207,8.085324606587472,0.06109585150807027,0.022525312762216566,0,0.0006695982314771306,0.02693238536869081,0.024215500039554413,42.25618351141568,8.434892370866056,-1.640096246757664
940.5809480223568,0.7429069860810649,0.06302649226909832,0.07140746184510899,1.705490036467086,0.02072433849946616,0.8737010125721208,1.1046739214791725,0.0066237112301592025,0.0634644785215367,0.8206248989531217,0.013233429306636207,61.71035419662091,2.8532652998886014,7.775475800607235,0.054790926878882755,0.02130428695216366,0,0.0012671995368742,0.025431903899737915,0.023217418518332353,42.58516471047031,7.1062647171235565,-0.38846438775385245
941.3691095859053,0.7498361111087218,0.06364631057695955,0.07126127720921954,1.7200690190152317,0.02063882373628454,0.8744961980913054,1.1083591740790453,0.006624495632310608,0.06342066940798347,0.8172902053926269,0.013351686050109302,62.433748705945554,2.8861839014616466,7.343663815313239,0.054534483531596574,0.017899912114714086,0,0.000325887269439424,0.024499268566797034,0.02389072635941888,44.98320369221226,5.62119901038446,0.058524556347449824
942.1538143004913,0.7543835498559973,0.06341794701529446,0.06920116168770798,1.6794291097192786,0.021246071387497772,0.8899693056728394,1.1672390912897563,0.006546371746528924,0.06323261245735988,0.819566255410206,0.013444831447551804,67.26049781943041,3.0409467262872187,7.751132086484309,0.05364362372309158,0.017344956042806146,0,-0.000699024808273319,0.023201459924280035,0.023336730382163006,42.05797940806294,5.069322203999935,1.0331254041419589
942.935062166114,0.7514309801311297,0.0630833314597004,0.066914425491119,1.6702442531218264,0.02136209350036863,0.8958690869637561,1.148819819423053,0.006722766843103519,0.06349652703500552,0.8123951767192781,0.014662853225868848,67.14497710730414,3.1481130858634385,7.403122834335515,0.05372394551815163,0.016676651685658014,0,0.0007736298507411388,0.02383751415049115,0.025198885493152082,43.30936745711418,2.31852754313027,-2.2005745294107943
943.7301374275886,0.7529083253758118,0.06306920608536166,0.06434973240715144,1.6822797721614906,0.021361614089285337,0.8837560017719243,1.1612855512927818,0.006781370383973804,0.06319148233804797,0.8287760047175232,0.0146643214429415,69.02986390383161,2.9348806610481084,8.270839918234364,0.05115887378045715,0.011404414074689746,0,0.00018261175180745288,0.021003848754325236,0.025320678199741094,42.923652078166874,2.6730296467963246,0.9264322212145837
944.5182989911374,0.7558041552762516,0.06347537179724543,0.06425478735899418,1.7970655512788605,0.021546271291464147,0.8902434322375927,1.163405062914968,0.006823802951276975,0.06366010223275069,0.820676130294752,0.015766836142923565,68.69911144796328,3.092517045172672,8.318463942828492,0.051763872830780364,0.009687337206760927,0,-0.0007568868427265552,0.022234663174667026,0.0240791997370435,43.48527211240328,1.1479558440138833,0.36992547248162383
945.2960900077973,0.7567732569170782,0.06398681528490913,0.06409054783649054,1.7103047173416144,0.021413569464727004,0.8960812940053315,1.1582413728707763,0.006653714448300001,0.06363983511122875,0.8123740896998489,0.014879056925032311,68.0858564589958,2.934110579439048,8.009752446606516,0.04537147734171937,0.009620861203818757,0,-0.00015276000067465908,0.018241031778722397,0.02412962555266423,41.879834557961956,0.7734409707031006,-1.6274748122098939
946.07733787342,0.7549262011207009,0.06322906888821807,0.06430862817523977,1.7180426249494358,0.021509284058702418,0.9161187614076146,1.1525001343663386,0.006659323219498326,0.06311775101342501,0.8091458615356064,0.014828724721834306,75.15686839535199,3.17026988570401,8.543785486851963,0.044812620388422805,0.009561830856697612,0,-0.00018759828849481363,0.018331485997667166,0.02570399242954592,44.2871764143708,-0.8597687266190369,-0.7080242826660003
946.8758699838575,0.7599775366961651,0.06326282910009981,0.06386199141841255,1.7487092363955763,0.02128756912016352,0.917322055673144,1.1311703005175513,0.00652626115559411,0.06315033188043902,0.813552637329936,0.01509237480550291,73.53731814514398,2.850765295212351,7.443138802462694,0.043401760422328024,0.00958222310252722,0,0.000586629340657467,0.01930690679483285,0.024497835895924493,44.92587733032017,-1.9640107138692577,-0.2170547055281084
947.6536610005174,0.7596487081830761,0.06357611487098742,0.06368809327689948,1.754188647685315,0.020949454273887995,0.8684353959234694,1.0670827097182276,0.00652037347253714,0.06360122309300581,0.8179883492514596,0.014632513367126784,73.56868942832796,2.8723553600850775,8.311172095912003,0.04384531812374428,0.009473295163970089,0,0.0005867432148302941,0.017624394718883475,0.024185643272695713,42.80813699632996,-0.4559931199182754,-0.7780377790227296
948.4383657151033,0.7624661700944514,0.06365928118426394,0.06314717128409716,1.7268734375517645,0.020960688769930146,0.8566509422364476,1.0847835341310685,0.0065509593832277085,0.06349133953671446,0.7927107335667561,0.014617971098271485,72.39809662482361,3.005488545846419,7.998361595295121,0.04422641779968044,0.009831077299790755,0,-0.00037297956077077986,0.018151972376795573,0.024100667883175195,41.1599062958642,0.4507752715673479,-1.9810701535538924
949.226527278652,0.7605613867529923,0.06364707288598781,0.0633690864365193,1.748533346505044,0.021055080683988297,0.860299513532853,1.074138695865185,0.006840386674153944,0.06321447370985417,0.7993457487875343,0.01446709226818159,73.45648051484231,2.9431128367518142,8.281753150906772,0.05186329553711209,0.009440167008195935,0,1.7577808925724525e-05,0.018092939416107862,0.023222359451561727,43.15653993075826,1.1436965998494442,-2.364424691008001
950.0216025401268,0.7654918221670529,0.06326101627683058,0.06296106411960214,1.759081334934167,0.021348517851147858,0.8390358710982403,1.070944262855346,0.0066675327684357555,0.06328592694738179,0.7985498331108468,0.014765964629740684,71.14376781747079,3.074048978254011,7.367864823103827,0.05288442955770327,0.008575557132140104,0,3.281407929902225e-05,0.018755242379663823,0.02444378960419064,40.74816131266697,-0.8292513206397888,-1.7620682020566234
950.8132209526383,0.760586663498358,0.06299674905756551,0.0631602077255439,1.76525340148736,0.0198419682234442,0.8314652859678028,1.0695763400426408,0.006621916657361539,0.06325130705796332,0.759308585664759,0.014670401047985516,66.29724139329795,2.917897110460558,8.329644229683268,0.05335232963788013,0.008957653480311073,0,-0.0004339805652786644,0.015745990269721864,0.024294775040060324,42.4687160901952,2.867055843426055,2.4821307859247828
951.6048393651499,0.7626380627494235,0.06327688677408445,0.06364782797715156,1.7736949508663962,0.020103252914130194,0.8511113017740465,1.0821768813562487,0.006546649911949187,0.06308732236627759,0.774785167792319,0.01476383411590171,66.47962304327525,3.024963102788417,8.156593204913893,0.0529828842753978,0.008973216298824627,0,0.0007833236210846654,0.016330261126600024,0.02033645136670629,42.705077841830715,1.9915393597964937,-0.9743016329724025
952.3895440797357,0.7672100277194274,0.06303015294700119,0.06336762760425523,1.8059289287268285,0.020061880387627174,0.8380830781778235,1.0773654631393208,0.0066953110172986155,0.06302002076698825,0.7662334741941328,0.01461052988950165,66.77053523952861,2.9841852458555698,8.374767924249639,0.05280272486525222,0.008650922810575277,0,0.001329017064072378,0.013905616475330524,0.011115345391973997,43.3723532518341,-0.8295921230617982,-1.1723317491586471
953.1880761901732,0.7649134556851415,0.0635272089281286,0.06290257411044547,1.7708041881959362,0.019990537501964625,0.837054573392587,1.0626760391893557,0.006944457608637562,0.0634271689801055,0.773686539062095,0.013605019461892992,57.95563888502771,3.1051736994276964,7.848018623111247,0.052141125201049805,0.00895985893328585,0,0.0005191856842599691,0.01471504912846725,0.009879455331980517,44.06766162851389,-0.10481908267585095,-0.1910773193396409
954.0004356964623,0.771423563749772,0.06325253024752367,0.06322179052424282,1.7575452988707423,0.019976035594265383,0.821107271592459,1.0790134911230393,0.006730653050745983,0.06355179302132648,0.769469766181942,0.01365427219839505,57.975634275762076,3.0487971258420847,8.00426606353116,0.05228490264963025,0.008628750950487745,0,0.0017258376903479403,0.01464900862100962,0.010183335982737915,42.61344037131196,-0.18161231231954525,0.9600025881001958
954.7989678068998,0.7718996034104776,0.06349757325085958,0.06262105110560469,1.8931827849509753,0.020160631373812778,0.8277687668788076,1.0710969317515986,0.006728091473785194,0.06380267808208512,0.7764243603279141,0.01322880961988088,58.683776115324896,3.0965035951719386,7.930918648101398,0.052143858464360586,0.008896639979504135,0,3.198117745185534e-05,0.01456255438889157,0.008941971383702651,42.16948280600511,2.086003023736031,-0.6667918887033742
955.6044136152634,0.7743865871268222,0.0634381736259098,0.06205248274171505,,0.019670342849749715,0.82272226652832,1.0526980622850377,0.00681891463543814,0.06377046800413502,0.7741328283178716,0.012778575685254718,52.69306237128999,3.035121112015903,7.706742345433902,0.052180784476671946,0.008474458479868777,0,-0.000266419208094808,0.012916594871432823,0.01051748760398457,43.013653285462055,-2.208760681987613,-0.6212372452947198
956.396032027775,0.7749500476061996,0.06325304435248169,0.062386935320088883,,0.019943268278686428,0.7940141152299282,1.0463430361341275,0.006525177280066321,0.06316937498537999,0.829006501745588,0.011706153085413092,53.834580605792276,3.054196390508829,8.050347989661763,0.04569790201568077,0.008137430157284126,0,0.0002715169899336233,0.014116654620603093,0.007965364823195575,45.82983776568313,-1.8039927136115488,0.2950075220778548
957.2049346851012,0.7823222260807412,0.06352502999334877,0.06276001547296639,,0.02007759652380458,0.7941431231700128,1.074922441832215,0.006686049312084441,0.0634281768715201,0.8320619671999354,0.011775115591048949,52.51055580765735,3.11901698496082,7.8707959738842135,0.04582130189617638,0.008475338228635358,0,-0.00013639847999273998,0.012852872858729544,0.008917387262422041,41.05065213609701,0.026180740602251215,-0.7987834607964516
958.0069236445017,0.777305938274312,0.06353248598687292,0.06241230538743169,,0.020265976072288472,0.794395924176569,1.0925289320647626,0.006698514199549898,0.0632456173676058,0.8940554666949352,0.011812179127606875,52.56451483685198,3.091149656508713,7.883719367659769,0.04610925594109547,0.007140444636093032,0,0.00064636403757339,0.009351271505453925,0.008489981693362757,42.026164806166804,0.26183730290017504,0.740860679709872
958.812369452865,0.7730931989645283,0.06321391861882794,0.06239087110302338,,0.02020877785029319,0.7870692533297519,1.1258223437159491,0.0068881949550054465,0.06358602538363586,0.8906029803981104,0.011780120178238328,66.64555679535309,2.9043663167204445,7.865822699117178,0.045796955438465445,0.006784374095222502,0,0.0012295583979545898,0.007007505343807566,0.0056701638925515645,44.28641810279947,2.1706955230206155,-3.0681301745562153
959.6109015633027,0.772660516994841,0.06326035247436627,0.06391996708189909,,0.02105558965365829,0.8009215950274434,1.1431605987914992,0.006420445601186837,0.06343584789987872,0.919646807532095,0.011741172921853473,65.94939693797187,2.906350316785045,7.949571007864917,0.0451437825914022,0.007349821522319986,0,0.00036613416029215845,0.006555280492620956,0.005065997529511934,39.74046393808592,1.227466587000795,1.8887681411482318
960.4163473716661,0.7706162251742046,0.0633121385279283,0.06399930232470787,,0.021289662780055705,0.8218372854957491,1.1627856825878022,0.006553753888213746,0.06331116134433518,0.9472856170695694,0.011632914422526867,67.65410419406949,2.985149552199209,8.243725871961928,0.04425932359685115,0.00860791710366341,0,0.00023951361624763496,0.008653524417779916,0.0061456441225976495,42.025594920664886,0.9072635245128158,0.3636390269191306
961.2217931800295,0.7734697839215606,0.06338950037641856,0.06609550524114946,,0.02220685009892248,0.9064715404503213,1.1769283029245832,0.006645243422023681,0.06338428362136828,0.9509510811958559,0.01185670496082755,75.78758104587104,2.9864170701552615,8.113803736929613,0.045066407690279225,0.007812485168467506,0,9.739739429191867e-05,0.008121856517269078,0.005282339338134058,42.49734710067708,0.5404698034270684,1.383984195440006
962.013411592541,0.7714887417788497,0.06672543435750289,0.06611716233113067,,0.022664596253834678,0.9405372600534531,1.227550974713332,0.0066235795347134,0.06714991678983649,0.9533889538497679,0.011513473172040663,73.74319727354367,2.994776997943599,7.866136940855463,0.04835310461703965,0.009432110853292174,0,-0.000499495894068087,0.007477430218717392,0.005703140882131444,32.32201737024121,2.1829466305669576,1.2174025243161144
962.8050300050526,0.7818682758108935,0.06682308921647714,0.06665324012033513,,0.02211195303154908,0.9366578592553961,1.233167779942575,0.009957427660998174,0.06687576249102344,0.8861244133299023,0.012900951741887124,73.65852937733513,2.847749948994952,7.798366714242919,0.048622236246807345,0.009295435809405155,0,0.0006034470472423516,0.00811908498936547,0.005878479263212289,35.45456945063928,-0.18937566657447352,0.3965436547146239
963.5966484175643,0.776491121669925,0.06664679514324752,0.06594464388812331,,0.022156009522874363,0.9341969984174594,1.2455399411597599,0.010048092876557557,0.06636773210628204,0.8852579593935975,0.012738598580866995,73.65612027438132,3.0021801426147965,7.530851343865373,0.04769631858396616,0.010590374890288683,0,0.00037087113339698724,0.020308946588641005,0.01877197010831921,36.16613665146985,1.1316197714369305,-0.09713057882442101
964.3917236790388,0.7783879920080053,0.06667557208156051,0.06642392223682386,,0.022691951687800825,0.9727391327848395,1.2341921015936954,0.01007439957364444,0.06732783868087389,0.8421855353350376,0.015288923645988176,74.04360335283715,3.0329616961484764,8.24303633707742,0.04733569667523543,0.012128557972109558,0,0.0013543738935654416,0.029346581970298182,0.021084559176146683,35.26510150042852,-1.276760017639068,-0.0044589352068949845
965.2006263363653,0.7792052996695792,0.06641035730716863,0.06696877028062072,1.6969032244907571,0.023958326432516816,1.0385283540382086,1.3648378945573298,0.01002784956507012,0.06651861075992081,0.8433846651598257,0.015271807897980385,74.08292920809578,3.0360338957352577,8.18548729815478,0.04728465066871353,0.012113904340440743,0,-7.241512841280626e-05,0.051744049807853916,0.035443265594656624,34.85537541383556,-0.5794606598281965,3.7509482284501314
966.0129858426546,0.7780085408527853,0.06634967984945918,0.0664161837299425,1.752491127603571,0.024175516254278023,1.0329325549158863,1.3656625272582716,0.009958897515902782,0.06623609303405283,0.7892473741484112,0.012657164622790974,74.30991182978588,3.0829361239691915,8.218307618041628,0.04739905678978562,0.011755692913410477,0,-0.00016076439432748221,0.059358479098254466,0.0349218176031364,36.97748945682287,-0.11811283116414405,1.022984488324761
966.8218884999808,0.7806007010868182,0.06670210060260605,0.06693886935764731,1.707197803033851,0.02418567979691506,1.0299065460872623,1.3591405683113993,0.010062151376650608,0.0666755093188266,0.77146991653698,0.01419044527403893,70.26119566974465,2.857629753768042,7.787654622972952,0.03836272057670787,0.013228742170273202,0,-0.0012739853799510694,0.06077907592876826,0.03512097474283814,34.88245742070247,0.025918655370297857,-0.43672755672885766
967.6273343083441,0.7790284855426761,0.06681614691981107,0.06673269754467245,1.6894949191319903,0.022673125566831365,0.9666996742105185,1.1558204748587175,0.010131486738838368,0.06684020748235081,0.7315976707889302,0.01157968775803632,70.60193060985912,3.04757096628065,8.060194728378177,0.03833740413360655,0.012274830896425622,0,0.0004858772611561528,0.06270548609042975,0.03655173894386262,36.157558895976834,0.14067749856482,0.8358745532512143
968.5572266793732,0.7811229932898062,0.06683171636193433,0.06642665065577077,1.7035689985752445,0.021472714654823404,0.8070774932816752,1.1022094630126373,0.01011277837965854,0.06687092672131023,0.692555346713025,0.014090907528388364,71.52694183790742,2.8336811292030477,7.4800112712778235,0.038539034924146995,0.010209742432951396,0,0.00031269526236895435,0.06360995340825533,0.03752509218743443,34.463127945185974,1.7881676503953061,0.8033912298234481
969.3108197532925,0.782436695808183,0.06654040742469221,0.06727422502693957,1.770655404983397,0.018918127926884444,0.7858835092766762,0.9649446289506632,0.006789905509442096,0.06688871960790795,0.6166911335921543,0.013219313077309683,69.9593634316917,2.9498000538124685,7.483463066746867,0.03895672400482356,0.01081611190814246,0,0.00045625000694299745,0.06466861060258607,0.03827848945615372,36.93869447656907,6.6381731811045785,5.764967943562905
970.1300929575078,0.7766029487007824,0.06659174650953106,0.0674397972271015,1.715576764516239,0.017733163376048758,0.7796475081753452,0.9711296964410668,0.006656790312347216,0.06630316426355604,0.5918151650456221,0.013063366344891067,70.28475179442914,3.040349446835794,8.059637948888467,0.03861781091973731,0.01141515691380281,0,0.0019489373659222595,0.06513274542613369,0.03828567590962284,35.15921398444575,13.799557856968795,15.355238272004144
971.0772695733514,0.7816771529210477,0.0630160326187301,0.0672761867269159,1.7555567348496106,0.017453069189768283,0.7779591965399506,0.9559735157499367,0.006393029209166383,0.06334448622141742,0.5818847979921644,0.013106451764797083,71.58819670579054,2.9440742173449115,8.058669519576043,0.03858501306030579,0.012423970967683669,0,0.0009143339575941422,0.06718904906499737,0.03901789520511408,36.465622060451246,21.201742291996485,12.490336969538637
971.8481468920853,0.7797864243758341,0.0634450972038654,0.06721263328151575,1.6852852291986682,0.017360943481151424,0.7893051687955105,0.9654015110363592,0.006861935837225979,0.06347842990797745,0.5878063019056404,0.013210023042783481,70.34244375719406,3.0532687350796532,8.42475493653333,0.046913441591991914,0.012081695315288908,0,0.0029477164388687933,0.07663346974161857,0.03796410427110628,42.54746221564667,28.97430429894993,22.051786744740145
972.6570495494116,0.7811381314730017,0.0633427277107506,0.067057651829153,1.7406111943248943,0.01746151832999779,0.78196937972432,0.9967304616468147,0.006769533289978893,0.0632897160739106,0.611662890330579,0.013237767336209946,67.34220231997138,3.0216524583747333,8.021304900058391,0.04615163002061177,0.009929198311383494,0,0.003136627274087025,0.08235487272672516,0.03899422254218922,52.14267306098265,36.02751935966265,30.326353068762288
973.4763227536268,0.7790912545298231,0.0635423304673581,0.06682118048273404,1.6606697335039582,0.017484502622798454,0.7738638600741697,0.9742575185409851,0.006463810273467834,0.06318297036527194,0.6022150532916173,0.013226677747549185,67.72749132737451,2.940191816631408,8.020873203996173,0.04653477778753818,0.009429933602811807,0,0.0029933745876818754,0.08176840606189921,0.037212874935931985,57.12202528954508,37.95079239214186,30.191896154060526
974.2852254109532,0.7833830529648221,0.06378604705056132,0.06671139333611859,1.6493319610153343,0.017598366815928135,0.7725301104222717,0.8979329079849447,0.006613096044991987,0.06337363771674379,0.6214684358123618,0.013552782441402242,69.9480630882977,2.965050662956621,7.270092365768522,0.0456955357255153,0.009101184930418114,0,0.002144939406710061,0.08026350217541235,0.03401166775693789,58.71286242217787,35.007141414777294,29.007330705592832
975.0975849172424,0.7775438790771612,0.06331872971692853,0.06652480874813045,1.5724808000102155,0.0174814592346878,0.7794971300524299,0.8847327178643544,0.006673863481172486,0.0635494818517362,0.6658196925233743,0.013792175717305396,71.58662799479627,2.8323244306731983,8.157313255848562,0.046000767557846475,0.009066673263984727,0,0.0014566469961293,0.08146138840736379,0.03521661309791468,65.08072790420802,38.17387274795599,28.148785011708195
975.9064875745687,0.7837686151371926,0.06311708203048336,0.06684983517029423,1.5520035499163762,0.01861392791471484,0.76479908663052,0.9598519037106756,0.006792553580660643,0.06298597228964282,0.7105151711343742,0.013455807511056784,72.9494435588914,2.92571606126181,7.955009743858792,0.04562265551646744,0.008621906253262653,0,0.0014687929360485935,0.082134943533782,0.034834330771074125,63.984828504249975,35.01925284989036,27.730894688756663
976.8605778883383,0.783696919048602,0.07006028576955807,0.06627157365330465,1.2369552392940755,0.01907006432119706,0.786404170630155,0.9920167679834103,0.006436859808291968,0.06985577266678678,0.7288730375312096,0.013513163832491742,71.3152037308235,2.8886757023453002,7.955648033981617,0.04552021351721208,0.008526078920971094,0,0.0026155273247013126,0.08138354529646095,0.032251348108092305,64.329509356905,35.62905053122352,27.784306430799425
977.645282602924,0.7841648962820714,0.07012690436788775,0.06646896137412735,0.802436662605735,0.019474898489421837,0.8033085461127685,0.9994771083481354,0.007089014043878868,0.06975788120275823,0.7456003091862963,0.01302048468675836,71.36619468697947,3.0033782922065924,7.807394874987638,0.04584840540444297,0.009328149623865243,0,0.003067743022815888,0.053049255897104554,0.01780921432398892,62.63409943561298,46.04527873003611,33.7421138421434
978.5959160677305,0.7834262342552354,0.06952286145319324,0.06609108545261244,0.7807577458295167,0.020556558037899946,0.8148670673834775,1.063627049332853,0.006749539468619899,0.06957127023334966,0.752051966684101,0.013530134272438047,74.35180468144816,3.088349603454556,7.81560647285763,0.046086325027319554,0.008646931139273882,0,0.004162402288230204,0.031730578819280514,0.014707546948784636,71.10059719461346,49.267309736123515,44.340276540480644
979.3979050271308,0.7806992460273688,0.06964542827472954,0.06636355196056244,0.7340281345302652,0.020345172125673355,0.8109530996006904,1.0511462309519093,0.006387213863934362,0.07003756584516137,0.760092838708253,0.013446100736500622,73.11206403742321,3.015192804408804,8.327215710123003,0.04524889439854018,0.008694307036677274,0,0.004129121593561085,0.029418897213131304,0.013138097635877317,78.80194951560566,57.85198453936634,49.06717814978584
980.231005627198,0.778713315938261,0.0697498310532687,0.0664469335166551,0.7337137115511969,0.020398482952419524,0.8073302672195161,1.0435832845945312,0.006632171220793354,0.07013709735370803,0.7568366790199424,0.013783765138875335,70.15060368506184,3.02598988797533,8.107409789336206,0.0447948351520542,0.008047972456110076,0,0.004005325952871481,0.028954954267777226,0.013261061243314666,84.97985847963412,55.303625610376855,49.412930796748405
981.2369486754113,0.804853362631352,0.07026400119828219,0.06645742128727618,0.6954244285049686,0.021037543687093575,0.8174339951810493,1.0691970340704384,0.006639274836636454,0.0698742408993003,0.7805586153406547,0.012452632206024937,70.19330757496833,3.1218535805084064,7.783304336014605,0.045381544413876505,0.008569536844241415,0,0.0035657789644986284,0.022211479437864393,0.012275754805235435,85.57684300363721,58.18522663017707,50.351313251470394
982.0458513327378,0.8035374426781703,0.07020844942883256,0.0681597758236087,0.5794919517843516,0.02113546450973824,0.8173451345434046,1.1009804888748567,0.009957524034024775,0.07004902407292611,0.7768132642763101,0.012104990488866051,71.83458846498523,3.017213104068489,8.26155308548633,0.04500894275718406,0.008732614954812047,0,0.004704222889874656,0.021905404592139965,0.011505704859102019,85.46006233605767,57.25489897709319,55.949545694776106
983.0275964382105,0.8249856037982868,0.06675279753667702,0.06817228961288119,0.5896534963063909,0.020286641562267133,0.8504667760752129,1.1141477239220454,0.009879246313590976,0.06648156647872754,0.7600019388373916,0.012112153694923408,70.70254435192906,2.8800850583357116,8.092371796065912,0.045488368867533595,0.00898382545392646,0,0.004730125097783543,0.0225567146748623,0.011474588091250031,87.17382807700012,58.34376383611582,56.84547156931475
983.8364990955367,0.8100422397429179,0.06680944088367174,0.06914685659753046,0.5667358354542417,0.021157493652813265,0.8575949272739425,1.1135541633498078,0.010057903437104849,0.06653607662464776,0.7702165721129103,0.012111070142211156,71.94399011228535,3.062008607187871,8.747717576070189,0.043981491562099045,0.007671295994873004,0,0.0060063249533549344,0.021629054070048323,0.010954640163650525,85.75103609321508,55.441589168571795,57.2449008684224
984.5589805287899,0.8303378523912558,0.06646267085424773,0.06956098172437408,0.5624402195086124,0.020421907552423738,0.8499024244868533,1.088821774771952,0.009882392892970961,0.06659253883807473,0.756509036345887,0.01462680423047008,71.88679900134873,3.0561256508476147,9.434444686062392,0.042742018532193934,0.007755904881010957,0,0.00473518822198564,0.020499823029255987,0.011845607534562692,86.2254265660288,63.77289492239646,58.32997555550038
985.6686290458914,0.831403466174605,0.06654236402210441,0.06981007922130891,0.5951369666202994,0.02073077500419794,0.8551722366876037,1.08930910295465,0.0067208058332710475,0.06677450934172481,0.7571725483371374,0.014697983494298622,71.01710169488781,2.829025410783704,9.353577357672052,0.04495334072207827,0.011321286962211019,0,0.005784971831306719,0.01897821433968776,0.010314914137212004,88.37635972949433,65.08413821194942,58.721732958727785
986.5259275886988,0.8268112676907408,0.06616610727907557,0.06962532345441912,0.36311211310668623,0.020626347769592265,0.8590969012625564,1.0823906281385245,0.006460312914543423,0.06697829074429465,0.7520971976776953,0.015248901115078685,71.20083870066796,3.1178919940946423,8.961665145889153,0.04463493207761957,0.011336413785574678,0,0.009474148645567265,0.018561854311707957,0.010051372083891017,86.64544217612857,71.89429168246495,64.82815953426775
987.5906370692819,0.8240208655210003,0.06662145727401507,0.06965337672069719,0.4260490937706603,0.02096101472153348,0.864805997181468,1.1309942891138436,0.006916497561447873,0.06677064153975856,0.7745302711854195,0.014963864831650278,73.09715478526428,3.067365786611435,8.975943940624889,0.04586918137690053,0.011309472545757008,0,0.010326898080354887,0.01971445852597366,0.009590384016624383,86.01201468840934,79.99665384898852,71.45421956238874
988.4306513672748,0.828046126801451,0.06656980075183402,0.06959707128136902,0.3587216981794886,0.020999685313742987,0.8757423009419667,1.091833266681551,0.006863563393077021,0.06696171758132563,0.7742470972336,0.015053636358445577,71.25902162486142,3.144495505759029,9.16436637982,0.0443833768843333,0.011412283986001285,0,0.010688346078882818,0.0188051902770578,0.008996085209284648,91.88398012470442,83.74532648061378,78.69490569455698
989.460792358229,0.8295433042819677,0.060030911027736264,0.0694615580257092,0.4190350273105607,0.020841457352048797,0.8726978296603879,1.0722531943223201,0.0033228760171810827,0.05981444673490485,0.7973559576608148,0.01548604099764303,71.78303179314818,2.87386780999091,9.332828646274711,0.04607219307231812,0.00840123624748776,0,0.010872042462032397,0.01863936010230572,0.009553290920216522,97.89102125746655,91.32147148342875,83.53616722441309
990.2835224114069,0.9729158171637288,0.05970659832396741,0.06894042970465877,0.3960672810139679,0.020885192527055164,0.8667600069784628,1.084858933044494,0.0030765523622260415,0.05933430972886023,0.7949989006276612,0.01591292053625914,71.99633907126609,2.9696102959453383,9.653391606501625,0.04741050024788611,0.0072102133950659505,0,0.011910445505041778,0.018359231759649732,0.009213822177026265,102.96640952386869,93.11637987115049,87.31483207831246
991.3309476471755,0.8279408417189004,0.059761445470391215,0.06769060070394371,0.3890717287484561,0.021107044978332372,0.8632744426318958,1.0771918091982862,0.003368727348941815,0.060089462437845326,0.8413126832282808,0.015948522299264262,75.35030735673104,2.9099898338948478,8.914108035083318,0.046710447222081494,0.007766644703771702,0,0.011704327013896737,0.01832847383994881,0.008811433780886687,101.96370013074471,93.68942515541917,86.45479087157094
992.1675050962056,0.9811652282479549,0.059759552174072805,0.06484184029462857,0.42501233402910954,0.021444468427649906,0.8685072074293375,1.0725979720883638,0.0033485738417114476,0.05992233412668152,0.8748055622796542,0.016535719549261935,72.97600837171066,3.3148741127649273,9.314253297391506,0.046191577885845,0.007920573407308772,0,0.01254921715162589,0.016558708288239715,0.0073293052849197435,98.94455414296843,93.07117458636633,85.04900943657545
993.2114734830111,0.8089618848870239,0.06004973225905153,0.06457922995244973,0.40555422285413123,0.021404781093124794,0.8671741154317754,1.0690768800284944,0.003429506948972286,0.0599300886274711,0.8711414629615442,0.016597122848566737,72.73950453585068,3.0150478171412893,9.315274898565248,0.0473839689096695,0.007291054409433094,0,0.013097663430665716,0.01179978814473425,0.007368290837578636,100.17378032672903,95.4131139754547,83.29857978614598
994.0480309320409,0.8114506003597576,0.05990618947067341,0.06389944578871848,0.5208865390380177,0.021021984235221194,0.8670388344747908,1.0701103034518484,0.0033641526496262708,0.05977404308254087,0.8757839198025166,0.016067043958786182,73.52512481056773,2.8960149757519065,8.530270335105797,0.04718844153434249,0.007065952696775032,0,0.012476437794796551,0.01208325307050678,0.00824390229490536,98.11194020903672,97.40445866391133,92.40556383183092
995.0608876781804,0.8155823058989938,0.060505946949373335,0.06333733941646993,0.46997627759936916,0.02089655580901488,0.8355625334331321,1.0620708924359021,0.003435313604025669,0.060065658865972635,0.8714041791991214,0.015981339480303797,72.82086832379315,2.8996459961224788,9.849705127610815,0.047536752655732796,0.0068151328906619485,0,0.012834984774683448,0.011799432850606889,0.004422805628588497,98.62481986586367,102.18080445671148,94.53549683502061
995.7488006218039,0.8131791173620061,0.06640905911223957,0.06321826940617453,0.6446054588508636,0.020902343341948987,0.8429072996122668,1.0609939434120292,0.003247678181346391,0.06689045375795728,0.8887568225830554,0.016034157224296117,71.48320106961758,3.1093445397312753,10.15321550166261,0.047432001712192175,0.006858952471944947,0,0.013303812021020489,0.012249595598471615,0.004418670290337262,99.56068856721753,101.39067402784575,91.73374970389129
996.8100532534244,0.8146264516058584,0.06661159143792203,0.06338988613239482,0.5464828694128319,0.020999330212715085,0.8430801380386302,1.060709840660925,0.0033156822772579184,0.06616305123549568,0.8839288748709327,0.016237718836180373,71.1705576991621,3.1749115468682594,10.410045898643677,0.04927688853462409,0.006778667198150266,0,0.012863656372719575,0.012452366387196141,0.00578209528384449,101.39074402669495,99.03478680901695,94.20131440255427
997.6362401555654,0.8130593573352385,0.06648496932730882,0.06317647289215116,0.5903131420865781,0.021382779904234817,0.876634689723696,1.0514231204822864,0.003311317104748618,0.06648807067143205,0.9128519427043479,0.016493368420940263,73.2195293140117,2.872792625252971,9.59078649480911,0.04797356035948731,0.006434412898180287,0,0.013071751955260068,0.012080354233097628,0.004919929778747752,100.68799890825936,99.33968522448235,92.10494964398823
998.4797113025209,0.8130577499143053,0.0668091677471131,0.06340606524277077,0.6665860990444665,0.021410370004268413,0.8710688031567552,1.113882739183501,0.003288116866531833,0.06640076113404036,0.9076133681965755,0.016509241937422592,75.77523219384591,3.0716538114525367,9.923506131442975,0.0474610955745865,0.006197485452378037,0,0.012317814937520313,0.011315174385067966,0.004567310324063343,98.3711094817988,99.32598962688321,91.6886566762276
999.3231824494767,0.813841502848378,0.06669717449423748,0.06288741766308803,0.7212801808637961,0.022373118838215078,0.9082702369390921,1.1089137442317079,0.0035334802737433456,0.06633351940697162,0.9117452057353017,0.016945972845713368,76.3446100488062,2.8770582833819622,10.432228328010714,0.04701343251794714,0.006806902527527005,0,0.01309846430634971,0.0120714480790362,0.0038224508728147127,101.30403034232981,92.73581487502783,92.54288971670219
1000.3014707059866,0.8145697493241424,0.06636344294425345,0.06288650239581306,0.7853951335289023,0.022248116918366912,0.942386844917871,1.162016193799562,0.003438014667317755,0.06658126190403185,0.914573514315983,0.0168883930922736,77.29344145910895,2.962375122002635,9.579674624096171,0.04744525552598661,0.007155774779793237,0,0.012215587980561927,0.012641183665267942,0.004852709122171727,92.57774373878797,86.57101530280288,88.01943928350254
1001.0861754205725,0.8155928109737157,0.06684356831729649,0.06323960125351999,0.8117236362577451,0.022379401284442872,0.9360090947399208,1.1665231706922774,0.002998346106719819,0.06665077292370626,0.9156177574483463,0.016674134997330812,75.06847808618814,3.088910025437944,9.59524946139059,0.04382484519081004,0.007460745925798447,0,0.012453656599892612,0.01149564234702633,0.004506780420774305,92.91740549502455,85.04583514556163,85.30282020326895
1002.0506362812308,0.8174672606375295,0.06676084853435897,0.06379063584488687,0.8228377814363884,0.02139451503201329,0.9088273716555654,1.122801287742741,0.0031533666524267375,0.06669152136889042,0.8645137334355878,0.016479350811550227,76.85430001931317,2.8362462318834942,10.081790878259495,0.04712879396220536,0.0073548055824353455,0,0.012492668593206297,0.021183057724651323,0.010446067021584324,94.88977838835308,84.07663698007238,86.52989436297172
1002.8526252406311,0.8107978170389425,0.06621468693635843,0.06466229133250055,0.7814643025021729,0.02105662050816709,0.9131681856055714,1.120039571431163,0.0032175399696468994,0.06699352619587758,0.8163078619936793,0.01667440177532927,74.46845462517739,3.1161810001937686,9.909833052574575,0.04418529276529883,0.007785686616117881,0,0.01241962717562383,0.029961285487280047,0.012970569018625673,92.19067299514303,86.59493470004482,83.81007711151646
1003.8170861012895,0.8134088015164757,0.06671347421960477,0.06438375204871073,0.8292338197596293,0.0211571574551407,0.913139296493627,1.1288858069234404,0.0034346697380046153,0.0666643802848271,0.8234030162790628,0.016823813438816115,74.66912754615642,2.94303095688583,9.943833299282499,0.04718493459084044,0.00797181027129622,0,0.011743713849610003,0.06861837810582151,0.03770322656062468,91.84379413610093,87.01581402839956,84.61975629875542
1004.61907506069,0.8040036838804013,0.06626218415430231,0.06485534846163084,0.8295272869112369,0.021612946969418664,0.9057636439292175,1.115772540416151,0.0034111905686898297,0.06605277925864676,0.6512806564987069,0.016525652495470187,76.81134546924005,2.922509605097637,9.748229173957036,0.04671618076615187,0.00893919787676016,0,0.012107952074302788,0.09370943385313744,0.05000790364180348,93.0385512662366,86.04265965441083,84.80226998787852
1005.5697085254965,0.796478810148231,0.06637468786171805,0.06534868717266312,0.6739939208826852,0.021224447747818842,0.9002737060507443,1.0701969785709446,0.0033156868360234475,0.06669712601719566,0.6227171626110268,0.016608283614124274,77.00716394156007,3.048975139741114,9.504528598182496,0.04696472917287806,0.00953241166838769,0,0.00911019493274636,0.09390319779266425,0.050643676253387705,94.87443270174543,87.52238561628262,88.37388648403972
1006.3716974848968,0.7955456324039387,0.06663760874120386,0.06521933430763678,0.6323542622816551,0.02082129970250925,0.8376669333612231,1.039145591836161,0.003457334251842697,0.06655583318341907,0.6193112309055163,0.015534104879235065,78.99713024731321,2.823336614027846,10.632187860357353,0.04654097842976323,0.010843049531948286,0,0.011267136907694698,0.09471310326654549,0.0499873907642122,93.81546391489682,84.80081195103357,85.17040063200537
1007.3327014965923,0.7854377042376014,0.06305025539049601,0.06534556677390173,0.5469033042544973,0.019943224880687425,0.8006629231820074,1.0447545784233498,0.006647751950354894,0.06324074897635483,0.5790980051315686,0.015513121284636654,76.73021796569726,3.99691829588608,9.766134662590362,0.043813534044425395,0.009858877497102762,0,0.008992312312924274,0.0957754598787344,0.05272887361395277,92.27021585547499,84.39648927127963,85.16458474718645
1008.1346904559927,0.7941787914905633,0.0666541841298627,0.0651906181381058,0.49108502810332433,0.019803958550761683,0.786840279436974,0.995670564471337,0.006612467940947723,0.0668264060395883,0.5914560478567427,0.01538599339033514,75.418542490713,3.9912682430115427,9.82448054131292,0.04380486351547101,0.009574645944974548,0,0.010235875344978874,0.09756822028853408,0.05227686133325797,92.31642901789243,84.64840107220881,84.58143908026739
1008.9677910560596,0.7868592404892287,0.06720421906081149,0.06548276689833753,0.5715108460674893,0.019663195170183206,0.7920631420547588,1.004543670527835,0.0067395159104372306,0.06668542971856598,0.5915298995634509,0.013779984777572472,73.24852239889043,4.036509488914923,10.013487995284256,0.04402728731684043,0.010028460944812103,0,0.00866347711633216,0.09792219401317423,0.0526353504832689,93.52403712946692,84.97612092571812,83.71970284203445
1009.7939779582006,0.7875928792788366,0.06682187559454132,0.06579359182519788,0.5816147402754933,0.019552461415155188,0.7818379901709567,0.9859422370048057,0.006866216787708427,0.06658889154685732,0.5836232571595271,0.015323798590387173,73.89311581314449,4.022431594650812,9.368085340283091,0.043337517924061396,0.009432862809912877,0,0.007665296742118775,0.09811020135358206,0.05348111497535918,91.56117914496525,79.22380220895006,79.2067190843133
1010.6063374644899,0.7864708227336065,0.06665122791886834,0.06530637974103655,0.5204537266737359,0.01966650071323514,0.778771565578908,0.9787101585536067,0.006731448104660753,0.06710291060011485,0.5839411235793813,0.013123357894356856,69.60987972355447,3.9998055758172866,10.803034538906006,0.04627894117261385,0.010604222005479272,0,0.00426184428974225,0.09886821734858095,0.05228346011828728,86.12071556958514,71.0792030184735,71.85167899296829
1011.4221538197419,0.7883869104020311,0.06650664131243883,0.06574241935273757,0.5518593037912527,0.019346043767174935,0.7908903928760828,0.9887508152807594,0.006736696079585676,0.06640853728036318,0.5922100768522481,0.014605878566308277,69.97588599897875,3.8347796657373747,9.73444739714984,0.042466916520443224,0.011451712153696088,0,0.00496725569993669,0.09960587565927623,0.05379459020657987,86.92924131578901,70.62801392434314,71.21066424642568
1012.2448838729202,0.783589150141782,0.06642426407959019,0.06513023535880759,0.5307979396575222,0.01957312328900332,0.7875807098981152,0.9662016051706546,0.006638295263323482,0.06658878229042829,0.6393474003574703,0.014612773489234673,69.63724224477636,3.975495920760667,9.605381770097205,0.04284966006842014,0.010035966917830898,0,0.005304527881464251,0.09599533467556882,0.052373416289962865,83.34857251992538,74.20136351268553,73.40278335029095
1013.0537865302465,0.7853131870196355,0.06676653794951534,0.06554883703228143,0.529415709042361,0.019565952848537106,0.785677353455116,0.9679685334306394,0.006657391123352002,0.06691558151629085,0.6464518121473388,0.014692868062694412,69.38232852605769,3.9480858598436552,9.798257798443396,0.04118043671546354,0.011540809558932537,0,0.0041845998527619745,0.09654705166046937,0.05373995159827662,79.6624598033204,66.26177411489545,65.55427228697916
1013.8696028854984,0.7852830597247786,0.06639095067813937,0.06527024726162643,0.5420753923670822,0.01952279421045988,0.7885175440468702,0.9706882642973362,0.006751884768451954,0.06669819893004027,0.7399903490281654,0.01445906383325347,68.44072308567809,3.843905318281548,10.401762848716865,0.04145949603749941,0.010754881764231798,0,0.0037396539286595333,0.09518031651929368,0.05287630256670026,78.52186169852011,56.66062428440598,57.570307140497086
1014.6819623917877,0.7842109106820178,0.0666181380630443,0.06561542628648274,0.5838198907457268,0.018491454141090727,0.7601291679897844,0.9528231387510987,0.006850641970249398,0.06715605436379374,0.8026760725948212,0.013837619315665165,66.1879659844702,4.05329342792454,10.055612893128265,0.04079256381430715,0.010562046983242271,0,0.004975086718208215,0.09608067586266797,0.05298951143023606,71.05306293533982,47.95131001846627,50.44371106922542
1015.4874082001512,0.7890407235692263,0.06645787734815672,0.06522149896275117,0.3970194603740108,0.018412924270401327,0.7540752722694026,0.9474998296056509,0.006827821609593512,0.06659764492558817,0.8191704912688264,0.012445579062752937,66.08296294153902,3.9037000827822887,9.592883100223423,0.040621696113630444,0.00958177638608611,0,0.004438335455106783,0.09424609856348395,0.051391250913329196,62.703897423041425,42.06494304059851,41.11046355467425
1016.3032245554034,0.788704472731604,0.06652290205365062,0.06522923290782012,0.3865329707904854,0.018595155363310446,0.7664894967077702,0.9600702559280392,0.006726534883238684,0.0667935584742756,0.8169779168370592,0.012518769033119418,68.12841574494243,3.926857823124805,10.047816914291348,0.04094969294658034,0.00977284294873683,0,0.0031929015681173125,0.04727601195963833,0.023823315175424534,57.457414937370636,37.25409687585497,35.008214403522466
1017.0084217438416,0.7857467367252077,0.06382394863211946,0.06542740797750576,0.3396305081127142,0.017495284575814604,0.7677681158107784,0.9552946971772082,0.006747279775962018,0.06336784300832977,0.8287649247002614,0.012562487968282025,65.75301744569693,3.9926866754331547,10.030714537441183,0.04785186620331548,0.009764278944569436,0,0.0033549545839253524,0.006575253869759087,0.005833516652223177,57.252305440584315,27.455173354358607,28.174545113088655
1018.0178216410179,0.7849980686933513,0.06357559382929573,0.06545015042855785,0.4057612840743923,0.01776235698882086,0.7524703131916549,0.9552258915760786,0.0066219286451157,0.06333033914557357,0.8329201514554416,0.012859230758155593,67.87161567530055,4.0394439868884575,9.808382436294568,0.04865786461769715,0.009887027250748375,0,0.0031698678786027785,0.007206853743316925,0.0045613063509351934,58.61037563200852,31.384277534295126,29.212332902436245
1018.8128969024926,0.7875700871287827,0.06369722887798873,0.0655360343877849,0.31271284565577634,0.016995954055683035,0.7417534724569632,0.9633186996095959,0.006549377503822487,0.06339942879653217,0.8167692532121519,0.012256011448867647,66.0532692061753,4.1703676932182745,10.409246847531012,0.05361043031539286,0.009441794750541304,0,0.003591104902514645,0.008387913377910198,0.0034893926002573334,56.791819643307065,29.09645736726492,28.908894706338017
1019.6321701067078,0.7814701531466278,0.0635340671658074,0.06569010784076827,0.3635621275914791,0.017000063392055988,0.7404565381240491,0.9450388686329692,0.006716567418002499,0.06342972021842172,0.8115893745163026,0.012439795730264023,66.554668091762,4.0774789833936,9.897519994625126,0.054478377763676415,0.009597874799043062,0,0.0030882808997441565,0.005742719022743544,0.004579029307598701,57.190109683947426,28.594563995762392,26.72843539535244
1020.4479864619601,0.7852174320949642,0.06361231308464749,0.06546239633720723,0.3445745672570577,0.016885890433181915,0.7289680397979823,0.9371315752014217,0.0066560556359649935,0.06318819624023625,0.8109066007113673,0.011922342459265451,67.50557325948908,3.799860745524299,10.51988442092683,0.05363738784823351,0.00971280204318336,0,0.0026554409851703028,0.006046881538145608,0.0042248064159300545,54.39636908409881,21.87444363380659,21.989022006129257
1021.2603459682492,0.7806116340336452,0.06322701496181574,0.06571175604092347,0.33729739978737744,0.016886639006376818,0.7372855454370302,0.9488350930340365,0.006710201949496824,0.06344714743240441,0.8294318352237947,0.011979255685409803,66.96750403853159,4.075544872508785,10.375058129102953,0.05341319168647076,0.009368556867061084,0,0.0027208737873731835,0.006012554801096634,0.004219431108375149,50.60108511246901,21.915973980390678,22.973842947270743
1022.0692486255755,0.7842066720557412,0.06299951283138894,0.06496264444965597,0.37085309230156616,0.016767390255022153,0.7427577822593837,0.9410314555750889,0.0065446217499497686,0.06317732893393829,0.8283588074887396,0.011831120345218377,67.02641022558352,3.952901177143233,9.732471056805435,0.05346008985448705,0.00966031322301701,0,0.0031149080551521637,0.006087772658046222,0.0042945195093367595,51.13257111644632,21.36595473679992,21.21348370346302
1022.8781512829019,0.7839998930936509,0.06303967078680983,0.06457947027797381,0.25910747802303,0.01665944898660095,0.7317881470661837,0.9461145956881021,0.006651845636807003,0.06321852029792543,0.8296640252715336,0.011877554266845287,67.16964045675283,3.980089692534398,10.08231694471393,0.05377930239057463,0.009399043594947584,0,0.0034578300245061934,0.005750936376453815,0.0031195016540825236,50.97184725402131,18.454505808448637,22.143351102457956
1023.697424487117,0.7823236347090922,0.06332355694935277,0.06461053085013609,0.2781425422875889,0.017664224635646833,0.7488541728432646,1.0106636544598167,0.006694796400686104,0.06315739496693955,0.8559403678852538,0.01184043732210771,66.72194167376128,4.026845847485448,10.035400441684398,0.05559076069516259,0.00959609565068992,0,0.003079590086008047,0.006940896239335746,0.002797514730498241,48.758992684895986,22.267907653726418,22.419369372262132
1024.520154540295,0.7846842338500262,0.06344279382113452,0.06416445826595188,0.19143365165204387,0.017819583234244474,0.7448237639163116,1.006649495315702,0.006462587934599283,0.06344817052461521,0.9132848246815811,0.010888281887929159,64.55157067441218,3.9279122411452017,9.982558058169364,0.05405347353918516,0.01029231094096157,0,0.003059392760020003,0.005422575339616624,0.0030634392502374586,50.84471023744262,21.975321003136422,21.635259334171874
1025.3325140465845,0.7823768817057235,0.06662393912873905,0.06446431193941088,0.20381615799623726,0.019077684605134856,0.7193915877286162,1.0045923016485594,0.006903464634042938,0.06707277906921626,0.9422953538988112,0.009837678224027516,66.9912193280639,4.0593817783425346,10.041943355441006,0.05341867436506638,0.010833632922193795,0,0.0035626544220435977,0.006167494864588003,0.0038499039235352474,51.271925206771805,22.978840960439907,21.22333089578511
1026.1448735528736,0.7833523804546146,0.06691247560600738,0.06421165235658594,0.2743544675250032,0.019260834694398557,0.730210837114477,1.0288184051851077,0.006726399262856176,0.066550039776778,0.9894592242246139,0.009826432509464082,66.92258387255283,3.99918924589261,9.682813697578336,0.050012339281560805,0.010310077449886493,0,0.0018890367021075873,0.006820358443247635,0.003556882554655529,50.72524262525121,19.766197326672376,23.340507900844454
1026.9641467570887,0.7865301744375428,0.06698948622675382,0.06443598404527263,0.2133365480630961,0.019441879966019253,0.7435694760068178,1.0371696537153325,0.00674741348432493,0.06687380424544219,0.9857854100652592,0.009565793416676746,73.35027201093463,3.9949714043004088,9.550359852105041,0.044168031171176445,0.010500966001051803,0,0.0033858229338018294,0.008548112229141907,0.0031850896996577826,44.271776955044366,20.55647140538964,21.38545891275271
1027.7661357164889,0.7914702558574709,0.06677476945048423,0.06405028818948262,0.25904203230977885,0.019693838055506986,0.7469554213668658,1.050023651761636,0.006576425788792499,0.06646755482276856,0.9871748699434978,0.009729723503925465,72.34602128616609,4.064595143331499,10.031028838518372,0.04156238437745323,0.010306777125025602,0,0.003187409479257113,0.007685303453684757,0.003484421354791884,43.051056656120984,20.952817659554437,21.157477158299606
1028.5715815248525,0.786143256189153,0.06643236304277898,0.06442194296855155,0.21025588992542352,0.019992044939406563,0.7519057006685811,1.057385625364292,0.0067500924797299815,0.06682586251224278,0.968708410465519,0.009563538270666206,71.58893910574685,3.905725583780885,9.798136595975736,0.039498400267582355,0.010308908572194296,0,0.0037319063718742303,0.007656996514963286,0.003641796711583098,49.57580161145722,23.000287310117365,20.231626140572764
1029.4012252759564,0.7888644599498184,0.06692423666600761,0.06454591017528148,0.16490746921373978,0.01976261044965344,0.7540421171855076,1.0704276159900192,0.006852514077267366,0.06654368659450707,0.9827151777562663,0.009620436051682104,73.92684600108993,4.1082894967844625,9.724545207770769,0.04105695513189411,0.010670627254518067,0,0.0020265700252035954,0.009117320468331089,0.0032699962350630062,51.52974986521225,20.95157339374715,19.367766498561416
1030.3553155897257,0.7835533332186246,0.06671511453590857,0.06492112791090064,0.17447103622260024,0.019800881920651044,0.763433760903458,1.0557837083335417,0.0064760413588846825,0.06675365277013402,0.9431329331456567,0.009681903064927111,73.63782358945606,3.98207297583965,10.481499456217547,0.0390743795714272,0.008319683984791621,0,0.003496058067075528,0.011330016146794197,0.0038637450910077396,47.616572404036,18.48795682461276,21.74087345831564
1031.1296497574228,0.7894183942791317,0.06639739937216599,0.06517603386188743,0.3616610135554189,0.02013300881480749,0.783970562982749,1.05497451167343,0.006780963910832118,0.06696163729431229,0.9140957534746006,0.009630755968510417,72.12820628702563,4.070009653809708,9.698569878323442,0.03976452802626685,0.008905458775180477,0,0.0031164577855978485,0.013998780658366818,0.006148202800073724,51.08614914202847,20.876258285016167,20.693041118998366
1032.0699126753407,0.802182433529715,0.06675547524518911,0.06576309547913228,0.3808134648228079,0.019885569699554514,0.7984525146390512,1.0649624455601552,0.00658729579990445,0.06634145332553923,0.9131876164382633,0.011725562243800669,73.7038703499434,4.087231401247045,9.742567973244718,0.03568969258749783,0.008252673502593186,0,0.00259043063817029,0.019914068291714562,0.007776157869394362,49.47103567915012,21.2736724289243,21.885132221804888
1032.8649879368152,0.7980767712809144,0.06644714001116982,0.06628860856801445,0.3710665182032788,0.019920163501556197,0.785404817415952,1.0524777433095927,0.00672089144931147,0.06680661783210512,0.8563991029971236,0.011721676283999142,72.31868568960877,4.0860999621243,10.14238083182568,0.03595832790742499,0.008685730969868216,0,0.0029168330260532878,0.018703363813158,0.007836638397850877,51.0220082844097,21.974085749721,21.694607416490182
1033.8259919485106,0.8133543764205863,0.06664578683430632,0.06735995330581315,0.3764426264595867,0.019752412305342415,0.7947723530438292,1.044114135070119,0.006661842405232135,0.06643819206210029,0.8601382195511336,0.012229831584335755,74.58713011399378,3.869149109788734,9.741697587501319,0.041903665312956855,0.00768879264133094,0,0.00284423626426989,0.018833549077400754,0.009016450552308047,56.06472711824503,27.28786099488732,31.079308631195122
1034.627980907911,0.8116000662655402,0.06685877612519844,0.06711654604839952,0.38041029424699757,0.020001284028405092,0.8227738991573248,1.0593597974076263,0.006691390932323867,0.06681000672753137,0.8638905569518915,0.012361161187885118,73.85075683100342,4.024810862710647,9.942817316249492,0.04109895235347461,0.007990545102469025,0,0.003371677994814898,0.021205765505236604,0.009536771856008593,63.98074766096702,36.46718343397365,34.98906358668047
1035.4714520548666,0.8151787529889147,0.06659415823915282,0.06725498141321057,0.3476933515068499,0.019836318435617315,0.8033907864590272,1.0467479562421298,0.006781870770820564,0.06646017696496502,0.8581720807208998,0.011708261063923116,74.71575837451505,4.056387271020181,10.499239572448984,0.041465878369340944,0.008294569766048986,0,0.002958331203149029,0.020529071455123615,0.008689358095501368,71.87603349731025,40.94262748173519,43.39664355306113
1036.4462834624135,0.8108823028862724,0.06633428066972387,0.0672098564802555,0.3841264891181271,0.01983237625721093,0.7756812057093748,1.0527205642753619,0.006704781058058303,0.06674083419983654,0.8556220632205765,0.012089012017918652,70.95635932010676,3.9433373914235554,9.858466838498115,0.04111282590914193,0.007979628458830244,0,0.0036777567787786413,0.02105561752175847,0.008525174954738337,71.9512719848885,40.98312478734207,43.55597783229747
1037.2482724218141,0.8142094912933626,0.06642936252196335,0.06748397726828116,0.39630891771755167,0.019353234523954356,0.7687044749214181,0.9768926622034003,0.006466372846908098,0.06667141529465835,0.8294897545554422,0.010457051819703024,71.43539460936572,3.801028182228197,10.130358140884612,0.041463365379965755,0.006534168340661644,0,0.00324858231833953,0.020207822308490067,0.00902398297416655,77.1595813247065,48.58967316896465,49.61726704171787
1038.088286719807,0.8142147424639627,0.06662147041174352,0.06726542107113957,0.326124130252245,0.019447239202500972,0.7539780822677027,0.9829145789359881,0.006787280812133254,0.06690082201169079,0.8349370987908309,0.010484116772591848,70.99986655127543,3.97215369003372,10.051363287199441,0.04335247801252668,0.005946044765712928,0,0.004571652975364741,0.021579664254005444,0.009714753417315118,77.7828801313731,55.66573599275988,58.254001818030275
1038.9386715646885,0.8161521129592132,0.06327500173824574,0.06702913528039266,0.3918914962404212,0.01920399796479811,0.7706989061370815,1.0286229985149768,0.006828173359978674,0.0635235732239638,0.8590255321599424,0.010115045522209893,70.1729098630838,4.2020178717518455,10.126565054857359,0.04339077542470371,0.005647277811093853,0,0.003192647497897921,0.020947239150966534,0.009882977420173706,85.76681606984272,56.764055235775295,58.07708908175861
1039.9100461232724,0.8134758906056576,0.06330472521057638,0.06742339760761451,0.3815776445788587,0.019307449212334512,0.7669816353952302,0.9894113317838306,0.0065838854769871705,0.0636477535336492,0.8566794512133796,0.010651264298666696,71.88832275734681,3.7814004021727516,9.973053243492291,0.04374708778807056,0.007406165132106886,0,0.003957624198160438,0.02166703831964243,0.009670958858471532,84.75086698628546,56.8531019905612,58.37697491777656
1040.712035082673,0.8206924955239834,0.06338684556221062,0.06661306917454957,0.3702382465467321,0.01896360116242564,0.7461506812805903,0.9708928521274222,0.006758718380185344,0.0629185271363248,0.8421940827134116,0.010362981781146688,70.44882452719794,3.883782857811544,9.57108837536621,0.04422522945198049,0.007633673598860397,0,0.004256189384411412,0.022016267095932462,0.010350543206470728,84.34289305221776,62.667486366099055,63.09463365511533
1041.6799527922942,0.8138084274632672,0.06338634087603386,0.06664706229189175,0.4052696576346062,0.018450881706957706,0.7482349008154895,0.9756693421163809,0.006547811711057243,0.06315673690447607,0.8557458888750573,0.010524036426364231,67.89518340983278,3.957075911437365,10.384232358576918,0.04389969503392907,0.006445726504335524,0,0.005036194379691478,0.021035510396813263,0.009796361076228612,93.5069789904455,74.01408599994731,71.43806866496487
1042.4819417516946,0.8213419339291953,0.06289735194393066,0.06608270381495801,0.36317619523642924,0.019091999078704718,0.7462247607183752,0.9677480830611552,0.006710213331925617,0.06308483952142724,0.8813814948399921,0.01040123364987546,69.08636580499405,4.089712044129861,9.944525760618548,0.04384070596186404,0.0073491326974676596,0,0.005426409232962271,0.02097855039170557,0.010005715715708659,91.72450588392687,79.72041578073221,76.7739992166479
1043.4533163102788,0.8168575654018252,0.06364133036407084,0.0653806014136843,0.4301855615473033,0.01895364122400678,0.7379206680691553,0.9806143865336906,0.006709428602231091,0.06336036463332433,0.8727862420540945,0.010401143351743521,70.72140201617917,4.115846332429369,9.94574592772607,0.04318122054849977,0.006503798732915077,0,0.004793173655476057,0.02264208237330826,0.00964248150015196,93.07516694746306,78.89496979987184,79.25849509865495
1044.2553052696794,0.8119563649372386,0.06375069586104681,0.06568945418688826,0.3550630774054708,0.01893756228724207,0.746346757635145,0.9805261660293334,0.006706488519389375,0.06376942051470784,0.8952410965473906,0.01058157060671622,70.57519301100616,4.0346496492545905,10.108909903660061,0.04406447600520425,0.006805470739942822,0,0.005224975462619547,0.022206255294652262,0.008936571765584841,92.5623822324668,77.97316066931238,77.6413109286515
1045.2335935261895,0.7995817380527163,0.06347120168804389,0.06487011533464407,0.39915614105878994,0.018963902557165763,0.7520667573601052,0.9689997990720625,0.006781445559106882,0.06331895249536819,0.8909181025911582,0.011521979883574937,69.16206229376292,4.038285687406879,10.3086350605785,0.043543119553754776,0.007343503614636353,0,0.006499013068447024,0.017181923678693565,0.00815826150698481,93.42473037049808,81.01152833454022,78.45545013365744
1046.0390393345526,0.8103977080964124,0.063269896168393,0.0643002099080877,0.36969624881317165,0.01894818011895225,0.754998832795044,0.972334903183611,0.003439627707074671,0.0634632630321436,0.9058388189570131,0.012916179643976143,70.37694412415557,3.980904518912069,10.01869782012675,0.04337342656670592,0.0077128501503286725,0,0.005148925377898107,0.017919474044028345,0.007832718742492882,92.39332575590545,78.74532052289705,78.70632236649546
1047.010413893137,0.804412096782207,0.06335693030117862,0.06351152482061795,0.3452564131926158,0.01947364522090998,0.7715923774571899,0.9736792013752749,0.003413799003709043,0.06367830238749639,0.9067700204975668,0.01311270533005969,69.55861512062775,3.871228273137504,10.109677380055691,0.04350223904204025,0.00851075031945681,0,0.005558005690314615,0.017055667373487845,0.00835785385134542,93.72411796731458,77.81012715723828,80.2322894008187
1047.8020323056485,0.8131553741606097,0.06351924225867538,0.0640038431136968,0.3535604219949573,0.01929851117660615,0.7753142076985404,0.9833678537151466,0.0034464749439638573,0.06352660317554312,0.9011774790437392,0.01306892296150083,67.38309649949076,4.011654029426043,9.823291797754935,0.04210900884403143,0.008435825232899905,0,0.004646020007532643,0.0179574602761226,0.008630226394135318,94.94895482500658,78.49411679158553,80.1067003710607
1048.645503452604,0.8048105853788028,0.06358542946161003,0.06351194752376565,0.40599579462513496,0.01938960110516737,0.7428385840051942,0.9575037098752526,0.006815449593975382,0.06331866469811771,0.8611054493156867,0.0138338574198903,67.79460230794945,4.026412219152762,9.628867469918625,0.04129165344570226,0.008341710823008983,0,0.004473328183409049,0.017565355417455637,0.008696452765216215,93.52233369499292,77.92872720401948,77.59921776586354
1049.471690354745,0.8107206986303759,0.06633014654878804,0.06359288783661811,0.40184294297117673,0.019174646193233034,0.7448835320500853,0.975280281522869,0.006677932376309101,0.06624889026963196,0.8303603423856838,0.01317290223044675,66.55501705996348,3.9469418148412876,10.267469076635493,0.04188158866984308,0.007496029753446995,0,0.005709528888999158,0.016699659586070434,0.00851828714676443,94.10162488457195,78.2713755749049,78.80835444679926
1050.3151615017007,0.8049688925921673,0.06688668169656493,0.06398116680918126,0.4041677058657364,0.019418241746793415,0.8121040071216237,1.0577258604338962,0.0067884027744810485,0.06629309283984942,0.831552934286765,0.012940634254799679,74.04225221513094,4.055026082466817,9.668390018215192,0.04152808625656612,0.008193190284296733,0,0.0054975303453342955,0.015327976550319675,0.010589539142615335,90.8980183481568,76.14659222558323,69.36114568975377
1051.1482621017676,0.8154053391132957,0.06690008685049875,0.06419020921913995,0.334865298355162,0.019082868383909934,0.8124142961853041,1.050779776737384,0.0066603663158250484,0.06699157033542247,0.8252829857900146,0.013200326463566883,80.69859549927439,4.097343032417619,9.313423516695687,0.04687611643134674,0.00836434368221635,0,0.005485907511533409,0.016269228844883223,0.010502209319619371,93.93880567833554,80.29290968259885,69.70033268348325
1052.1058092644998,0.8077628993877204,0.06643697010967821,0.06362287287418554,0.386150295119867,0.019257307763337273,0.8122452745731977,1.094983337620459,0.006801454613826558,0.06700508966855045,0.8173638698235868,0.01235182947716123,80.17873563493482,3.9578949744456127,10.164892488510148,0.04165083549599818,0.01047549119899964,0,0.005097564611134278,0.016720510863196935,0.011187721925908278,102.29027224445315,79.40152541062149,71.42349271602532
1052.9181687707892,0.8146688433166417,0.06640300896996726,0.06457131175617095,0.4536662163206222,0.019277156728469275,0.8060193623358752,1.0545895888528163,0.006622058728846799,0.06673864116673914,0.8116527959455675,0.011702398085022133,79.91242011608833,4.079363264921225,9.710163613598793,0.0433282825823479,0.010258420118700876,0,0.005482349053433534,0.017417587057693047,0.011100561915807487,99.42801102508284,79.34061689474827,71.61257116225495
1053.7650967667078,0.8067224910278522,0.06669577026266658,0.06509367923551351,0.4025327863931936,0.019161957195715184,0.771377495360574,1.050110738713675,0.00668146639231215,0.06641753750842286,0.7998335716223701,0.01162314061399881,80.48094374434116,4.002743586938948,9.971139590412683,0.04309112867137464,0.00808997712717752,0,0.004888782832805767,0.015343889735267879,0.011053071865651107,98.49402833865652,79.44235804901247,72.6885142972286
1054.6016542157377,0.81584368168447,0.06637221904127631,0.0653413373099391,0.5505901754982263,0.019275282058431677,0.8078098353440434,1.1002994693425416,0.006566173814555634,0.06642638569369105,0.7999458608847801,0.010943644678195493,84.45380528895541,4.137354821395607,9.823704954818377,0.042959003860616594,0.008114315583411543,0,0.00426122550788891,0.01767471853298545,0.01147757888820417,99.85234990732373,72.69037634033947,64.83915158322395
1055.573028774322,0.8060603579920459,0.06686970260986494,0.06581449385655046,0.5875714688545953,0.019597713142505052,0.801551754416368,1.0879258022915859,0.006707509419206795,0.06659281160431935,0.7977511053224271,0.010726825771218812,82.48823827483936,4.0266022212654535,10.058333350551033,0.04273508745570897,0.00811212773337118,0,0.00487789361487197,0.017838698485886546,0.012350402436131959,101.44904125487759,63.049034028954345,56.49332038266031
1056.3646471868335,0.8172233765488287,0.06644946238371344,0.06622886937957327,0.6492695670933684,0.019384700832798245,0.8032034962128903,1.1172621547911152,0.006601154201108221,0.06654087475933684,0.8025614337643427,0.010914791100121465,96.99967465308755,4.0053579080052,9.821804414705902,0.04194345938735852,0.007800113671399319,0,0.004651366402082283,0.017892000872083345,0.011733265453590764,98.2665376204904,63.857689791867266,56.03121430163319
1057.3498491412695,0.8163261796629866,0.0663214665285997,0.06575079688523047,0.6632537489874264,0.019737450989227984,0.800408370499837,1.10757708374975,0.006551546678037767,0.06667904842675208,0.7931752372398884,0.010822136806406313,97.20766587588845,4.06801680390964,10.165210260647742,0.04167157208232521,0.010050473922207889,0,0.004267513031627269,0.01891447019381815,0.01119404092680009,101.32640773890189,64.58502672517345,59.705704762665775
1058.1691223454845,0.8228381495513016,0.06680027931042935,0.06612613568670736,0.64674197516208,0.01966275319659724,0.8144719649835099,1.1115330144405728,0.006672542656811239,0.06672113730216074,0.7531854413069325,0.010138764926479379,85.15051762414113,3.8690092802084943,9.602483222821839,0.04067352711939046,0.01289312522730983,0,0.00450463964363486,0.018229953863533092,0.010887433328540537,100.78444572226431,64.59189263515808,57.445381262521984
1059.1474106019944,0.8170830857004935,0.06661871421598337,0.06651176967688341,0.6777239054845378,0.019351785558486073,0.7663748651954257,1.037480691585927,0.00658156250906066,0.06652333213181524,0.6922777672350942,0.009733656115374054,83.88314512260699,4.0169705568603105,10.099762248664057,0.04103752164640304,0.014274401995046756,0,0.004964140355638528,0.01783520536912752,0.011571710733572847,101.12135957143968,63.70454086796392,56.61574627879187
1059.9632269572467,0.9360720089876845,0.06687194114900069,0.07044147390630696,0.7557826995721147,0.0193691737797407,0.7653839355706558,1.0523749942013327,0.006713491693775595,0.06687321570583624,0.6617410769283846,0.010336095681811734,82.73471877381982,3.9607139055952785,9.411555473124414,0.04104059946040776,0.017776783628017965,0,0.003888720182222197,0.02328809923444088,0.01294187542731645,100.903279031213,63.909205247380214,56.03848704735293
1060.9518857606454,0.8228374240322646,0.06601696413690371,0.07171572842476288,0.7029366069772225,0.019548257915226932,0.7685825837776367,1.0609835136300645,0.006552271115523538,0.06682024687769275,0.608855905940813,0.010145945826649303,82.14246367936302,3.948696458412654,10.039986827540314,0.04061442115528426,0.018259111166829208,0,0.0054685026431932635,0.05056460556048095,0.043838394980235736,101.18456245438858,63.88257236635208,57.160968999009384
1061.802270605527,0.9239300949691716,0.06654757315425901,0.07216758693267362,0.7639050478351715,0.018906046081315152,0.7715595081429999,1.0432172608138188,0.006435363295800098,0.06672633019037227,0.569213961631604,0.010246961081284875,77.88089479258052,4.1373895222020085,9.776716249731138,0.04048976149401767,0.01864627840597127,0,0.005351143766237181,0.05068826165438499,0.044841963693325215,99.75266945666766,66.48720251600938,64.86984431653238
1062.8082136537405,0.8275876469770804,0.06658442087968833,0.07492924194692804,0.7879932733547781,0.01735638370223026,0.7477881716195628,1.002224375988584,0.006600905532546745,0.0665769742626085,0.564909463405648,0.010181572240589179,72.0300423702426,3.944573013417037,9.93495813025651,0.04143106765080579,0.018788855031539566,0,0.005035783253399284,0.04949698875539535,0.04625380772980105,101.06147091732834,70.99966374004228,70.76401208283846
1063.6344005558817,0.8169781395415663,0.06654614939009723,0.074980666290895,0.7540980706248236,0.01882939333783803,0.741472102989422,0.9882124801695552,0.006724510350849219,0.06683502545060903,0.5183833398095735,0.010285787636354673,72.75508730321918,4.038289931619391,9.67845680890305,0.041521574380639366,0.019266921302019725,0,0.005128800300429644,0.05785136204001513,0.04655579224421206,100.5140177400883,77.43511180667376,79.17748090136406
1064.6057751144656,0.8104522726234837,0.0669506973209964,0.0747851470389443,0.8057184991628175,0.01877462066457422,0.7438103261010576,0.9917879348742253,0.006471213495061354,0.06634265723950229,0.5350119150846214,0.010368319750583551,71.7914463710463,3.8823427822512224,9.958242237105498,0.04066539947007775,0.02089410518416863,0,0.004728782693794884,0.057777169536508056,0.046194762504530355,99.16355592187801,85.19659511973093,86.13047331016188
1065.4423325634953,0.8114707036686739,0.06674820425577924,0.07495506076857839,0.7438620205176053,0.018755021744629268,0.7387464666828991,0.9879988775984906,0.0069735015083674,0.0664034157531022,0.5177525183279272,0.010336177133580078,72.65111960087802,3.9770922221515557,10.253661298462804,0.039963809326830996,0.01932374775852,0,0.005051367523273967,0.058272792766299035,0.04764108881319729,99.15035641125044,86.19254973162815,85.2745725058092
1066.4033365751907,0.8052003107005842,0.06679572978716483,0.07494480051543699,0.7871822911917844,0.018773951816735652,0.7444037640893952,0.9966757194258842,0.006553096003972813,0.06690903684641367,0.5148889532955763,0.012688255823605396,69.31601095863475,3.889497186996157,10.324089626086744,0.04087966264338205,0.017311361834105993,0,0.005367063846090511,0.05940985967735023,0.046901765513468766,98.61957971641465,87.79239126868364,85.30467852890732
1067.219152930443,0.8011901170812445,0.06652591423331791,0.07517358917990376,0.7264913120330591,0.0186469333251394,0.748981412845078,0.9809982174799048,0.006665227446046019,0.06688248348979033,0.5235959155402202,0.013493227882679948,64.15851008578187,4.104680968966572,10.148068593886709,0.04331705307652619,0.015798986561743503,0,0.004944908968476382,0.059511045743687534,0.04835597259066706,99.88447692417826,84.35804799884244,87.36797332163681
1068.0557103794729,0.8055108255730867,0.06639393366851476,0.07507739908491885,0.7841587166046442,0.017388383434266328,0.7446772454082028,0.9580742686697119,0.006593278016925352,0.0665814024281897,0.5122915582015017,0.013386709679163,63.19345847559868,4.086740658809938,10.253840732614014,0.045181026556865136,0.013014262293458645,0,0.006056004950613568,0.05919650776739451,0.04769604935015306,99.66765705823968,85.51615935589501,83.41904771004747
1068.8818972816139,0.7967457524820762,0.06672906765565609,0.07493796637094656,0.7297971901788765,0.01735368838937306,0.7481663306984223,0.9161639975042284,0.006707884808582173,0.0664256034100314,0.5250969160151772,0.013570332812915222,63.457222920104144,3.9621860068300405,9.744340718291204,0.04868221480703049,0.013998403459545403,0,0.005454776566154048,0.05810897269878512,0.04574834181070874,100.13771593710135,84.5213531610439,83.16315019373901
1069.7115410327176,0.7973040499583114,0.06640151710834999,0.07214997207851537,0.744111372676863,0.01836357916777262,0.749640891932867,0.9217530932760352,0.006483480941217534,0.06631298062738002,0.5816709541970037,0.013090540836878094,62.09074971854678,4.100720324635373,9.988854000982618,0.04822935832134499,0.014516480255045948,0,0.0053978883751462986,0.05934274991711525,0.046936163952870195,100.510477615433,85.69391008347664,86.16947378575698
1070.5377279348586,0.7962674746176095,0.06691867558226765,0.07008348742755992,0.7522011043578307,0.018681997506301323,0.7484246958615814,0.9485930907444513,0.006545920054216603,0.06668273178989981,0.7714672730408336,0.013208241300156303,61.49529402615689,3.9519900413118156,9.55286212656551,0.04750229182769196,0.012216255589053138,0,0.005759364016412754,0.05905052839471996,0.04750416743394142,91.29777292207429,76.28587566689845,76.83722341194253
1071.3639148369996,0.7974179287667378,0.06712024962797206,0.06981120032479497,0.7428524208969381,0.018792414650429405,0.7692640693172439,0.996206612962654,0.006792457049650773,0.06685213078060709,0.8146837141306568,0.012991672323422954,62.668590012107565,4.016962124852433,10.219695629933453,0.04541095514240952,0.012040905117263582,0,0.004905909275724797,0.05886299005611384,0.04831803129800705,83.56808363318643,71.40949823372156,71.77771378174116
1072.1970154370665,0.8021991019298781,0.06672944680625727,0.06732062556097407,0.6884281873202358,0.01928697893042108,0.7660620610945427,0.9995518150658894,0.010037307664915457,0.06675825853533558,0.8196174805612928,0.012906488258735166,63.33974293771551,3.89740797973031,10.427594047498596,0.04285680310605498,0.012637600935275684,0,0.005442509656676132,0.05799365169080443,0.04676006389178584,79.06813591878529,64.4056963507278,62.91297197134254
1073.0162886412816,0.7966004995528164,0.06669555672791208,0.06712902334931245,0.6479439601841879,0.019508911163247687,0.7662537186720277,0.9567605651272808,0.009947444693826602,0.06659325023696624,0.8800176393109312,0.014593892056105688,62.13510507036679,4.105001689455629,10.220725784581278,0.042469084451817414,0.012500691615039078,0,0.004339505696345978,0.054687131761425936,0.04634481337207163,70.4956057549626,57.587824409093436,56.078097909475595
1073.828648147571,0.7980727084095672,0.0669590529366104,0.06686882511873819,0.6136737678060765,0.01937851317662748,0.7682580253857783,0.9568175833232598,0.009940254941894173,0.06699348774724023,0.8800855137654955,0.013077113664067094,57.78816033264583,3.9565678035372347,10.209723803420646,0.043006392816210486,0.01106274387374864,0,0.004376323268388104,0.012193722467611832,0.005653780264681899,73.74432950928819,48.54670057230005,49.79893007906954
1074.6513782007487,0.7975493242513556,0.07018998135809486,0.0675445845811051,0.6670820483360803,0.019431043568717266,0.7666874523167787,0.9583919184487579,0.009988553951667327,0.06987299338120488,0.8880797035292739,0.012599012369047306,52.324605496647855,4.1869167002006815,10.30310200234328,0.04331395247938312,0.010992558773927305,0,0.004122032207300685,0.006651596765184611,0.004654147017221628,65.62386272441464,42.70072691863683,42.24429029861277
1075.6123822124443,0.7948717318703885,0.06680964769695584,0.06731435146800135,0.6953001372196788,0.019609825107078017,0.7661552328336565,0.9598459780754193,0.01008718581886691,0.06676849946627474,0.887414678273906,0.011243401266519985,52.772107856375676,4.035168581313767,9.437215220811561,0.0430040660273122,0.011069182319221021,0,0.002288790211172985,0.00663045763807687,0.004799174427604601,64.15029246689153,34.679536377811836,34.121910564253376
1076.4040006249559,0.795121217852729,0.06688065141438497,0.06705775476623597,0.7153225299384651,0.01941764048361489,0.7570327284874324,0.9581324060960004,0.009986528394727062,0.06665344276066364,0.883866016154882,0.01134472714310336,52.70476013248092,4.075660338563089,9.93333897294308,0.037547448800348715,0.01118434325093392,0,0.0037518579537685415,0.005022509834547072,0.003207098423176255,62.25387052508756,36.38033112620377,34.29196168154938
1077.3580909387254,0.7922073851789792,0.06668658433437569,0.06704740492594109,0.6845822101268368,0.019648644996968712,0.7719985164004913,0.9521097390205538,0.00978760297907642,0.06654991636427919,0.8844909928204461,0.011215779333982196,57.44626068932539,4.104796374607309,10.073908184513128,0.0357754959851751,0.013562752350623328,0,0.0035046532095122747,0.005496895950544613,0.004354419834908921,62.87788592101439,33.23508077434465,33.24363807604065
1078.146252502274,0.7924405058288193,0.06687297267910176,0.0672178792815934,0.6844112732371953,0.019706085036852734,0.7684845311988002,1.0295724535889623,0.013352081542331012,0.06636811882064977,0.8963133856557436,0.011372119976100747,59.32257122768257,4.0731695775399706,9.84364553765617,0.03530000294895236,0.013688712544252453,0,0.0032029270668928723,0.005402145482137559,0.0032370831435647963,63.007378043401744,35.93517212420716,35.635570432658604
1079.1245407587842,0.7943889331665168,0.0665289995833079,0.06771468111029134,0.6625579975025314,0.019453794153812293,0.7611363956366846,0.944862216033751,0.013497898599006514,0.0667167000348552,0.8878409430969947,0.011482404697655952,59.26864365210675,3.9800811716070497,10.25562781124957,0.034681762002926254,0.01344538323229943,0,0.0035710773545968547,0.004913285023209923,0.0021981563299498814,67.22318618486628,35.328597669816034,35.81978127327098
1079.9299865671474,0.919002475406005,0.07006769872815491,0.06711067305773509,0.7453611570763686,0.019726424829009645,0.7688353275749729,1.0128536261685481,0.009813264244177333,0.06966535909375068,0.8869664390793688,0.012214425210494291,62.69836833020673,4.028082409358551,10.405177243262159,0.0351279126584664,0.014732953905650398,0,0.003949998038260772,0.006937791448720031,0.0030262861113523128,64.79087280960843,34.25858233648705,36.19435767566135
1080.8909905788428,0.7876368625264842,0.07011119793065067,0.06722164777720974,0.6783227328068727,0.019502237107635618,0.7686898458026782,1.0311567488436022,0.00993744468179397,0.07016858780894601,0.8977041702448788,0.012032208733130182,58.53210797511965,4.190776639017541,9.354577003706238,0.03512848206302787,0.016172274310172322,0,0.002775057944587347,0.0045541901025037985,0.0025788983962367804,65.6411600102327,41.64438123393081,42.34360960184802
1081.706806934095,0.915923216775014,0.069995175217589,0.06758707442255833,0.6344609754949141,0.019309543824709,0.7592344588858743,1.0376524539843741,0.010069520620285662,0.06967086778064387,0.8816440902966435,0.011309087481476313,51.851747578668466,3.9855126302145685,9.943694577770735,0.03783408918884241,0.016642426825674177,0,0.004973056092158706,0.0057234471458141156,0.0026965954891762325,64.77372876150804,51.03574113607211,49.01377249819553
1082.6816383416424,0.7863808696463153,0.06667484226547969,0.0677697090636355,0.716247354988197,0.019374430784923395,0.7598057705134712,1.0418213676101076,0.009793357522039891,0.0664344259877584,0.8903729165391479,0.011256218389042501,57.69498226428199,3.9248626031599123,10.587097080508855,0.03781435553653626,0.016427014593004302,0,0.003826499457365683,0.00613752859397684,0.0018938309235359743,70.7084125616295,57.02548773130487,55.549421211553955
1083.4870841500056,0.9283511134916927,0.06676299834299948,0.0685142540216961,0.6808916393065836,0.019138533626160827,0.7531029923223322,0.9352692317691217,0.006755576917127406,0.0668182302422511,0.8722743733050966,0.011893312266040004,62.815327435925155,3.889404931418344,9.989553898720501,0.042091188721669816,0.019431048227770947,0,0.004641504001590104,0.007360333486545129,0.0035941658802140257,74.9199853901123,62.96335489613536,62.065096870106984
1084.4619155575526,0.7848422028097237,0.06662334100509423,0.06860167781852661,0.6811538638609208,0.018990984361225288,0.7652732880714713,0.945185272829038,0.006567289515662154,0.066844232720505,0.8739467719560653,0.012158556419835037,64.31950558919043,3.939860014268811,9.846486547846405,0.04249122463575323,0.019353970857516778,0,0.00540430942233647,0.007168789416679054,0.0023994523002640387,84.75070843651449,69.71167981325097,72.21878839842495
1085.267361365916,0.9256365065990191,0.0666377398344574,0.06848721845266527,0.6024274003015917,0.01894169982577726,0.7701628908797962,0.950154562320381,0.006679020884758818,0.06638018304918256,0.8669306504917548,0.01305672914258554,65.1883636515067,4.0371584590038445,10.677751704925766,0.04358514415727074,0.01794023511250903,0,0.006252186246411142,0.007643213210899294,0.002601904676792318,91.74311341721474,77.6024835594721,80.93031955179018
1086.245649622426,0.9292230940737576,0.06679611104497454,0.0690915151368689,0.6529298201122824,0.01896682506943954,0.7865825092504795,1.042641902721582,0.006814101959244141,0.0668921848759132,0.8633389379318709,0.013357065553931468,65.97696763672329,3.966637748785799,10.170043128728755,0.043839830023339604,0.01954228615656629,0,0.00651770472507741,0.01263226632333719,0.002572596123604943,91.63338697183677,85.45016026448867,85.38571446718966
1087.0510954307895,0.9241388360673866,0.06306476465137624,0.06939768447856166,0.5741154535572239,0.01877594163875387,0.7844601851382266,1.0309042365108911,0.006590554517416874,0.06342873257154814,0.8030293566420775,0.012152916454752683,65.12287876189295,3.942536767978585,9.788472595528548,0.04367622424498266,0.017481031468783916,0,0.0066526859494022645,0.014166472016670659,0.0032180367193802304,92.49615228345787,90.96907387391296,92.00800266291894
1088.012099442485,0.9166244238210679,0.06300048486220036,0.06884696869838934,0.5427430831796838,0.01873934617457701,0.7821185515476775,1.0157763458347435,0.006586131082897811,0.06310614566373793,0.8061763698838744,0.013390804215032307,64.34119056543499,4.020808182472738,10.97058726060139,0.04330429968250277,0.014824949792762339,0,0.005755807622792023,0.01612327932649681,0.004052081605057708,93.23922740216035,91.71548527335572,94.18523450512856
1088.5409973338137,0.9140220830939545,0.06300455499720875,0.0685824437841607,0.5091808510466848,0.019008955540562214,0.8092239926002812,1.023181111501005,0.006710688974400934,0.06335213069208216,0.7998278982157239,0.012184718921702241,63.279665686851054,4.030076959927588,10.573721276436542,0.04339090668287278,0.015495276212776654,0,0.007162268015829737,0.019979197201914774,0.0064134614615799865,93.05563454718396,91.82387480447123,91.39035817092936
1089.5192855903235,0.9142914511823793,0.06342323199127498,0.067945577765064,0.5544309413242858,0.019109303664603734,0.8757655549325419,1.0412434206495484,0.010027587832604587,0.06344277755902517,0.7949987518298779,0.011428964564744664,69.83205268797248,4.081310976530549,10.754603072454254,0.04606501376412451,0.012690582832620971,0,0.013376037798190972,0.03094585218199914,0.014685263362889514,92.32904652129294,92.41444805853968,92.0124398785949
1090.5010306957965,0.9133298715223864,0.0628887076354924,0.0679890965785034,0.5069711700604811,0.018938293445524,0.8158639885281297,1.033298885027104,0.006636733980740663,0.06326419996299595,0.7883095892397609,0.013424427277714946,76.3888548551601,4.226324875192663,11.19765685491828,0.04279103426296303,0.012761365774818904,0,0.013667934883063662,0.032495469763644966,0.016252672187068707,94.8358293722966,90.2738207495018,95.12656318490743
1091.3272175979375,0.9112288949720677,0.06281850806806369,0.06599590625097443,0.5901225105785415,0.019005237002784427,0.8237821161118045,1.0084069359574341,0.006668412490429243,0.06340674392259099,0.7786892550578073,0.013514457225040695,78.00006541677163,3.9490826677793254,10.621139962865824,0.042921482503731366,0.012794182194298004,0,0.013506874682298293,0.03427328465608866,0.01769164690113542,94.5233126294736,91.64447548991241,93.50146525665589
1092.2743942137813,0.9097815800848267,0.06364286466058097,0.06593610636129858,0.505268420901121,0.019429359018347525,0.8097904061513608,1.0326987267788543,0.006933028792983541,0.06348972992902184,0.7870097604103463,0.015035690793988919,77.29983962482127,3.9407675754095703,11.448369672286974,0.042226235551215754,0.012102095832333203,0,0.013583778746928099,0.034435361986379955,0.0170751384798117,93.44947769279058,93.38905767627631,93.02210890653747
1093.0694694752556,0.9148439061953113,0.06631261271990342,0.06365516535163812,0.49566875150747214,0.019648574212401248,0.8143151095992522,1.0307692390648024,0.006612309920142778,0.06658991744261089,0.7701996105280446,0.01459784869811295,72.22319378932447,4.20536393171705,11.285539806205872,0.04260796928338564,0.011438992902374502,0,0.013921564858089564,0.035561172161321715,0.01778508671716498,94.2487039504857,94.1739650885802,91.63310211663013
1094.0650419765805,0.9104682691965797,0.06652435636946495,0.06370749443391033,0.5257582906290705,0.01942040296035917,0.7962444709809532,1.01433687787007,0.006701881695110151,0.06658053937268814,0.7625430127081079,0.014606513144661286,71.2596996238196,4.018426405754634,11.148435360912563,0.042846141782459574,0.011092228116623047,0,0.013853453093422067,0.03841509404341803,0.017741429331802155,90.8651201209427,91.07188420439951,90.90483273374441
1094.908513123536,0.9158967994062375,0.06682856973516779,0.06389508047163582,0.45936466857380787,0.01891140442780267,0.7994929357188411,0.9943866602392909,0.0067609398406372,0.06670299899664049,0.7484005384390963,0.014579566192430525,70.66461374243448,3.9285550945811,11.245410132635431,0.040546843288045725,0.012120507221321497,0,0.013699876592345452,0.0379044751494374,0.017192201553181442,93.2769839605113,93.45046819752086,93.44757226228825
1095.904085624861,0.8112220581304324,0.06668417037247262,0.06394446224573258,0.5150429608128062,0.01883688753479558,0.7905950059780819,0.9877870663130172,0.006740959988765113,0.06645349171747054,0.7642495023208925,0.014739005080443918,69.19804237957608,3.8459911651541834,11.025339942648964,0.042538106149109564,0.011089239138599175,0,0.014210744478444823,0.03778137194184874,0.01760858836138916,91.83964814544207,91.69740679170395,94.57928281508599
1096.7302725270017,0.9130639476169038,0.06658434614384923,0.0642967282262087,0.5086087909234998,0.018843548378471166,0.7789139434564128,0.9369595118849136,0.006750723625184539,0.06655997365554239,0.7564534519079722,0.014712515449104022,64.20726835938484,3.995441137270737,11.048769212299671,0.04296891795326872,0.011240816225190006,0,0.013304692797757249,0.036970664800973614,0.017236746180708216,93.04307727918902,90.14078453014122,91.23911713244009
1097.750042971067,0.8134638830443953,0.06677924969279359,0.06439225648843465,0.48858169276646957,0.018427923304145014,0.7726600421454003,0.9459329050984311,0.0064925802894823074,0.06650301288628664,0.7302471789676819,0.013637406598589526,62.415185536012814,4.096973208020779,11.020688683336965,0.04315094838503645,0.010201110049248103,0,0.0141559408933866,0.03750526649443177,0.01704932796725535,93.14633682652943,95.23018424759064,93.0943915062965
1098.576229873208,0.9574830382889867,0.06630567877310732,0.06413636139374396,0.5436777510010435,0.018265124433054093,0.7707999950999767,0.9371475692140192,0.006768457866424945,0.06686628834103929,0.7294702061831869,0.014780630471589253,63.91318274150418,3.8340411828252936,10.839247270545137,0.045012904870519094,0.010138826542142525,0,0.01377345107080877,0.03823386284964787,0.017939713940953228,93.11754748890115,91.91214649309461,95.17427042698117
1099.5752592234956,0.813282230463519,0.06669997608718722,0.06409564076377122,0.46819395554942267,0.018696182709068917,0.7738912324628076,0.9379329643348912,0.006755109063343153,0.0668055191752307,0.7563405818566479,0.014701530157405746,60.44136602462944,3.866730382204593,10.781417075818851,0.04288591108646441,0.009192790198918693,0,0.01378100277290124,0.037682757893052386,0.01687291345285391,92.57178924031454,91.77342552870486,92.99933581073608
1100.4014461256365,0.9344056247062688,0.06666235941328989,0.06392583655515638,0.4750823442687573,0.018787696013373385,0.7703075271681967,0.9359588773806014,0.006776143792376913,0.0666168408299787,0.7729276655844984,0.014716329446514931,60.94342262133638,3.894870064391114,11.126933194585932,0.044928489433400054,0.00934731542661707,0,0.013191036795150702,0.03770068121192476,0.01688370529631945,93.57183150720323,93.10028651950752,92.34978875600203
1101.3901049290353,0.8139311616272489,0.06648964154237395,0.06592025601459839,0.5110146574458279,0.0191948217419083,0.7889901190642574,0.9422011823276714,0.00666996790776991,0.06658283060063026,0.7598403176393936,0.014766701136536225,61.04055855205997,3.8866865905209615,11.371985948314551,0.04658218661857566,0.00993268720825373,0,0.014519464762535335,0.03584058489923079,0.015232432553776059,95.65281313525477,93.48212766964103,95.52935879221194
1102.2093781332503,0.9227145670584604,0.06705553911218425,0.06599228026360673,0.5124681887542484,0.019345483826601,0.8075609515079921,0.9488548147314396,0.006679135592851186,0.06678936210007963,0.7639884029524294,0.014575690079691964,61.77400957142193,4.06283686296235,11.343568464995181,0.04554411018511538,0.010607767843490074,0,0.013840857792858135,0.03601812783673763,0.015226130447568117,91.09838818251131,93.04577829905533,93.91739419879725
1103.211864332501,0.8151058263174279,0.06672567481723966,0.06631921976478247,0.5281076089178046,0.020409161023145345,0.8044515611032533,0.9483934665776588,0.00678519176088669,0.06668313708975665,0.7552920499016106,0.014922615541954039,66.86388322858267,4.13048513966167,11.176208954920488,0.04198090363145462,0.01038613683511262,0,0.007113506372153225,0.03566805965414541,0.015092197107647774,92.559424188358,93.18077698257943,94.56109738625595
1104.0415080836049,0.8152920068145483,0.06632929199076025,0.06658686603602766,0.4763229888261289,0.020428360390726857,0.9089280246160251,1.1365442666437846,0.006688136248263252,0.06660655971102825,0.7606593938007075,0.014895994588150576,66.94464311499313,4.087987709073969,11.337213522057757,0.04246067565181237,0.009155672634592358,0,0.00585626590076296,0.035719273064699894,0.015347748127337114,99.98757149642252,102.26070145476643,100.15731538060349
1105.0094257932262,0.814037595980497,0.06640972385383435,0.07578146125937008,0.5448433029362625,0.022479312809552586,0.9177019798822249,1.1461802809271302,0.006496145076847859,0.06642252872924807,0.7690923021727789,0.01543902359437192,67.1254558474449,4.039080006966776,10.512257159036613,0.04238319603446461,0.00946935321434485,0,0.006385948086993414,0.036939217474289444,0.014620164920824758,100.26698265246928,96.4279263593207,99.1784243528508
1105.8528969401818,0.814707555483085,0.06666575415139377,0.0762459510655964,0.6365380936159494,0.024165223482068,0.9208456669381972,1.196909169980078,0.006571630080673027,0.06663843771070262,0.7777693831701088,0.01570602038191543,68.69050832588348,3.9516936578109783,10.86309756498549,0.04204721417001448,0.010996574392205584,0,0.005724235611770867,0.03549497781604123,0.01655091310249233,97.83001129333967,99.10979443096905,99.87933217841919
1106.810444102914,0.8121669390060392,0.0664141352504693,0.07765161668197038,0.6087628125119876,0.02430709850795794,1.037962856135533,1.3588140466892384,0.006694047403886093,0.0666471171955377,0.7758155792962714,0.018268988893366717,71.79248784128097,3.9074240186541047,10.686666972082161,0.0435893137506299,0.013432802367500154,0,0.005838860306509391,0.04642891821582196,0.016588174864363425,99.05187954196684,98.29390867898562,100.82469444408277
1107.6262604581664,0.8141826482690355,0.06639912130446217,0.07979316053540575,0.6465190376887712,0.024271471778782867,1.0399820531072457,1.3626301366289313,0.006785206727078466,0.0665857302320802,0.7846853190556068,0.01850281500548379,70.74782979293974,4.046473361003078,10.53830715822494,0.04385732111566747,0.013386119596900607,0,0.0063302206221822884,0.07487741784582726,0.04128478957931596,101.01298078292963,99.33352621692163,100.92712468698993
1108.469731605122,0.8142675805683769,0.06663779157355962,0.07930327844854054,0.6164244071892576,0.024448871210057004,1.0418868677974982,1.3600923851084759,0.006796618235760862,0.0665406936613386,0.7694987075134504,0.01828876605570477,70.83187847817233,4.0178218841505124,10.54133737838787,0.04263951062433635,0.013415523793307875,0,0.00646361466997991,0.07580140019822602,0.043754836376126996,99.44321888813363,96.92062892729919,100.96925872279046
1109.2959185072632,0.8146353988541336,0.06636604858302626,0.07916458829495494,0.6673468835821613,0.0241320445715697,1.0470058459621576,1.3458465733306508,0.0033171616073064884,0.06677632206865312,0.7236475454777936,0.018336476876531456,69.7288157002809,4.037482461385792,11.20234493481482,0.043191501760766714,0.013408422146171089,0,0.006901679446733487,0.08070628028562557,0.04468600128480358,100.41373026724662,91.06046669580974,94.62794719172588
1110.2534656699954,0.811931339435856,0.06597528799400362,0.07943698915220342,0.6340983317383215,0.022362052919453625,0.9270348803534307,1.1604883516161135,0.006659364104986702,0.0668275227036368,0.6567153641798287,0.018119891280730712,71.50848588308718,4.009868219767182,11.112250458747772,0.043658275716296706,0.011072931480482863,0,0.006540704599552955,0.07931118854072149,0.04533085724293306,99.09911784231406,84.90506534207822,85.44166815565889
1111.0554546293959,0.8134049557399438,0.06333188630043823,0.07941334104316793,0.6202967220258059,0.021463439932795397,0.9248113495742114,1.1758204535516783,0.006765180760944611,0.06324426994763324,0.6316220315270972,0.01840651240790543,72.99142089995968,4.0502781238714345,11.62996161348146,0.043022374818750125,0.008952015255638063,0,0.006672057104743045,0.07886816079068655,0.043832501044515616,99.44401539460286,87.88460462648743,85.1712795229323
1112.0130017921283,0.7943807406621335,0.06315350509395286,0.07986954603439976,0.6908261816035215,0.021706510036550216,0.9243664196491295,1.1676125929398136,0.006815865495634701,0.06329280160047877,0.6321126641905597,0.01548499373428112,74.02739354903919,4.03820597293132,11.23918675451163,0.04594502552364422,0.009191575295776685,0,0.0059850882111455,0.07854250972647346,0.04579583236553144,100.10140275754478,84.1007587719798,84.8900412582956
1112.801163355677,0.8147414439081094,0.06338323150968345,0.07960382957627395,0.6936964253809965,0.021468415973994518,0.9239938675802002,1.1439885001708996,0.006693187668846295,0.06288183870799872,0.633501930265222,0.015365943300165351,74.95768641477028,4.001719433383246,11.670841514813167,0.04548964164814013,0.008227441697437362,0,0.004501268429621241,0.07985359347587095,0.04457714513136028,100.40969845255246,84.46556953398405,84.5392599924794
1113.7517968204836,0.7964075852045719,0.06394963896595543,0.0789636054571153,0.6877806644527412,0.021399728516652082,0.9049102830713412,1.0718660440195535,0.006933307226709215,0.06321074147501142,0.6490890990559014,0.015271580204848149,75.02330009252817,3.9153971214960426,10.758881620541986,0.04542758437120065,0.008796225145633389,0,0.004565882639668587,0.0797311641176088,0.04448744281333534,101.14794901940873,85.40891934376923,86.74975991731597
1114.5295878371437,0.9115461108766714,0.06308659097279061,0.06945815554130187,0.7358633964138224,0.02151434242957119,0.9120149272244898,1.1714866077118755,0.006508614546650205,0.06322925946276507,0.6433637766733094,0.015030537026040252,74.3267775237204,3.8216334350727736,11.062718252282288,0.045931680916974436,0.009090567173580406,0,0.005585521348344046,0.07499644184051933,0.04287619735330353,99.6590678981704,85.89079291235846,86.30661371312655
1115.4733076040243,0.7770116679526412,0.06311194027132132,0.06890905791824116,0.7729791898951406,0.02106944506641636,0.8993576443981361,1.1561108719806983,0.006619737319827796,0.06303252441919777,0.6407313893816309,0.013838562154574201,75.35612969307522,3.969392914264777,10.5864363529238,0.04647344281110159,0.008217845592992087,0,0.004693563086191885,0.0714454006500792,0.038850768270942304,96.6140299413989,86.71122430540846,83.75689462507059
1116.268382865499,0.9108577301676517,0.06352487650466844,0.06741323710672065,0.7193533569135392,0.021296759930174134,0.9035171631684319,1.1793647530363938,0.006480464312275598,0.06311861396562932,0.6361076912296161,0.013221512783498493,73.4039157291915,3.9626752727837298,10.826763761899677,0.04688402808563107,0.007966615914757821,0,0.004769231424503783,0.05981083572663952,0.032660820382000896,99.10861241653511,86.12960113555548,88.54821607194263
1117.2190163303053,0.7923840198814754,0.06321467957051864,0.06512604055561436,0.7254862666550232,0.021400930035970347,0.9143774016367336,1.16015145800209,0.0064859207327655445,0.06340500084662384,0.6443428202265918,0.013035613526279403,73.54749000279634,4.072030022772623,11.055014065543185,0.056253193370798794,0.007576040740922022,0,0.005175334564379609,0.057893165369367346,0.03178159642963042,99.67239826682386,88.87123991558991,86.1480306806662
1118.01409159178,0.9095556565748633,0.06334787441549232,0.06496824653661862,0.7706752004058213,0.02151265957491461,0.9259221038494146,1.1791208034069316,0.006660396187295496,0.06314914025466284,0.7273426537408165,0.012979481285403443,70.49307650019084,3.9122578827988845,10.822131745193364,0.05814901704574364,0.008010328583800188,0,0.004859318356897383,0.056208378540611656,0.030917889658006816,101.01381869822697,85.20034020614725,87.91790447044012
1118.9612682076236,0.78949363386418,0.06317431086743269,0.06483539496947763,0.7469634098024723,0.021250510716367903,0.9199561586595494,1.1882051527221986,0.006501203998228909,0.06334331629777368,0.7420761127484136,0.013151964570534674,73.38864629617356,4.095327168943802,10.952599682771044,0.05823673299011668,0.0073726507041853035,0,0.0063424636981495005,0.05551775627806489,0.030305715717351113,98.62891354321965,85.03802495808918,86.48569234417072
1119.7425160732462,0.9143374218975097,0.06339647898672832,0.06434648467136582,0.7111726326638028,0.021075439623304607,0.9189484932957394,1.1792896833548108,0.00658397118092289,0.06307274063323984,0.783946242107174,0.01283452775161742,69.99362772273608,4.026831021900814,10.78270776481537,0.056148803080827966,0.007283338235339746,0,0.004823451934699753,0.052931123459380953,0.030524904207580986,98.09753828672748,83.21687995507544,84.41613007559201
1120.7104337828678,0.7910188874183152,0.0633488806436219,0.06471626727903049,0.7778486026273839,0.02071473257524846,0.8985816838833814,1.1382961598572756,0.006655399949178509,0.06316539529972912,0.8476093350905437,0.01303350027269106,72.20658080742449,3.9725872391794477,10.774662305070581,0.048764095527859264,0.0069705471044710235,0,0.005586443628002084,0.033253421376487256,0.015561109321875242,97.78808657733661,85.71628720339098,84.62459428475076
1121.5297069870828,0.9155945573704708,0.06307724346849802,0.06447743972783535,0.738709670268201,0.02014352823436017,0.8957664337698166,1.1028004768720747,0.006898347189241857,0.06342717532588628,0.842825913210038,0.012973818700421276,71.69070140306046,3.998803143865405,10.743355146519727,0.045748908177437334,0.007194550022317087,0,0.005470898643368846,0.033104925752204195,0.015303661018172592,100.59984710158976,92.759850373602,92.02645607334621
1122.5114520925558,0.789137496830045,0.06325461192923014,0.06442726974258695,0.6574827252140961,0.02022506198195148,0.899797794547782,1.0916192940315466,0.006615341802160114,0.06324844593156502,0.849564808434943,0.012956040671005113,70.46208677502655,4.006975039621085,10.985726525865768,0.04795856337962346,0.0069564275115163235,0,0.004963652295550074,0.032584648481335854,0.015436346660173962,101.54968393146854,102.66136731398178,99.21792464699841
1123.3307252967709,0.9119418212519658,0.06322167738027668,0.06448328611668933,0.6976048365723596,0.019865232780481953,0.8954731805657986,1.1009405113474584,0.0067266085058678895,0.06348205880112462,0.8516264858258706,0.011867467285572768,71.5954742666631,3.905562967832543,10.868303966323642,0.058718699154604106,0.006892747623431764,0,0.006154667118238992,0.031112888194772016,0.015895792715447297,99.46532013280704,98.51644387267542,96.9848233994564
1124.3193841001698,0.7895513269607088,0.06325570477958783,0.0648232512290643,0.5756297909467015,0.01963718127033458,0.8684752752325853,1.0864002160892638,0.006915028066464613,0.06351491229679344,0.8532539221684201,0.012481306360908651,73.40327075982137,3.8892731190021497,10.934099348684795,0.0550079577990757,0.007301741261289656,0,0.005782601283866979,0.01994513630863141,0.008469322757114692,99.15841875673763,99.3288728779263,100.87092081819496
1125.135200455422,0.9264939560109127,0.06312963935759108,0.06426633222196715,0.6079652767444443,0.01956088656222735,0.8410543423930935,1.031717855698714,0.006714142680301726,0.06326471222183647,0.8481228811832935,0.011929427842713097,71.29009068736885,4.089739672507679,10.708716939452035,0.04870785578788357,0.0069796894367468165,0,0.00633078924922809,0.019479614383423462,0.0075001460729292885,99.3901348122432,102.15647879590755,101.85411203418408
1126.1238592588209,0.7904083831593919,0.06359312936807729,0.06434202247116634,0.6166043328138993,0.018969287063865914,0.8076307688265112,0.9655525958707685,0.006469595078763955,0.06288417373544425,0.8386029725859144,0.01201933972306786,74.90265820191509,3.878551854074158,10.81869434889852,0.04845529040510533,0.006991935627585743,0,0.005579289377446593,0.016451781790918846,0.005866825730047957,97.48866010945919,101.02266852767765,103.31667127628012
1126.943132463036,0.9039177486547638,0.06322413022518301,0.06475315426375854,0.577784930550396,0.018946386030110694,0.7781610913149861,0.9841816145678187,0.00692104536117396,0.06316481910749373,0.8358894786283397,0.012000858057337407,71.3972703139838,3.7994797404654577,11.100736460570836,0.045950763111080525,0.00675962991996701,0,0.005985485189636647,0.01679400015651395,0.007587869879966264,98.0519641314819,97.98060271691014,98.17301790167092
1127.904136474731,0.7882320740465139,0.06336056917877936,0.06454577110443967,0.5855703420613453,0.018953673778712994,0.7761890071209885,0.9502465890681092,0.006788450839181982,0.06317511553538367,0.8409899976640826,0.0115737343601005,73.02729990083242,3.9991854879575324,10.923669980751049,0.04582449386247879,0.0070888751007374224,0,0.0065584270611933355,0.01614889824637729,0.00660318665881249,99.73580918450112,97.05431280535358,99.87769831809409
1128.7095822830947,0.8760373919165976,0.06372241879901423,0.06454281333706907,0.5415719229681946,0.018545756988540586,0.7096922716636868,0.9340224641946816,0.006807653357341373,0.06337595279086661,0.8339257403118905,0.01066631704753634,72.48954764069256,4.1237888314994455,11.013574038249914,0.044053662083753484,0.005984367083335712,0,0.00705088568814018,0.016767547400275407,0.006899982173849027,99.96895155709865,100.39458376909595,100.06948857664783
1129.667129445827,0.790351370252985,0.06343641252621508,0.06454677350096943,0.5693686023497964,0.018400288188526084,0.7086462603633723,0.945746084433496,0.006675241830277175,0.063491902894868,0.809810803277436,0.010657384077358232,73.24734875686346,4.087327399492187,10.683706927247677,0.04583209340489532,0.0056828513647448516,0,0.0070845820293308345,0.016451890253826706,0.007325540086050312,100.86035084988723,99.36629851566113,98.70879848890438
1130.4691184052274,0.7881918995392668,0.06331599343141057,0.06498198242247981,0.5453054413397238,0.01728137281075967,0.6944756438210715,0.9244562820055485,0.006539935758778431,0.06364015578053309,0.7406733199224834,0.010676138037113283,79.08630181659632,3.8115786795652125,10.60405419869491,0.04577682424029921,0.005717423183148982,0,0.007048362713129772,0.01653865065886876,0.007961743096607788,99.27680274228959,100.87374429967629,103.39458710229461
1131.4059244741823,0.790812202241064,0.06375895323005495,0.06465050065434946,0.5561278159311778,0.01717179093631532,0.6926533178744364,0.8877813629187331,0.006666969144511402,0.06300173000989859,0.7318815976139356,0.010572544989453035,75.57336422045549,4.0224525088267145,11.001952337546125,0.04402764878535661,0.005380873112873383,0,0.0063659147654560756,0.016361806178723355,0.009921108189186222,98.98659338861943,100.6894888147011,103.10929394699576
1132.2251976783975,0.7849385686453098,0.06345474089107148,0.06460396882825727,0.5824529726227,0.01719382357854612,0.668225474461768,0.8777025059539204,0.006619324248433741,0.06344883044723883,0.6990068436563466,0.009924173445808914,74.32047360086001,3.953315966007068,10.650638899507147,0.04336681273523623,0.008165889058890922,0,0.005789441385586802,0.016287048548896132,0.011022660083583677,99.836977128519,98.12507269798253,101.25227120062526
1133.1343489556489,0.7827583712923045,0.06339115637881992,0.07997905125767137,0.5878424409955965,0.01695328911326099,0.665761036149635,0.9213072739145916,0.0067005736884948215,0.06292601825042839,0.31506719569267877,0.010254507572223877,65.90845465732926,3.9898478732109535,10.995257233798265,0.04354904741413393,0.013355429996536789,0,0.006205461899509379,0.01586173539089717,0.015565842107448347,99.43130567573411,97.06566783488037,99.82161526748612
1133.9190536702347,0.7828112464288707,0.06333262362347611,0.08014353080637873,0.5544029921772482,0.017234707905014548,0.6447926025784926,0.9220645452968859,0.006891531826571238,0.06298829944989211,0.23301222444239286,0.009473462228044441,66.70626650805599,3.957418422257863,10.732636694248516,0.04393616674731239,0.013584398409751015,0,0.006184552677362173,0.014743857861795105,0.018892866013324155,100.4851829376703,98.45075839971497,92.8203711296464
1134.7314131765238,0.7815308313248553,0.06369223085780926,0.08075733691150279,0.5791179196710775,0.016913632927654312,0.6392934618302991,0.9121580096328655,0.006814638764601003,0.06310045625870742,0.23193607452426385,0.009700479556456615,67.05480261101718,3.9685333125794084,11.187504351583156,0.04434938451862271,0.015106294502144464,0,0.0051807639358462405,0.014445913306853539,0.022381808113298023,99.05091374015952,97.57556642267087,93.0914804661269
1135.5437726828131,0.7844491493730729,0.0632467322997865,0.08017882481918934,0.5780790517601442,0.017373292996694902,0.6516065752454283,0.9131159726507079,0.006642356263977227,0.06369458708855687,0.2341094889842349,0.00929743263116127,67.95299497792057,4.1645379205943325,10.480968160928994,0.04845179845760114,0.012773450202179473,0,0.005182508826301757,0.015210745086141383,0.021054123864466107,100.77348849002298,94.38498206334162,86.76086655110493
1136.3492184911768,0.7823866102306676,0.06349060219333774,0.08057764533883799,0.6083200735424604,0.01701748653905197,0.6487590452553957,0.9249515475931532,0.006502789617934744,0.06283303615993162,0.23822909499374825,0.00923529479501864,66.13054951054926,4.121994757483027,11.519646690405784,0.048490885764683904,0.017355787313073356,0,0.004272665244644551,0.01010801627604176,0.02237546413416541,92.44788232169141,86.14372967403416,78.64848163162134
1137.1581211485027,0.783016626970833,0.06326921682399961,0.08068439275486484,0.5697008454800512,0.017309076233648295,0.6513864962031668,0.9279834447135282,0.00680826707182978,0.06337671717126842,0.23348674375919276,0.009155013351133754,66.97432119973512,3.960545100254017,10.769812718337354,0.041035275507292336,0.016063886212818696,0,0.005589167566020323,0.009910031805323363,0.02218988868109449,86.19209323664973,77.82279413233918,70.35904992531306
1138.0845566705689,0.7805147561220644,0.06360148801286176,0.08060931411982941,0.5816287707869221,0.017359753390503833,0.6527995125822061,0.9417050389922998,0.006710570495087536,0.06344667205479167,0.2289734431410866,0.006818361391507829,39.160953688845524,3.986661033558544,11.215334776896565,0.048469031133028924,0.017603917310053962,0,0.004296914102545464,0.00979346157776686,0.02321577169754671,76.7789653683612,69.80132842029234,64.84001212021177
1138.8623476872287,0.7804987778800468,0.06317581782624622,0.08068397947297164,0.6227741784596608,0.017573453510929895,0.657026622884983,1.00865147232425,0.006655854623610133,0.06360443365288809,0.24688646171998738,0.009283742225510769,38.69138790705471,3.898029022333198,11.107997755240653,0.04845457506413077,0.017151382124040455,0,0.005069646708726395,0.009710544613197971,0.02006459233462957,79.46477414673379,71.45986779436029,63.11084247410541
1139.7991537561836,0.7831940285571296,0.06386863446237918,0.08071043417342358,0.5931416190616541,0.017653707498450324,0.6656568882720123,0.9963978592262925,0.006919406960004423,0.06330058549205367,0.24770806540551138,0.0092476214129655,38.8843106237993,4.076945707571214,10.866140613898997,0.04901244858327159,0.015674517403785195,0,0.004182954254845031,0.010361750661620544,0.020019416883370507,79.673271802199,70.52524463784663,63.58989961798413
1140.5700310749176,0.8674128086791892,0.06355006327815511,0.07996331116561009,0.5775542860132467,0.018645712003845256,0.68605204582013,1.0095194304885158,0.006657306838587645,0.06333366553907885,0.25537047813242014,0.009273131350057787,38.06763108420391,4.0315126085580895,11.25318914224397,0.048697123777113015,0.014207683857533604,0,0.004613900078533046,0.010422553046178723,0.019159910060948786,80.9971177808837,72.422762185146,62.20213261007596
1141.5172076907613,0.8646506455706153,0.0631586308998918,0.07991615938298627,0.5942932472850131,0.018635952865484036,0.6898189487390395,1.0014084399135639,0.0067588914685526415,0.0632796071327368,0.31811207116994766,0.009372850562452755,38.995103437562506,3.964613008236076,11.3074676485653,0.042222840926410654,0.014028358839403357,0,0.003687859623140609,0.009851252145090505,0.018866023679608573,77.57885496179688,70.87075114205167,65.1542429650104
1142.4159884211238,0.8907620717145998,0.06644265338337736,0.06481850166864135,0.6141013905563294,0.017737376551060998,0.6806369313140872,0.9326880890990334,0.006586502035118999,0.06674054158167987,0.593746057055691,0.009470295230196305,37.6026898614011,3.9336013478385583,10.815483224301335,0.03458999738315913,0.011397547405729989,0,0.004015517199971285,0.010365609856367482,0.01899874546802137,79.53114924620606,71.65196418432097,64.53912159025609
1143.2041499846725,0.8621576497010198,0.06649296448225939,0.06447294520904755,0.553325581413473,0.018717511352679173,0.69704468970294,1.0056557009409448,0.006821960694657548,0.06666641928814869,0.6773089051019124,0.009605308055059136,49.50137715902822,4.0694389264949855,11.246543347681051,0.03501654750959568,0.01355028268899362,0,0.0036228427736777077,0.01088323508035892,0.019639443702456082,78.3862615244641,63.86609453054667,64.32691901655122
1144.151326600516,0.868620180736966,0.06380623552201732,0.06453517288859188,0.5889076505641593,0.018738165735514782,0.6899345875681975,1.0016183966776369,0.00664070392771499,0.06320216453439506,0.7356951507175367,0.009870109745640607,50.21444375586404,3.842277056698824,10.741092826935779,0.034493862625391475,0.013095991018114933,0,0.005351716305871716,0.014558588819288412,0.018935619167924363,79.60542532893201,65.2215435170348,63.19146689403943
1145.0743052736193,0.863840304778964,0.06324345407566803,0.06458036511973599,0.6029527461776133,0.01864218183058027,0.7124131593074444,1.0172323663030833,0.006626031694035502,0.06343651991243901,0.7421385000372379,0.010912346820758265,50.57176176638756,4.115673305955458,11.257992889440521,0.0352233269489535,0.012858546935212245,0,0.004384657853367117,0.01436946811436542,0.0185878070384765,78.5528827640339,65.69435797967296,64.18761715446733
1145.8762942330197,0.8668523685272136,0.06355443204676166,0.06444069604603492,0.750160954087554,0.018667897864457154,0.765754773435294,1.0651577446297458,0.0066501557631672,0.06315629492903659,0.8176152740398794,0.011907076363815208,52.01912698114046,3.963965720167341,11.01008776067019,0.03726825917425781,0.00871086135347006,0,0.0032989601615572763,0.014666672959722826,0.01554569309950537,76.60300603227837,66.23696926777697,63.83096870817959
1146.8096434530116,0.8666347189991558,0.06334562365584127,0.06440227527646165,0.8264504512746762,0.01893124577871755,0.7981132480611116,1.0705762069082638,0.006595526966576642,0.063266815726325,0.8144402609937007,0.01220043486448093,64.23751846194268,3.8974334705699505,11.1018986185239,0.04282216763403092,0.008663471175253986,0,0.003793924927955979,0.0161541932507627,0.01616107640447841,79.38334280161,64.69596302291355,64.6904396892474
1147.5805207717456,0.7739370244875945,0.06377881054606767,0.06439403495860253,0.8806938617902732,0.018962214445745657,0.830063407291964,1.0861474186150135,0.006696194610285567,0.06340927794871505,0.813424592735905,0.01213761861739441,76.66017256173747,4.09226016313177,10.9117747718751,0.0426693051757231,0.009525912617291828,0,0.004363948340285164,0.016858779216530544,0.016901537950140676,75.54372465261721,61.764937239107645,66.38804334631266
1148.382509731146,0.881382314049347,0.0636235325487446,0.06393314034618054,0.9502762089427874,0.018743428842982957,0.8274647669346523,1.0821180996981914,0.006717442481243363,0.06338203911554816,0.7465760326632254,0.0122463045394043,76.5110024181001,4.082067179014002,11.488839124520917,0.043237381648266814,0.008772089108556303,0,0.005383760550764668,0.018259735441704582,0.015713327549654623,87.13493749617938,70.11069761468276,71.16640401673995
1149.2951178573605,0.7719446310460933,0.06341320363795673,0.0642159562543923,0.9596701432492946,0.019038635824105504,0.8399420359372808,1.0644349013575367,0.006567283386541036,0.06358949278879115,0.8023803740060181,0.012839662657926715,75.1713537139941,3.9906523503838462,11.227404107140012,0.04298786929620128,0.009692001860854116,0,0.003784568992555873,0.01651916790603605,0.016399552819833834,91.37842382228477,72.54571069373928,70.8567178880006
1150.0590814781685,0.7739635072863285,0.06372689320001028,0.0638741248400348,0.9517952378552667,0.018983173783609305,0.8298037288053783,1.0595639343571535,0.0063810643601109555,0.06317526366012802,0.7488006194567683,0.012264811899603609,78.64287119122777,4.002423871710038,10.65781438053985,0.046706213781719096,0.009030781047585455,0,0.0047600680734868695,0.018064241064240743,0.016501472000334198,100.16560870148304,77.16149870262149,79.37572959379638
1150.9751464533458,0.774021084701219,0.06321889318113584,0.06277483564798594,0.9290588289183866,0.019329617666336178,0.8227969625644234,1.0546167007876706,0.006661169055558461,0.06323184340226977,0.7637014916273926,0.012669510033246975,78.72418792461171,4.004264264874023,10.786640734734606,0.048279442012847805,0.01071800922242832,0,0.004351467632873675,0.02402885033519627,0.017600726203089872,98.1572942297219,77.77054083420606,76.37715039504025
1151.7598511679316,0.7760453097963707,0.06326401734902119,0.061765299852022934,0.9536943498906638,0.019284909767226178,0.8351828835261672,1.062884894250375,0.006824230977200591,0.06362777800461564,0.7763443161746909,0.01259711618470743,84.85215242945489,4.106294098526827,10.999525718860594,0.05459635916386304,0.010737423742340754,0,0.00528576475950871,0.023991888181096686,0.017758345373446532,99.88877528476914,77.75533325067644,78.09115548404237
1152.682829841035,0.7732674765699054,0.06351572458093348,0.06229182331909461,1.003439018778067,0.019236180609818705,0.8287492264026846,1.0595904702894636,0.006746881444870095,0.06309649189977125,0.7620159383707238,0.011874722559634428,83.64467436599584,3.856873411286839,11.10537038469866,0.0546774119669954,0.010863819847475035,0,0.004398535457603103,0.022692917421294007,0.017796165022754357,98.35782976596204,81.7328362959743,80.48529077224009
1153.4467934618426,0.7738344281853368,0.06313194524714166,0.06171359854954041,1.0012199759187976,0.019306530409775802,0.7837483825157603,1.0532645121891493,0.006764419500670122,0.06353700529864673,0.7138941808154641,0.012020049105817951,83.7432907690043,3.951993769146386,10.473787925568999,0.055063002424976616,0.010462980896298407,0,0.005442809441573162,0.023130249398226093,0.018727237071832714,101.48487042184254,77.65820362001104,79.18628264369751
1154.2487824212435,0.7715965049213587,0.06346930245567048,0.0621385648398607,0.9581247212127204,0.019230397407412416,0.835224809779754,1.059137799359069,0.006405480720898707,0.06301358073759115,0.7197246888681355,0.013815610516950952,85.84795013101063,4.042372040900694,10.92143628504278,0.05654028231806191,0.011257230652838113,0,0.004719067026566679,0.025291377551174183,0.01828713995317793,98.97728660881967,78.5096793885083,77.33131896372059
1155.1683042453838,0.7706932048040815,0.06360038952724648,0.061809892259905116,0.9599963546144388,0.01944953557082576,0.8325366161557193,1.0570578746865364,0.006690263807630977,0.06363645903215273,0.7205207898766592,0.013843587442495293,86.20233388849665,3.998142438197729,10.663000547630281,0.05628840788850617,0.011458176902149713,0,0.005333026829684579,0.024878628842073744,0.017730768293213146,100.8606426128921,77.20354374940256,80.54519239201782
1155.928811017229,0.7712411075537986,0.06323685085050475,0.06223389635427154,0.9678486828832573,0.01937739183774137,0.8314724292997074,1.0640321128421126,0.00666967803951258,0.06388550642598315,0.7288629333824438,0.014068140660340905,86.94737528749037,3.910264229782535,11.439072593578857,0.05619687988989665,0.011805578821142934,0,0.004389946614392349,0.02269913457421032,0.017313531828652088,100.03803915813606,79.39394662551956,80.15955311013875
1156.8552465392947,0.7710804440869696,0.06319621270012026,0.061798594787048106,0.988227031230588,0.01945791916706336,0.7888339535356323,1.0226979917689074,0.006787961424202406,0.06326196598386623,0.7323708830324231,0.011971346122365526,83.74918236535137,3.990491298772637,10.938829477561669,0.05656645108773039,0.012260149460101974,0,0.004808199757749586,0.021751081300242562,0.01727857018348646,99.95010993291696,78.01034389519282,78.98481002386586
1157.6261238580287,0.7432554749406244,0.06346374254943618,0.06162048699315913,0.9564238361444057,0.020475002617520638,0.8260011924062727,1.0518568023376629,0.0034444187068608974,0.06349180384597529,0.7691011649219145,0.014015869289886983,82.1411190663489,4.15206606292243,11.456487357190921,0.05697304675760472,0.012669510599889643,0,0.004366199532095426,0.020986062865464367,0.017820063252149448,100.82515169939731,84.17330735514524,85.98245489560361
1158.5491025311321,0.7734751723983273,0.06333118331238807,0.061851680879322975,0.9333267240217564,0.02056994322076137,0.8370743496882007,1.0811506239774473,0.003372778690795995,0.06319512851950515,0.7723937466596558,0.014212172558250153,84.95328549203344,4.065073400418911,11.292972946267174,0.05629272478324548,0.014342948131360556,0,0.0045877635989475096,0.02165870017447636,0.017935520757669087,98.97696952350285,85.29533066750093,86.68273056894435
1159.316523000903,0.773840410663182,0.06329386937370467,0.06189781920017193,0.8530507484851646,0.020400718090966153,0.8297505533355919,1.0697432666265627,0.003315294987072077,0.0636927942362854,0.7551436840378491,0.014055842062532808,84.56650548097616,4.011698975869321,11.297340029516725,0.05526362633942854,0.013912368500376866,0,0.005060166371824146,0.018953829798248313,0.016989267580059964,99.59619596352779,84.98277240438627,85.13905882985097
1160.246415371932,0.7713867331597398,0.0634040214683475,0.06253121409910213,0.8408466436668787,0.019386494733557465,0.7834091219934,1.0729492267675635,0.0033290918021957436,0.06349822865999045,0.7300771034224475,0.014010353682153337,85.32222411532256,4.091691942052274,12.035493580249256,0.05546398706694174,0.015343523525303125,0,0.005542554432182727,0.01949193394721526,0.017755865857420925,97.82751289568343,84.27666658694403,86.23471239126867
1160.7511153205203,0.7715877699337721,0.06347659071611916,0.0632913308237006,0.7996746473588082,0.018889778515320168,0.7813267353660241,0.9886475588042886,0.003230236363338137,0.06331444261380163,0.6782146854306326,0.014435130337958988,84.87998176998671,3.867245952496039,12.773504050923677,0.051000451020687794,0.016763598330758068,0,0.0034827706965845917,0.019674556082838492,0.017273020026380495,99.65097816594094,86.03175017757664,87.19358140577955
1161.020749539629,0.7689092296868161,0.0633596063555213,0.06694569687373841,0.7419020964546382,0.018625066899971548,0.7859168532414242,0.9903168881941542,0.0031721167536037796,0.06289056997000493,0.6757021178282187,0.014297549332538254,84.80454174046777,3.952514643144788,13.164796345665042,0.05108335385863767,0.018006454212387897,0,0.0107170933251388,0.01882793067494144,0.03561214796148049,99.56302574199876,85.58598869673457,86.0834622683857
1161.8296521969553,0.7662210815896516,0.06350508842861097,0.0663795847972597,0.6619833300657422,0.018587754001934947,0.7584852842742655,0.9722156452759912,0.003287776458341073,0.06303649540131046,0.6785873163482702,0.014290546933199614,85.36945100276661,3.872161316765167,13.625732242398092,0.048120603803101604,0.017833493210143915,0,0.025095284622493896,0.019114632698949165,0.03524077403951452,99.24608132624932,85.46411081627818,85.80107613791041
1162.6316411563557,0.7661832684114736,0.06306761652900766,0.06820076391734568,0.6279717194537363,0.01867478509693323,0.7471857636740079,0.9389987065672674,0.006490869293297464,0.06324172119218754,0.6646096416352294,0.014237734671421622,84.56740098932998,4.152691722536621,12.892866122861532,0.04731962265628824,0.020176504566057102,0,0.026369507950498302,0.020200671291404817,0.034850847386623265,98.10189289069685,85.04678762284125,85.78111825985344
1163.4301732667932,0.7670773183092284,0.06339704687075863,0.06863897301380846,0.6299914516784751,0.017508905797550576,0.7063770082017554,0.9196155742537047,0.006517886305903874,0.06328379363057662,0.6414516582782906,0.013549739464396405,83.12427500660387,3.963306299136558,13.024498039330162,0.04783389306377691,0.01779794526536993,0,0.027750078956842898,0.01922968993918999,0.03628426314408536,93.75315533445227,89.67007839926605,85.28429901889275
1164.2252485282681,0.7653962484513953,0.0633101623594639,0.06824781053451674,0.5758537129506939,0.016110198995310698,0.7088767317442146,0.8941014040126676,0.006778073263542379,0.06344709277561632,0.5918035722182869,0.011758076392607356,78.23113602003514,3.956706198085521,12.992689365463391,0.04731412261724289,0.01758528075176656,0,0.026091918118801974,0.020735078586319015,0.03537361856207034,85.03416828786733,77.21634233395154,75.36934595415482
1165.0203237897426,0.7625680359096383,0.06319131745955094,0.06831173474517575,0.4852808962258267,0.017587543871375268,0.7111049568131992,0.8916141091216921,0.006345503875816583,0.06344637683907078,0.6302817180078104,0.013479687643183882,83.4297801149992,4.077451828008699,12.978481933400507,0.047086436884633036,0.01759273905752195,0,0.02573349654517892,0.0222746266641861,0.03477134101846571,78.38562156092682,72.25222601354548,72.99438327666658
1165.8119422022542,0.769140270144952,0.06304405810397615,0.06831988265644723,0.5869126297242635,0.01591050774446512,0.6997971338816389,0.8701480599133234,0.006585303285989451,0.06338039179557747,0.5820500028285162,0.012448769043527552,82.73027990079756,3.873473077659661,12.384479141206562,0.04779517718394378,0.017350937514364388,0,0.02588460300015173,0.021311767687369615,0.03634197723907439,73.52283365712134,71.89377624635554,70.68970889961648
1166.7245503284685,0.7645063558499738,0.06335614887515921,0.06834235254891265,0.5455352093376717,0.015984208127877746,0.7029409071903021,0.863953738951118,0.01011804591664732,0.06339888403355302,0.5834563267104699,0.011787429090228774,79.41075615710469,4.075869871600576,12.495686588276506,0.048094881567898304,0.017711273246198915,0,0.02568224563003617,0.022016809757211552,0.035678231512876836,63.76581505423104,62.27518989828751,64.88373042214468
1167.4885139492767,0.7689345934161642,0.06344627905612624,0.0684957782690031,0.5094852594236492,0.016187912743518978,0.7001128286313485,0.86770898283834,0.0100791545636609,0.06338995220070892,0.5793676937465723,0.011725456312576701,77.54820906536038,4.0184135008820805,12.720986461655926,0.048697056282043655,0.017930082744367793,0,0.02639389203538518,0.022637718519059314,0.034660276582913645,64.68796359356064,61.17222200696324,65.25562756429521
1168.408035773417,0.7667959709546822,0.06659527112640554,0.06813774383771258,0.5142601091237787,0.016758068797716134,0.704947378025105,0.8631250192509509,0.00981805118648206,0.06660714810795133,0.6400070124283371,0.010245389618260114,82.92791967052608,3.900789843429691,13.23252424887585,0.04541935528462931,0.017591696420734538,0,0.02614449887284042,0.022001913117404313,0.03505921045413836,64.70349213711829,63.11564740345932,62.471687610817156
1169.1685425452622,0.7651467625016494,0.0666790693141859,0.06830426652828375,0.5483249923901304,0.016908252917442856,0.7000932602290925,0.8652394914923404,0.009941769186467884,0.0668756519028443,0.640783325754509,0.009875462984407586,79.6884725147997,3.8487831711726836,12.86449118452964,0.04301318066983241,0.017152702915808792,0,0.026780236489048304,0.022389789001229617,0.03535997041755454,64.11396928503174,62.906209194452536,64.9079776689104
1170.0776938225133,0.7579059373126417,0.0672907165113347,0.0658278890105448,0.5053652281197332,0.016095294918810336,0.7016847612902322,0.8647935367578276,0.009973396807860304,0.06660712864612746,0.6493533394905759,0.010053157408119483,76.73230562844971,4.047858116098304,13.33333853538496,0.04252849373166861,0.01341795041701816,0,0.025813949314555686,0.022285733343264013,0.035480116367497455,64.209030962263,66.42399173012039,63.874670756313385
1170.824373198507,0.7428606371062974,0.06645876804289128,0.06554059901681489,0.4920368498627221,0.01659652760486212,0.6882183846837033,0.8586361548116002,0.009918240736135165,0.06688699575187614,0.6790961504190292,0.009904494366669651,76.13798194544665,4.022031854042918,12.512461601974572,0.0435406133520118,0.012238047207002374,0,0.026545644861654644,0.022411682634384207,0.03559918504759655,63.79955455931643,64.84567628873715,64.38553216966886
1171.609077913093,0.7428021015783688,0.06661287380436415,0.06598776797972766,0.5161539040502309,0.01660624282639228,0.6923387048842246,0.8668548117192653,0.010143520986587908,0.06651082532720479,0.8584525488563111,0.0107800138448581,72.11052460854738,3.9972913094160862,12.595877702920044,0.043618262932911364,0.013972170265081765,0,0.024677331069501682,0.016003048654956255,0.027036260244166988,64.32325836573608,67.30726361341158,63.70458027718834
1172.5078586434552,0.7422013500273271,0.06676460325861171,0.065072601575271,0.5063489596230969,0.017870850581347866,0.6968484063698102,0.879260757092387,0.009953666531126754,0.06669636046340056,0.8978236819018047,0.010560005858133827,71.27025757064419,3.9037008279980965,13.194856798459526,0.03405858313294662,0.014537578847524902,0,0.02462690838917559,0.011169307758289703,0.0231982630789929,64.29952456789006,57.124217771875344,56.732139089567816
1173.2510811704858,0.744308975780244,0.06647596086810985,0.06514604188856399,0.4683416708536511,0.0177847926526525,0.6975416639353913,0.8917379449800205,0.010095790679245514,0.0670798614666735,0.8961428672144378,0.010582938824112605,70.38585948490933,4.047332069105554,13.076438429823003,0.03491163049713616,0.013559574902863015,0,0.020237153384714088,0.007749852124357178,0.0076748915239880245,63.72891359164914,54.33630532091986,58.043432076013886
1174.0254153381827,0.741890393480535,0.06657941279737582,0.06552687791309658,0.5115370541046254,0.01703947499451116,0.662632822115883,0.862058437372592,0.010110560228647302,0.0666777173181604,0.904060259545887,0.010221205299151985,69.41073103767886,3.861304160080043,13.2055351300209,0.03486599475144473,0.013906430423751762,0,0.0036452544164789764,0.006837270302891226,0.004182619335967678,65.27373210139349,58.39514943269422,58.73629984261709
1174.7997495058798,0.7407207562872892,0.06696611048293813,0.06518215583916293,0.4817668630083952,0.01776040225875211,0.6914177616447863,0.8820903876957149,0.01007893813825591,0.0668390067028598,0.905638681395532,0.010199878439042753,60.036074898041264,3.978313283347415,13.150392298861734,0.034912435671203695,0.01291804030616472,0,0.004041459655377984,0.006889429394568883,0.00482570654064206,65.03674374109833,58.360326779113485,57.63256431943632
1175.5706268246138,0.7441058812037266,0.06674768321753898,0.06538550534552004,0.5105336809238841,0.016809437790713165,0.6898277583962422,0.8870750571364661,0.009954188728291477,0.06663544374729777,0.9064212114891979,0.010420244401755648,57.526718229393815,3.9675270119175434,13.689351961850818,0.04342837332279694,0.013732886904349867,0,0.004251686565165676,0.008022333272365043,0.004101861384743302,65.51780045056316,58.89307199361978,57.09345737295966
1176.341504143348,0.7413669322374643,0.06675561418609724,0.06553894772060054,0.4988540316385279,0.017902151643013287,0.6898354430124386,0.8757027798192137,0.009904084386461646,0.06634277594576474,0.896512706480155,0.010483970163549402,57.67040587754499,4.002222206470787,12.987908604849903,0.04427435729676857,0.013862602583462258,0,0.003843932325456449,0.007650435514271846,0.00446464324585173,63.40264351584166,56.178024516949336,56.44447647801744
1177.1123814620819,0.7408220720531888,0.06690989685773749,0.06551108528599746,0.5273685805114552,0.018068249191601705,0.702950105716199,0.88047258586592,0.010248027814061993,0.06686360951581138,0.9446095569785836,0.010783407423475258,58.95295138674607,3.947282166590538,13.203781527650035,0.044794494397976115,0.013898584471115465,0,0.0032343794773378918,0.008682715688149089,0.004750881785999522,63.96333568223986,58.63601943976748,55.51238040435829
1177.879801931853,0.7418508628796746,0.06627848565282421,0.0657477377558292,0.478244786285887,0.01793810495609768,0.6900761519471684,0.8699913330987262,0.00985511988957308,0.06669396850903254,0.8670173001639983,0.010101483882313597,57.1720053243524,3.9890037605702022,13.013749424214694,0.04840215634365858,0.01460327708503243,0,0.002898452179645834,0.006777525472944156,0.004286835718219235,64.89753819389847,58.82929344362633,61.0648167683114
1178.6333950057724,0.7442876466819486,0.06689911762356743,0.06609393791298107,0.47866251835346907,0.01822606060271178,0.7199601354329119,0.9415638561093969,0.010109082207262693,0.06639179714778108,0.8655286512579441,0.01055945089076971,58.09367063739194,3.99518380004527,12.370232928171712,0.045298862164209246,0.014921982706930488,0,0.003303925612452629,0.007600174503537558,0.004867685220233763,65.29230994944625,51.122980896187485,51.34068492772312
1179.4008154755436,0.7380666751248912,0.06650192899583467,0.0661098590638823,0.3627961317597103,0.01897414204099062,0.8168213100002099,0.9932774022884877,0.009939957455176366,0.06654902684172918,0.8643922113138663,0.010156779480116512,47.09328273112443,4.06425521414977,12.827303062381935,0.053255633830287814,0.016734433645290637,0,0.0031094620225496084,0.01851811188818943,0.006986503201144501,62.97614440046357,45.16581704647477,45.180323574256676
1180.164779096352,0.743791827615926,0.06669908835135879,0.06546971790614879,0.4081151477871484,0.019377892467530324,0.7480416532784717,1.0003668913942234,0.010059776471314032,0.06690135365477572,0.8708885656308357,0.010183696427636033,57.250211782511535,4.0976360718438904,13.651119251887994,0.04452336270309268,0.017186782340446297,0,0.0029107938826711177,0.019925148529892887,0.00848424368597638,64.44625986254346,35.72343217809824,35.37916174283242
1180.925285868197,0.7445269959665352,0.06692115444574982,0.06592009444093723,0.46543052220370484,0.019249604173373742,0.7545407014685748,0.9399252958652479,0.006775639581258577,0.06726800953324942,0.8466917405046903,0.010036052529076337,46.02879775960397,3.9304067378440606,13.04389206900969,0.044793092404972826,0.01709979213312892,0,0.0017917851758596263,0.01971445280009733,0.009215432459312643,54.65987388384398,29.73062037311907,28.20832289353306
1181.703076884857,0.740612805541534,0.06675408390298454,0.06596398985329038,0.39774554749522106,0.019841829055131606,0.7908861518813247,0.9914322894153261,0.00662750863029888,0.06690382709290238,0.8570987662230435,0.010623518548961998,47.97307460350592,4.007716410829531,12.81042604023342,0.044776598699898654,0.016796305795082005,0,0.002082115130929128,0.025858290744572004,0.011691328933813055,49.658433936363075,22.56526072205456,22.91831139827284
1182.5949439172937,0.7397163326163205,0.06672305237222549,0.06752860368716676,0.4239344034771374,0.01970352703029622,0.8627664677057119,1.0029964034884702,0.006664499372304871,0.06654650743668632,0.8645319610692889,0.011961934103077996,45.87164021386182,3.914600773385885,12.379853055130868,0.044777863235357186,0.014448841418855942,0,0.0019715189451937017,0.026080959881587814,0.01143280224770045,48.33498886451868,19.158612506923024,22.62852234557227
1183.3347095953613,0.7399720429907494,0.06684431042103875,0.07020967864281456,0.3939379889000684,0.019170062767877732,0.8655052175627779,1.0056780519645405,0.006768922303471965,0.06681265936408572,0.8362047269246311,0.014248253525341245,45.835402770002496,4.004749388534891,13.063111334112751,0.05407826185781385,0.014624776914734853,0,0.0007521304799472648,0.025949953446946058,0.010980996943636336,51.82475350989793,22.35604114344328,20.27073029522813
1184.1125006120212,0.7349006041483983,0.06625262703503092,0.0701157844304167,0.3840354160367473,0.01973441661692701,0.8613869910816342,1.0033517372719079,0.006456383358950846,0.0665603628698651,0.8374689751353274,0.014745651496786725,49.57600736031564,4.0159969287355555,13.352976486225623,0.05349862829571759,0.014368937299971003,0,0.0002778357163481873,0.027118058745613648,0.012177836010492065,49.03992958615233,14.603318655511497,15.442842029497212
1184.897205326607,0.7422425452132653,0.06726879806010978,0.07046438608422206,0.39686713980370963,0.021483485188413604,0.8777751297558107,1.093598120737038,0.006811743831138619,0.06645543026294758,0.8257833176755243,0.014326159224146205,49.672660202113015,3.87985024435912,13.182206291986407,0.054009984790237255,0.014316743448712387,0,0.00032523820826408723,0.029425047964569954,0.012367236899795459,49.1302104419944,13.73065394609724,13.05031882924236
1185.6577120984523,0.7449395916513212,0.06360136544525313,0.07011446110078685,0.3678872139372263,0.02112617739815546,0.8599914126197373,1.0511785582296356,0.006435295958032433,0.06369230917420182,0.7439366728533593,0.014738595785630087,48.243824452740476,4.030862934510048,13.1441172397385,0.05416399566808653,0.014472484424240189,0,0.0019472838914436513,0.029902742340435468,0.013300552174339187,50.858011029490584,15.082631137312326,14.518237680856856
1186.4285894171862,0.7423330036624852,0.0633164816952533,0.0704412946479543,0.358015180489477,0.021770565029553282,0.8660194783992334,1.089119263267738,0.006650363465328559,0.0635853581060683,0.8305908389528632,0.01565772211917039,50.95608234157359,3.9541202010319907,12.911347872494224,0.05110335286944192,0.009738252204061666,0,0.0016017182488534923,0.03782253007817284,0.02337166322732367,48.66461293989277,13.950257889763273,15.228316349989973
1187.1890961890315,0.7410525276358125,0.06347081417345023,0.0701448562047295,0.40395682026339436,0.022828411591033375,0.8927005994276522,1.126096882206203,0.006709525331157485,0.06353412933498276,0.7729787826116129,0.015647241615292993,50.142038276982944,4.010870625895109,13.303381383484954,0.05348874955601868,0.009040533646218563,0,0.0010488309689562576,0.03913940080029876,0.025980716800194908,57.44354525109363,13.245404753784946,15.31061590438308
1187.9496029608765,0.7437218687915351,0.06317876141173825,0.07033856942307415,0.3188609081616914,0.02285849134137446,0.9104803069861079,1.1318621803897961,0.006636087040519177,0.06300511957514213,0.7806496720535212,0.015657269269242498,62.95689229758822,4.159452552108703,12.779864434704347,0.054471037911511075,0.00956713241657767,0,0.0008933380010226158,0.03904325205503784,0.026220832518672275,64.61804415504295,13.337129179838321,14.641234295821851
1188.7170234306477,0.7378451059090437,0.06360696302507794,0.07021069562235123,0.36188636099687094,0.022874960089445995,0.9045026093814686,1.1303524712273065,0.006696552126887354,0.06309666422187137,0.7329255789127219,0.015389802350657716,51.86444739684489,3.9571288137984952,12.818536096766644,0.05421533668532594,0.010628928754749661,0,0.001195187484148545,0.03910615976032459,0.027450097900266864,63.97987358464216,13.760395893984574,14.950757954371698
1189.6123473120474,0.7409811480302118,0.06687071520612597,0.07001627037090444,0.3960819083910281,0.022820482441106765,0.9195178976478297,1.1252677844854686,0.0066833838541911356,0.06628919307354086,0.7374327064536558,0.0160108625849867,60.42221755529924,4.108705130279973,12.948864784116099,0.05475003609662743,0.010750866369556796,0,0.00016952846119369614,0.04039650103677245,0.027247678956793538,63.412280921935256,12.701227117543832,16.244996797982314
1190.359026688041,0.7425661887235248,0.06350480917083212,0.06920529303912042,0.3944588218049998,0.02202291475327765,0.924091313540203,1.1215629835684247,0.006706679657045806,0.06373031536775023,0.7271445305984378,0.015452342476501632,61.453711247374514,3.9951186763066966,13.06870744414318,0.054552265692096466,0.011821970875902282,0,0.0013460234862064141,0.03917204499443341,0.027581762731578585,63.090499535988464,20.345288294442764,20.544465591318033
1191.1333608557381,0.7378998884327301,0.06686263810453157,0.06861193037495505,0.4026136665379976,0.022166292346458765,0.9263053575284516,1.1176064218555655,0.006627085709994201,0.06688833440568065,0.7237622449281343,0.01573585604547253,61.6525250946208,3.946142019991365,13.147271828275683,0.054028557638959925,0.010981984116255275,0,0.0013415629996852137,0.03823288329073164,0.028272759206010453,65.54381349335799,28.33251055309156,31.015053207631677
1192.0286847371378,0.7421197419546672,0.07011708981747043,0.06892274946141293,0.3878950629029132,0.022806738605284167,0.920010912745361,1.128372522535753,0.006321998836826005,0.07039426451495913,0.7416605702149988,0.014760490347024122,75.1631105893637,3.910008105683248,13.043482805839696,0.05471266031705422,0.011757316379824743,0,0.0020229173418569927,0.036678912815329714,0.026494132995247555,73.25443240953646,28.92884105768456,27.606015332390353
1192.7788209620942,0.7513996978183765,0.07023133930444589,0.0685967651433449,0.3981017513146716,0.022704357202845287,0.9035132446846481,1.1736273902102698,0.006658653852183602,0.06964449991369424,0.7440410531070013,0.013708978405427502,73.58610720591484,3.952651806332285,13.063953526849664,0.05299541402497494,0.012631515986395102,0,0.002298773906622559,0.03670214444347497,0.027554673163793664,77.82316653858508,37.5766434303483,34.72912643383562
1193.6810585414196,0.7448909709552797,0.07003775975839892,0.0688692414969182,0.4506361312594331,0.02298976546587473,0.919093125280721,1.178815019406309,0.009940346266586086,0.07005881045198915,0.776794070958613,0.014855372265238974,73.76593604363192,4.038550693293661,13.027909419347937,0.05228636899158651,0.010567931461832582,0,0.00286155420680299,0.0340451687862705,0.026237550064820973,77.36425157121606,41.48236517618689,42.1752035383626
1194.431194766376,0.748290155205598,0.07025149311713384,0.06867974564881206,0.4733929612623643,0.022747898127756502,0.9289220853422193,1.1782615084821422,0.009740252305348833,0.07010554239424269,0.7778462861107569,0.013764944556227577,75.4878362935308,4.060319372539452,13.389357771881418,0.04754964155766048,0.010769791446930837,0,0.002522660653343128,0.032273367595809246,0.029477901652859143,80.06930338363502,39.80735569480204,40.43149490745329
1195.3334323457016,0.7449604301921383,0.06996383132376822,0.06849582845781946,0.4554702068774277,0.02232497697852681,0.9140393925367574,1.1764424515364709,0.009895117094536597,0.0699449844109193,0.7670486771275756,0.013788689208982553,76.04902306217588,4.054540919303214,13.263285788347387,0.03651354214269009,0.010831034903105073,0,0.0032376026112057414,0.03244071656382653,0.03154608964846982,78.05282195306756,44.42227090241992,42.66447169448948
1196.0939391175468,0.8620426960342545,0.07006882548677193,0.06948080368971868,0.47557472217850927,0.021703187068797185,0.9143475107522194,1.1209918730364952,0.009927103607978906,0.06996880693728091,0.7828692130505143,0.014792247866773384,71.8211839986822,4.0778826128053,13.00287771032949,0.03726455168182223,0.011057867044807783,0,0.0026566537350720385,0.032508347487214935,0.03460007442083954,80.2551272209234,51.90267852020756,51.1082922509124
1197.0030903947982,0.7460031595270025,0.069558415470898,0.06998863905151975,0.5314415190856708,0.02043084435535457,0.916121365652828,1.1142164377089738,0.009968545523994555,0.0698227171214719,0.7695272856578886,0.013686982530762254,72.67934536560627,3.839357862506328,12.616001528362574,0.03634503843138895,0.010374715900088524,0,0.00398281101057309,0.02676079141401255,0.036493037573056664,85.97341092928855,58.74766233571272,55.818068837458284
1197.7635971666436,0.8727730840465276,0.06983953638645136,0.07133324219333505,0.5363117904347068,0.020366152788163297,0.9093302673336131,1.1756548552659036,0.009955969955369324,0.0700654557588059,0.7773580319197954,0.013783127192322608,74.71498591464791,4.057963639777063,12.924480922202054,0.03374118555100391,0.00961985104563485,0,0.003443931475687759,0.025715095519659236,0.036049627768921656,86.1842662221052,66.04160116438541,62.85410151018451
1198.6727484438948,0.7478962902482638,0.06997816091436491,0.07094355490482807,0.5047988351685814,0.019951074999675696,0.9090362597158653,1.1669813721514137,0.010030745912780381,0.06976671169169607,0.7699415647172826,0.013351169255498454,75.62554878050315,3.903504893754844,12.81463488062257,0.03415766919919091,0.00902339205214317,0,0.004464969845384447,0.025527742210511274,0.036140042740966785,86.95056908364509,73.5045943651735,70.84904273442316
1199.43325521574,0.8699497457190862,0.0702617253911647,0.07109297292325847,0.4962126983871964,0.020133521999383064,0.8636983986879769,1.1765366854165311,0.010040005440018927,0.07021914102287398,0.7698616557713566,0.013232889331589249,72.91166846595756,3.965481006428089,13.77447393302979,0.03385276647694298,0.009277727547009063,0,0.002997868081473382,0.025592437318434653,0.03568993778780251,88.01461283087558,78.54017552994571,78.03659436519548
1200.3527770398803,0.7494631658348394,0.06968757879850897,0.07106985034156371,0.5162389064857941,0.02037151951404047,0.8588870152316964,1.1603224673524177,0.010099443491871182,0.07012857123949717,0.7808338719305838,0.013232327565466965,70.9041208114778,3.878436951304314,13.302894264011101,0.034084736954406156,0.010200578372261047,0,0.004542573781751006,0.02466337233893139,0.03603996062585177,92.26490842459529,87.30451394977696,85.84614037287926
1201.1271112075774,0.8702022775996922,0.0703958375172285,0.07133307983432119,0.4722345920129866,0.020094314935828216,0.8616026917875401,1.1561569806684338,0.009871339714000966,0.06989905606817413,0.7660517706539756,0.013125589117044631,71.44428034061046,3.973513082247199,13.255545866080263,0.03403250642946896,0.010461717504029234,0,0.005447126326436394,0.024084733220041888,0.03560729185831366,100.03767297768238,92.7653961488055,91.12525892699449
1202.0397193337915,0.7443224305004353,0.0703145108408478,0.07101277677281147,0.492233409270204,0.01929798630523581,0.8201582410211229,1.1155234402654164,0.010225157049785792,0.07048269297826157,0.7319946397718873,0.01227393308357229,75.26953304248146,4.143075147421009,13.103796654064057,0.038779906894870736,0.010318260142699683,0,0.005106361419390788,0.02444517876226794,0.03554439380995528,101.30222993994558,94.47665233102414,94.88083582116506
1202.8002261056367,0.8687386976531788,0.06666720988632582,0.07044326038424177,0.49203620966032885,0.019101975131753518,0.8126533003550551,1.0334361672959547,0.009907546765406786,0.06676284394686435,0.7199264999225888,0.01211934775228898,75.59281807511407,3.8855229789530306,13.191421244522145,0.03990122744862593,0.008849908352706205,0,0.005880921718884727,0.02420259844051266,0.03492437428742861,100.26212085194186,89.78351824653255,93.95919392265522
1203.726661627703,0.747536893904411,0.06691234521200838,0.07030494851362518,0.4753124969653806,0.019058319389068056,0.8151734795645117,1.0440138771115826,0.006652652670382198,0.0670166415986214,0.7338116061042792,0.01188368671056079,75.53002856013721,4.005364541019293,12.782283124540374,0.041362562264412074,0.00898551382926488,0,0.0049442852597089216,0.025055641041337562,0.0355904356599008,100.88271916984199,100.09924868845178,101.89951157544911
1204.4871683995482,0.866513590835912,0.06667257281384516,0.06994119568136646,0.49727803143068067,0.018480029752714452,0.7877480013193311,1.0071318780194658,0.00670910301588261,0.06666142406283715,0.7272970183927125,0.011536561173550626,75.86995797759349,4.003308958490435,13.097849159990384,0.04413387492695543,0.009497087269903663,0,0.005345417325411017,0.025914167461661215,0.0344455152406584,99.89433386655772,98.23881802675176,100.25962324525652
1205.3859491299106,0.746956407971186,0.06656378541528829,0.0682412465089566,0.5521409583442759,0.01857694096832886,0.7917451385480911,1.0246227886518293,0.006591387335753418,0.06667688791553437,0.7293558901121369,0.01111332564550319,75.54073032907107,4.0549384394847685,13.526867171131695,0.04414156113447636,0.00987372241417294,0,0.0045903890372381755,0.02759700239199976,0.03156909787308873,99.94925343138188,96.56851703759499,101.74241825626879
1206.1464559017559,0.8681218714284188,0.06664431719878244,0.06753388377415058,0.4774359696239523,0.01847816670315553,0.7592382731578101,1.0132432228196975,0.00652370641206313,0.06676524143823744,0.7254899865916781,0.01114083955530498,66.09080150479447,4.10065193197815,13.123236163090601,0.0410228694988333,0.011645250798925186,0,0.004626972102669018,0.02660809014265816,0.030770387306040384,99.09051043575734,100.74282958349842,98.37663931745567
1207.0556071790074,0.7411924214428373,0.06601927124626024,0.06672747365534154,0.4579411390650763,0.018504290497855073,0.7671818211524092,1.0150253878409772,0.006853668164860817,0.06654982032015634,0.7651973493498406,0.01110236432932897,63.65211615282263,3.913426131087201,13.085130101415416,0.04154360559887852,0.012881231446192607,0,0.004737806019582084,0.027681598062649585,0.030234293993256334,100.12959363850015,100.6903234749372,98.00190440351784
1207.8230276487786,0.8700268735439743,0.06661133532515147,0.06642707871473665,0.5119572738417119,0.018413778242837252,0.7547583654336694,0.9650442220943438,0.006727704111293146,0.06640523890477759,0.7552019151821957,0.011477349103407097,62.299726783409845,3.891213113859305,13.070303352024052,0.04406649251368666,0.013313787873090902,0,0.0054984496600647805,0.027108718865476014,0.030473235329332538,100.2565826350273,99.77828567169017,100.42588979649886
1208.7321789260297,0.7395082473220111,0.06660992354505593,0.06617412854115454,0.4745771599979109,0.018572065639039334,0.7645028926790732,1.0252138939195152,0.00677009773012268,0.06664027141074541,0.7914626070200544,0.011582029483811644,64.5472529663843,4.050191482513355,12.864555637353517,0.043589637860564814,0.019265729489231186,0,0.005026948564431227,0.02750790229949931,0.017761933590160952,98.10744670172168,98.54073841572544,99.31971650040107
1209.4857719999493,0.8648026072865175,0.06645662433173041,0.06622743810900415,0.45238620834270604,0.018311088903708313,0.7687484083736308,1.0195473742101455,0.006735799756170709,0.06649836686244084,0.7900679423695498,0.011243563741350156,63.75416095597647,3.913434242909314,12.997708008208452,0.04379853337285603,0.019876625446129895,0,0.005011391444128465,0.025116826410010097,0.01760778149354187,101.94440834836482,98.28479877836746,98.0474105097066
1210.4018369751266,0.7397717958595823,0.06680435497621533,0.06596001863557222,0.4121925922145298,0.01821551589106521,0.7637700402223752,0.9916928283129339,0.006853033055291634,0.06673898518748637,0.8101984614901404,0.01107195997332963,63.39897513337051,4.013018469146296,13.21924657977688,0.04423833697754061,0.01134849014479544,0,0.005631366651414611,0.02525438445076274,0.01710684970556815,102.83058346005498,100.32681842373476,98.80208127741618
1211.14851635112,0.7619801681380169,0.06639707569249231,0.06587998283837919,0.4040787162119528,0.018392613342847714,0.7432770311723074,0.967513860909809,0.006675695956714142,0.066665296265378,0.7990677260051053,0.01081489984133357,51.57987192384127,3.912059792350684,12.725423808587351,0.04402456658652661,0.013274200099624354,0,0.005064539544883459,0.024209031394247436,0.010233888031393305,101.24085485698043,97.32419592537197,98.46741793898106
1212.0645813262975,0.7490460688675965,0.06655728110077842,0.06608034466167631,0.30719767630512274,0.018691478651532974,0.7519866520472352,0.9683338977590545,0.0064927905069957605,0.06650266478286418,0.8267365359072443,0.010849736962338544,52.402767617175144,3.877888695111692,12.452921918785396,0.047922346700432,0.019346971922988506,0,0.006108958818743428,0.02363779942778144,0.009416921382405059,96.32285161256333,101.17297498834752,100.9509551623101
1212.8147175512538,0.7559625529036147,0.06657624909363268,0.06620882782146212,0.33118342564059533,0.01885490470505948,0.7630966864508019,0.9692586824672808,0.010057900690203393,0.06656889298608612,0.8173414278172534,0.010828705189962592,52.391217344378916,4.176384638154236,12.704985203508507,0.05261422056042375,0.025770894073685904,0,0.005534569951721439,0.020902672484227166,0.009466849650468205,100.97760373629364,96.81087905720169,101.2019018346938
1213.7307825264309,0.7496007764942716,0.0669604254785922,0.06601256706514973,0.3789526360258015,0.01842862282288991,0.7449700440561764,0.955047485199363,0.00994630634727285,0.06692090800850321,0.8278870646562311,0.010654601019628701,52.84493981918279,3.8524893026281384,13.236034125952013,0.0527038204803284,0.030607742841937964,0,0.005426257325727009,0.02198238605556387,0.0095196797418194,98.61329771682078,99.34557858198956,100.29575605209982
1214.4705482044985,0.7514721639179173,0.07665151128836309,0.06656517704314267,0.3358729047358229,0.018624133320351413,0.7498259096500072,0.9647808556149802,0.010097596065640828,0.07624630078978922,0.8093319376951335,0.012450070854305644,57.156654873364126,4.100406866606514,12.493314197095156,0.05576335733093366,0.030842954409618362,0,0.005767339750011519,0.01983992949010757,0.009831767181531167,99.06408336063635,99.53931561789614,98.14614342269186
1215.26216661701,0.749395399760697,0.07691512012392561,0.06891189403015811,0.3154327939415373,0.018980197229684914,0.7395282232713419,0.9855478243948215,0.010003899826390683,0.07676284792072996,0.8051382720527192,0.01078898338904505,43.553603654490324,4.191943228212316,13.281822845174355,0.05507863483826127,0.030399105754595285,0,0.0056965479858762415,0.0209917684434459,0.009677434609334566,99.72320274034072,98.54677219978386,99.21668646110614
1216.0399576336702,0.7476902235290819,0.07696199088704646,0.06897559797798417,0.37424987723966785,0.018394476010635413,0.7177320036838828,0.9628296665478182,0.010144182059956913,0.07659022669204638,0.8067474923161955,0.010775425464730991,45.258467935863386,3.962304908765324,13.407440091278529,0.05585651661300973,0.035014781598593885,0,0.0053539239576480555,0.019509769663947008,0.01062682788647146,99.38845216028946,92.584857573503,91.05641856470798
1216.821205499293,0.7503057783333226,0.07652345749494836,0.06965834495330189,0.3235073787847273,0.019080274760439542,0.7351274196983485,0.9924237384773995,0.006705943000538536,0.07650002013059014,0.8124331190513286,0.0108629181305543,56.387400521138346,4.058681066571093,12.935020744809346,0.055501879541924856,0.03497994197243379,0,0.0048503791935056995,0.01786604015175376,0.009414657563632554,99.93992425708826,83.8296169940265,87.08805389115432
1217.59553966699,0.7460812642747606,0.07680923527626542,0.07346561071738018,0.2501626444098296,0.019846655403919472,0.7276501532258861,1.0083801738181275,0.006624616245079595,0.07624016404946216,0.8119696840742947,0.011041961526359105,55.69682454867779,4.029260690618792,12.750135337394935,0.05581549487668921,0.04055867335261938,0,0.00592030176005604,0.01735704982666596,0.009043102897697285,91.89678630622622,78.10523815052974,78.12098215087883
1218.3733306836498,0.750531184168887,0.0766407462439616,0.07473304042825765,0.3308667232512263,0.019988051065829557,0.746105387347589,0.9895741004660098,0.0066046232735074645,0.07640057304478046,0.8058452858296833,0.01132415196932251,55.90477550269328,3.991325528974197,13.251646311758698,0.055145445622124756,0.04611564294818674,0,0.0044935547158123125,0.01713398269947563,0.009299399941570252,84.79883376189515,71.92615858034053,70.85176387089967
1219.144208002384,0.7503512351106016,0.0766654292077197,0.07546470983261522,0.2984190333048586,0.0201237047922165,0.7873257250760791,1.002834018200623,0.006691174183890707,0.07677902089100522,0.8104066912674774,0.01121753924501783,56.25051040255811,3.969939944341282,13.048659862986879,0.05541539688620433,0.04626445887246194,0,0.0031845094071948936,0.01743378649053711,0.009731798257345475,78.21556436889121,66.74529508138457,65.16836428440305
1219.9185421700809,0.7504504498628928,0.07690143036608905,0.07728206105380248,0.3134541903206353,0.02020482439626009,0.8160661659343125,1.0440218218384574,0.006593317653696547,0.07653690532857672,0.8229812123694354,0.011835927367825691,57.99884912137078,3.871386289917771,12.935928926099766,0.05593235512803,0.04599237172717643,0,0.0037108865737455875,0.015918804070833407,0.00997456090950288,70.32922344961193,56.49951061389794,57.21584835806166
1220.6963331867407,0.7484065577949797,0.07667047710806271,0.07710661085301905,0.304774413423167,0.02017214996970797,0.786905818288578,1.038664503926193,0.009966045448200522,0.07648203618907694,0.8163987845622672,0.011334378672875952,55.19438880885589,3.999333214443969,12.874672662918684,0.05290334557789312,0.04612156413628023,0,0.0025625096770906445,0.016201994049754823,0.010699725563123952,65.20295147335483,50.77502483754951,51.9889664432395
1221.467210505475,0.746032006981267,0.07020737787745722,0.07930213244171563,0.30692788823386896,0.01993075642211972,0.756047654576866,1.0226760397632733,0.006869258840337402,0.07049280124238737,0.8091917062656793,0.011532434534851158,47.614206343407446,3.958606512231697,13.147321929785074,0.05062528444293772,0.030549223423875616,0,0.003277666250875617,0.017888508243287086,0.01016467098682712,56.09903956110545,43.34056449611021,44.31020820516594
1222.2519152200607,0.745146575090893,0.06680995856438711,0.0798411026149924,0.23287642684259904,0.020242708338918114,0.8232355959188814,1.1525071697555285,0.006592839130883704,0.06648260818001643,0.8092083500970765,0.011607920226598168,57.65014524943925,4.06897085022852,13.286240855145445,0.04866543099044304,0.026073086496601304,0,0.003669674235332656,0.0228789328610043,0.012191992584237532,47.935258212207515,34.07458388496065,36.27801938443548
1223.1541527993863,0.7491551876351756,0.06669197564404625,0.07975727227053372,0.2828386485102716,0.020258694101743503,0.7535146357197466,1.1547914694947128,0.0067144342611716945,0.06717375353897007,0.7827452796972084,0.011303071207999815,57.54848503576131,4.097456820646177,13.614360654378746,0.04857433062018725,0.020801501147858156,0,0.0028002724283001964,0.023156622045521352,0.012721848342000476,48.72020724950233,29.288454243553275,27.91017553113652
1223.890461628491,0.7489347735146425,0.06318511921157795,0.07975482146140571,0.3454990964903373,0.019893739451894932,0.8238584129498662,1.155941691720846,0.0069536654018733275,0.06307046015056603,0.7083526392441393,0.011392260100281907,57.95626577083327,4.148921661610045,12.570432836531658,0.04990120758561268,0.020510521066815463,0,0.0025308570337225925,0.022670472027130524,0.013778509984739121,50.999025725917804,27.40296051230041,25.992937383724453
1224.7857855098905,0.7510989877759991,0.06364307307622734,0.07931765544816845,0.28097926109377797,0.02029710598230429,0.8286721714446578,1.1720966974581983,0.006722955067229353,0.06313958797778234,0.7200761293870003,0.011374097952180922,64.1256961416208,4.06133741199264,13.136253712777618,0.05030860032071297,0.020500344866824744,0,0.002808017877473569,0.06089231681289231,0.039233207683217024,50.36996349850491,27.51539597165956,27.031215170178932
1225.5290080369211,0.7429515317622867,0.06328110384482319,0.079258416295482,0.2535235791754087,0.020666714753848025,0.8208325205304836,1.1792950486726141,0.006718748103902123,0.06372850721016789,0.38836743146371905,0.01291087314022903,71.05665962959452,4.0600935390743995,12.633651684125988,0.04899552469814129,0.020261901904376625,0,0.0020257814151425526,0.059337257835264265,0.05881344461269747,49.32907755070586,29.641467863466605,28.808512480410865
1226.3033422046183,0.7595297429535431,0.06388253843981245,0.07925570048419142,0.30509697712543854,0.02086520723699458,0.8396040061554085,1.1811219162465691,0.006491944230005579,0.06311094399536346,0.2774254020800007,0.011307158497759326,59.21151256427463,3.8811844436326486,13.325098652045869,0.04903145711576165,0.015118574401926316,0,0.0018940329715715597,0.06298223703859816,0.06014114248568051,49.827646318607215,30.176871076223176,27.333583773938997
1227.2124934818694,0.7498796810965775,0.06675733086894889,0.07929478398304962,0.33866145522435964,0.020916700380125455,0.8565543219012182,1.2133371071887122,0.006605221178639933,0.06653527139760385,0.2712884306028762,0.011267722276410517,71.94908187228167,3.9989863155726155,13.076728288638154,0.04882451626225406,0.015199584825960058,0,0.0033734839940827745,0.06406850312423532,0.06827277437123996,50.41145656313666,31.208136786830856,26.290870568850664
1227.948802310974,0.7463490954069425,0.0663674157721786,0.07865624450181252,0.3445363109739972,0.021131283912269448,0.8727711551816286,1.1738937898072155,0.006762364227827661,0.06684756221786015,0.26385907138617226,0.012868767702615925,72.69521399270636,4.034140125221269,12.876346772182456,0.046281210781819376,0.014443754708584857,0,0.0023467329149472376,0.06314526363734511,0.0695764775968045,51.50916288880615,37.22253431245446,35.8069141527925
1228.8510398902997,0.7426391799794587,0.06670672221457201,0.07840076663924965,0.38670290891825615,0.020877704286043252,0.879076651760173,1.130903995714378,0.006799869185723261,0.06674231317378519,0.26534185978690433,0.012865193371005416,71.55948145908867,4.078690669903162,12.922696920368583,0.046317749411529864,0.01470574549207419,0,0.0021070148124499345,0.06350621928810592,0.06893209714484408,58.429125644551796,40.88027628863735,42.168025876770926
1229.5942624173304,0.7432835753618409,0.06662039995171681,0.07811216660951609,0.434219483898641,0.020829080598797886,0.8981014618286487,1.1748047532734276,0.006631627627382751,0.06660168569355263,0.2661725132051364,0.013329193466987148,71.27951059888714,3.9048691660616184,13.04904226245963,0.0464036051138094,0.01481614836845194,0,0.0028332051753339593,0.06323425848566949,0.06937889912104084,64.61098131747123,49.95710019350547,52.09610975604082
1230.5034136945817,0.7472363982491526,0.066655991102127,0.07810333346544551,0.35350417852316973,0.020982862372150503,0.8994285753765873,1.2114166170255616,0.006448959409626556,0.0667034705650989,0.2629833741803619,0.013248859995287125,75.31606526908475,4.164463990022894,12.64215571006612,0.0470545154558172,0.016892635298373995,0,0.0037042894440959505,0.0634389176620584,0.06902993901505661,72.64874273450064,58.68872478696258,58.97720313546852
1231.246636221612,0.8708600422070586,0.06677725856830048,0.07818004590698953,0.43767272508962524,0.021169646435556768,0.9010468465911257,1.190922980964464,0.006685761715016034,0.06641819748345493,0.2642155860804258,0.013226293485153078,71.86668258332439,4.060089041514089,12.5334300591762,0.049644652138497954,0.015293860116692547,0,0.0039518941643252635,0.06221402980899431,0.06903015739211689,79.5217811037053,64.81412896783111,64.01626871915802
1232.1627011967896,0.738624067896213,0.06677385428830436,0.0782857284700194,0.3717447884132336,0.020835050859958203,0.9035122328620804,1.1825629281278551,0.00657735396817448,0.06663337344037888,0.2797212584178902,0.01335082734348465,72.5139278070724,4.025836169501022,13.02599067449953,0.04578966054459888,0.017035972287162568,0,0.003804137487846375,0.06404862554621389,0.06963783414322065,83.8503391603538,72.34547324974477,72.01233764882015
1232.9162942707087,0.8704950835687597,0.06665769888687284,0.07813281411337518,0.42503068465092325,0.021518381389854242,0.9030737993315061,1.1594265449846983,0.006531405109604282,0.06683891554809607,0.32694978775412437,0.013501386763184187,71.54258346582358,4.1063205630291675,12.332271191072246,0.04065883222790871,0.010040067307859266,0,0.0048865678362886005,0.057862823331217235,0.06975140546608137,93.35679666603384,79.4755651448398,80.39451399983385
1233.8427297927751,0.7445621891165851,0.06652093422617969,0.07822812979391308,0.3951983856998936,0.022463644308312665,0.9037609803148413,1.172632826419824,0.006767532882824489,0.06617554657632436,0.36862746482864656,0.0167763130987768,72.776695488928,4.020286656944336,13.057733242690093,0.04103137759346829,0.010417441432050848,0,0.005604615920470189,0.05724132426242666,0.06893528251694045,98.79298113076597,83.9417679734067,84.29900172705146
1234.606693413583,0.8789451363056296,0.0668662756660121,0.06664492915114656,0.37905777612085345,0.023183248460414356,0.908509510637326,1.1907045405866545,0.0067053663646872005,0.06657364036935504,0.6897996295334212,0.017788545217399008,64.59267409871804,3.9738193548752867,13.161027912394669,0.04592916262562163,0.013576941042825346,0,0.00644391407318262,0.05578971301057775,0.06814789711359125,98.52593054697458,95.81572718956394,94.51725493163437
1235.550413180464,0.7474964358650733,0.06663004682646094,0.06697463340744694,0.4076790244551203,0.023167223071944576,0.9669391326236,1.1854610014578904,0.006696888600685023,0.06641838176837271,0.7778371705825737,0.01790758362662231,73.00627298166766,4.207068118352327,13.05120759999046,0.04609111841489684,0.013787321488688633,0,0.005231050020216953,0.0566711171294536,0.06647842500663001,98.49115429869356,93.54534091266562,91.61260765872123
1236.3109199523092,0.7726609076746651,0.06649489170102969,0.06676862648482383,0.44488654747759254,0.02308424680874925,0.9595171981260506,1.2014242184343775,0.006531939971613588,0.06666187737920762,0.7981292201726586,0.017940524005916777,76.15320077763084,3.937843866736314,12.501227248745815,0.05335099846382946,0.013112380257143584,0,0.00644020540777399,0.05545583526554207,0.06681438114371471,101.4804215368582,92.28489763470142,91.9901506889673
1237.2373554743751,0.767308717949525,0.06684209944551639,0.06625728607996065,0.4102719786452214,0.023057577681123365,0.9733656931120277,1.2052981011284494,0.006715273779333493,0.06634610724473822,0.7985336744924733,0.017642773798091805,65.84876057632091,4.040693149536122,12.676146925963094,0.05245006547338746,0.012954060684913752,0,0.007059327348694266,0.03337527467068181,0.05300518778556899,99.97214560059031,93.68850125150493,92.13514606503864
1238.011689642072,0.7718215058142971,0.06665272749174236,0.06683042997680956,0.38474259401445965,0.023095664230221653,0.9435814699691861,1.1981298711744546,0.006614093845392549,0.06630383512534947,0.8047528697351761,0.016625409004160308,65.55787960479981,3.9507754240069493,12.833970246067844,0.04582476187277608,0.016189103253736622,0,0.006185777905588927,0.025420353480122507,0.021223302018258706,100.12685979219647,95.05063314723793,90.98195561259679
1238.945038862064,0.7626921269182905,0.06683306220495287,0.06699792246022392,0.39021838170755363,0.02311928812449561,0.9466224713314657,1.207398580407584,0.006586400485060926,0.06688229372622438,0.8041301093762595,0.01678423667453379,64.75651309399939,4.0796496036894725,12.76148083816676,0.046712277278206156,0.01643707761543551,0,0.00680509966588812,0.02375189817852374,0.019706358602666816,100.33374353777862,92.54795641171782,92.8508811464906
1239.6917182380575,0.7769260404440981,0.06625763223159743,0.06652219063105065,0.38937352143660947,0.023086325496507087,0.9369628769399578,1.201085985245983,0.006584003669565565,0.06671204462290546,0.7946617406534981,0.015941840838928877,64.76597031915372,4.024015474569758,13.092692805112518,0.04575001982922053,0.01614285158386473,0,0.0063407251275462125,0.01691725113530996,0.010337111772395215,99.79897523196648,92.85715978187227,93.52341746851606
1240.493707197458,0.7707138113829824,0.06687472655403663,0.06674314332020773,0.3773886010751853,0.02334662824585642,0.933128180364061,1.2032921402537489,0.007038394020627079,0.06655552394538157,0.8006270731851797,0.015638617574622093,64.1248536433621,4.078988148348969,13.056235133158308,0.039875855917254115,0.016142305529282752,0,0.007163407485406705,0.016761914080606302,0.010401317753503664,97.87093768860699,88.08358663431642,92.4113192539743
1241.2853256099697,0.7727653100283759,0.0663681337932783,0.06684277586075299,0.38378392847476595,0.02316170626373454,0.930853021194418,1.2621906882486231,0.006460316525095958,0.06654365343163886,0.80280746326971,0.015349228908392618,64.67174810319858,4.083061685623909,13.249361631246545,0.042082712824483816,0.016108400400697755,0,0.00629987803008158,0.014883357228685074,0.011440278851228584,101.10021636669703,94.71847420160869,93.78150506585854
1242.2255885278873,0.7739262877407049,0.0666136204622309,0.06733529987843856,0.3995007465418066,0.023181128958380683,0.9512628355811436,1.2738315563037392,0.006613933532796879,0.06689490113912964,0.8214034455405909,0.015413317734820601,62.30854576259483,4.060640831937782,12.912636416411331,0.0420793657182852,0.016297084154517315,0,0.006574996120720331,0.014263828792835718,0.009768408203411613,100.97573891224735,91.77892988655566,85.21353921476076
1242.9895521486956,0.7711849249172829,0.06671191503841388,0.06782197354954048,0.4104241112357207,0.02329062376503215,0.9386820888634234,1.275530920261979,0.006748938195481067,0.06632008324007942,0.8198338297033079,0.015558778452565893,63.13592052947057,4.034240891722333,12.987584764798369,0.04200257224001537,0.015711597336981034,0,0.005762854127759217,0.015955529827236987,0.010266362742238131,98.12506959731303,90.56520483686019,86.52541004139037
1243.791541108096,0.7688147995321543,0.06681689288847709,0.06737995169982187,0.3774315256925091,0.02321845350581422,0.9407106831027278,1.2624798595797182,0.006781629579981931,0.0663693235687434,0.8196761473496353,0.015381674297361314,65.02598689729226,4.035703564658448,12.79061584865142,0.03984256237013203,0.015895674205461,0,0.00561969374459784,0.01662397352952801,0.010223372005284047,98.23516805135259,94.36702453933827,85.95597998613876
1244.7214334791252,0.7751449312446006,0.0666269114224304,0.06813986861448312,0.428519006159197,0.023788657250894688,0.9512351454427619,1.2832748354512533,0.0065136150179592065,0.06656225336865312,0.8815084381338243,0.015562746730378874,63.86096318246255,3.9207120389328822,12.268195167227294,0.03678274513352498,0.015913847073510193,0,0.006356537302433021,0.015647771382501622,0.009942062710491159,98.97559710906422,87.15447667245816,77.91344547068641
1245.499224495785,0.7718907414747213,0.0701339021545676,0.07087651218982986,0.41333242231693174,0.02312485844602969,0.9351262655295782,1.2618199025959866,0.006802694654725523,0.07013803945801227,0.8758416770421547,0.013706746262819758,61.633605784383334,4.02831440114478,13.10230556362064,0.03663509292506773,0.01566219651098871,0,0.0063339310198398625,0.015697151978478253,0.009954581613098932,98.75760024675537,85.34593859748004,78.71319254973216
1246.3012134551852,0.7727222456879389,0.0699840820364338,0.07065441065892702,0.43273469485841515,0.023378113158965014,0.9367936942854735,1.2675628957683451,0.00664070345045327,0.07022304449436265,0.8760903171824326,0.0127918425345425,64.68795137311923,3.9601734070526717,12.630269286443662,0.036913924826513386,0.01651830306715497,0,0.005412857115026292,0.01625873280104725,0.010066910009647522,98.42408340103842,84.97688836054103,76.47695058099457
1247.2345626751774,0.7719814475133775,0.0697121906884747,0.07131907442998646,0.4232732852495788,0.024568276062732396,0.9430773082520585,1.3289272211895,0.0067258709499837645,0.06989629389498872,0.8735867947049191,0.011717771815769286,63.86791690699632,3.9729366156873245,12.803314663194062,0.036936252117673554,0.01584105760509043,0,0.006010967227368637,0.018562163465780476,0.01213404188155873,101.16878968465649,79.68476067506525,72.3840124666354
1248.0123536918372,0.7768051804590418,0.07355324021617263,0.07156301641246386,0.4223123789188362,0.02447570086145227,0.9509723606580518,1.3081204952144645,0.006689356749793908,0.07344847847339192,0.8521436699770089,0.011701039264308892,63.473114868341824,4.052559294262513,12.921887030667337,0.03302682939452287,0.01558004755269407,0,0.006121013440570302,0.019117046464102866,0.013468174824417749,98.9075472465622,80.00485355767802,74.40080404718267
1248.9664440056065,0.7719198270912819,0.0731288139333181,0.07174686014143634,0.5213304070990581,0.02444867706716764,0.9513631333313397,1.3103693949296624,0.006761743316890575,0.07326209273657962,0.853675343804106,0.011848736141463008,63.885433353726626,4.06274017389836,13.111528225687612,0.033166212193476194,0.015200126541163605,0,0.0060460943157558625,0.021786344517249544,0.01505043222686371,100.76331476236597,80.03658211557486,69.87796422280482
1249.7269507774517,0.7732880131814479,0.06987251026881576,0.07137876042997601,0.48237504350423654,0.024219240460414085,0.941755597011736,1.3681560985825516,0.006540697768481864,0.0694857876842986,0.7657269439983102,0.012443148746933648,63.38288733890585,3.9676458196273847,13.001330418160952,0.03673652669501347,0.012784702919915816,0,0.005063156618105913,0.030911353479039755,0.02115532355109133,101.59034352275224,80.03239035014401,74.77666874789458
1250.6741273932957,0.7742795694359215,0.07326771149167084,0.07267488048439204,0.4809043182921277,0.024150347468153165,0.9533118258369794,1.3003713734838434,0.00673850095399803,0.07310882689261564,0.7553369395718253,0.013204717842177097,65.21203976710304,4.040574607083123,12.778836436239027,0.03335077622226676,0.010259065750848983,0,0.006077664977697652,0.031371428112087464,0.021011961635863677,98.5934600099313,78.00022116823536,72.79477636261946
1251.4450047120297,0.9007694168924673,0.06988936976497026,0.07339370115759186,0.5804344499126397,0.02354530474725932,0.9378193192519654,1.2506936339589487,0.006538387106745892,0.06995622163155564,0.7342443671555905,0.012505577949866994,65.40506200477613,4.082049884403039,12.900484563406003,0.03123450589024353,0.009983838287125598,0,0.0060490786939417646,0.03356483296199742,0.02331607659955738,101.05607276017564,81.3462715351647,69.73577972710214
1252.3852676299475,0.7535628609182605,0.0737360726994887,0.07340756098697002,0.5502802343987511,0.024079213517654203,0.9274025754387984,1.2931552226419236,0.010245704373489189,0.07318489630749128,0.7500307291983231,0.01242173282417629,68.19355091283084,4.001090336671497,12.789490541892482,0.026103467699142114,0.012292138118249947,0,0.005502911398263639,0.03541069642760313,0.02224881921641425,98.97193184821344,78.83774271990077,70.95966835594776
1253.1665154955704,0.7562854235539535,0.07336929943094016,0.07338729668497299,0.6706656991643566,0.023860006374592277,0.9342902246648017,1.303812030993537,0.009991998566681861,0.07329624841180912,0.7359142550412935,0.011959421270184825,57.76940181764555,4.1675475335653065,12.675888171312478,0.02639380295993899,0.012950619282421012,0,0.006362967171425588,0.0356243547717828,0.023367714782828772,100.62375751639676,79.30067309085148,78.90721811443457
1254.103321564525,0.7573131846859589,0.07372383912925366,0.07419782355026765,0.578090292385643,0.02266791935563722,0.8868346603598583,1.2250124776361857,0.010039074070429857,0.07305985156716102,0.7058226911815024,0.011903384287032767,59.1132787097243,3.981114104577721,12.372815641701093,0.025699892965110507,0.01662016244879671,0,0.005635787952177187,0.03567680506845455,0.023865499744356554,100.47892548802008,85.94571493585424,85.58400360797576
1254.8811125811849,0.7598978420820335,0.07028294642732542,0.07394306524233661,0.5573733119839279,0.022801055067207466,0.928456214638182,1.3001918412552371,0.00998314957718125,0.06993636575644654,0.7366519710101003,0.012009832834929297,59.05519846779954,4.0067017339041096,13.326029946016481,0.02488294615820571,0.01269552222724518,0,0.006160304969204517,0.03646423690150096,0.024526736454458464,100.54858708508084,85.47359366929061,86.10591594265712
1255.8317460459916,0.7574033801485577,0.07033445325854587,0.074051990797903,0.6032792852893957,0.023842226229359425,0.9504853496688218,1.3356005138773548,0.009874236155188836,0.07017780891559168,0.7498828046027516,0.012061091332235756,56.96058161463657,3.902163169586958,12.580880896271962,0.02615933366737053,0.012704873760247908,0,0.00493125224602773,0.038254717705628216,0.02432215387756396,101.15874173519009,86.12970215732368,85.16196113519749
1256.588795968874,0.7785690077711162,0.06994727948921634,0.07389579865253261,0.6430949976697379,0.02357086903953904,0.9327652527981941,1.3375513068301281,0.009596849789702901,0.0695408890565936,0.7523257080076723,0.01198113704894007,57.68368429940413,3.9641359041600537,13.167969908252383,0.02630374141022118,0.017183743357617656,0,0.00533425606955381,0.03779652770554544,0.024215492919262838,98.64605176526008,86.11457631165598,84.33597681425464
1257.3735006834597,0.7744898336735753,0.0704766128084469,0.07376191199040613,0.6337223904459862,0.023709111985729874,0.9329268983787293,1.3332376258416085,0.009968869332506727,0.07006407610517013,0.7504053647154506,0.011893375452444907,57.82670779130445,4.020813150286384,13.446619788946748,0.028195622740885183,0.016237313959179753,0,0.005833889003742664,0.038394214647135876,0.023746702714944452,101.08818501159728,88.56986626835261,84.83365866375769
1258.1789464918231,0.7774366108991144,0.06978441128029413,0.07341733353004662,0.6520768148714142,0.0241921010162172,0.9562643842210232,1.3322116535173545,0.00991207473318313,0.0697556957813101,0.7854261827942245,0.01277109381772858,66.25556026755872,4.040023957913897,12.900574065443287,0.028227480867148266,0.01584086060733109,0,0.006166881074681035,0.03849339806978447,0.024165360877780987,102.05937588937162,85.28713186639179,88.20836167624053
1258.95328065952,0.777879243120363,0.07352732984217414,0.07323336943951798,0.6010332694601519,0.023694096521248948,0.9595897299045695,1.3287305470330044,0.0098526691526338,0.07339656993009683,0.8209824122207482,0.01312034972210091,69.29289790189789,4.113125439851006,12.726311719490614,0.027721026275799282,0.01571040985268266,0,0.0064945641805550375,0.03824595148405377,0.023678323935588226,101.78057678746733,83.86497298453787,85.46633771652186
1259.7794675616612,0.7765113790355823,0.07028766150580024,0.07232618018348637,0.6449827153702364,0.023601182033950736,0.9709478451829707,1.341058180513188,0.01324281820082399,0.06987797486015744,0.8310807086208468,0.012034028077484254,67.13701848858624,3.88175445502501,12.640827941187572,0.030104407250083714,0.020500562357163486,0,0.005496168534439174,0.03668951043024981,0.01959000002953676,97.87620811951939,78.11834887240337,77.48568301225143
1260.602197614839,0.7774909034707528,0.07342675272416548,0.07130940119600289,0.7378290784772931,0.02353114252578328,0.9749188676211687,1.3420154817765104,0.013350888092481758,0.07310057967680524,0.8287582358308557,0.01157616925365841,62.85930320070482,4.048258331292014,13.01359148849174,0.03339266694785971,0.02002842909640771,0,0.005504372031094575,0.03765475201380178,0.019401209351367264,104.32734860484405,69.69436629541147,71.58439107035441
1261.5597447775713,0.7805259396743897,0.0731413764096962,0.07123687947801408,0.65779970712142,0.02267337334477479,0.9926363401784905,1.3268862153732206,0.013331126718263562,0.07346472899992255,0.8331488943684816,0.011608823287326564,65.93851056805094,4.188881195036884,13.53915030384021,0.035255025098949004,0.01988532767833993,0,0.005838092772698336,0.035962092447052126,0.01903486013995512,93.59692992346152,64.72110999500512,64.09983594410569
1262.3271652473427,0.7931076332895634,0.07334839508576821,0.07133045237439746,0.7022797585415269,0.023588828650160095,0.9922878725370744,1.3139952410213485,0.013272628030531877,0.0734757746101183,0.8719220577623014,0.011660276265651243,68.23729217998466,3.9614066753504713,13.094366057741096,0.035921126079673404,0.02435925012879975,0,0.006178482567739141,0.026231490742913796,0.008620151001729024,91.50897993075341,60.79477252670234,64.62181619160938
1263.2777987121492,0.7976350873339842,0.07331464313069529,0.0715803824174623,0.7606407011912389,0.02340144193410683,1.0144879857789895,1.3247682005917916,0.01346006356042614,0.07276463203805636,0.8657284070431838,0.011659341885319743,68.43448360924715,4.036388714386702,13.300319764355569,0.038049129189585085,0.023755409253829712,0,0.00602081226134626,0.024778988809612396,0.008518487076364606,90.30724381354105,63.04902331043578,63.68589369630608
1264.069417124661,0.7977740543909466,0.0729682849778857,0.07105689376111474,0.7025307410673252,0.02355993717382424,0.9950445956327618,1.315367681366655,0.013253664826379784,0.07324110909581735,0.8756887114973366,0.011677186340632128,67.8509425446648,4.074392866197882,12.772846091960485,0.03764004661500802,0.02384259135103051,0,0.006289672282393375,0.02055310009429045,0.009253006365090511,92.90871486711619,64.14233286350284,63.613971069673205
1265.0407916832448,0.8015089585813535,0.06988065249131455,0.07127054917250955,0.7633573193607148,0.022837395974228552,0.9317859674482751,1.3079995915378773,0.013497308318325388,0.07010703879469493,0.863997514670357,0.011174492233492705,65.65965761393369,4.05372491470449,12.730201390749306,0.040458501967515326,0.022439044669071363,0,0.006124987985786399,0.019571407355002474,0.007561752383115377,93.4422606027519,64.33770750399869,64.31932081897865
1265.8185826999047,0.8090416387709859,0.07007465185010933,0.07111887607601672,0.7391380660570684,0.022986030818819836,0.9929097031434295,1.2970360605227294,0.013199944526231269,0.07009032066240962,0.8570137287135461,0.011692420219281043,69.66617037223199,4.023797505707497,13.719912148017693,0.04091430925878116,0.01588237235240827,0,0.0063053117986603775,0.018228757808863585,0.0070369564919244895,94.96926528852057,65.54419445392006,64.52371116247843
1266.6551401489348,0.7912441111051396,0.06978202844399563,0.07109045776896887,0.8159405886416552,0.022339004159580563,0.9331308418383364,1.3057111109447286,0.013348166195887147,0.06986487167499225,0.8316413584909476,0.011327188214751161,67.71462134015131,4.016753622044435,13.102516599159413,0.041074648096120984,0.022709539016817677,0,0.005806963662596613,0.01731630568563996,0.00858857184218104,94.65106888035285,65.79867726432624,65.26424801932023
1267.4916975979645,0.7933451975676394,0.07024297193039561,0.07098019499644052,0.8002938913792419,0.022176541216963858,0.8892386087163449,1.3182792773547918,0.013436477153425611,0.07015466360036139,0.8233351151746823,0.010128374737156293,65.10755314589964,3.9243152976313653,13.070451361748507,0.041727750711334284,0.022996187345810343,0,0.006061874306448541,0.014018007833107924,0.006963093250610036,92.63754730856984,66.08883696018957,56.407792172038576
1268.3109708021793,0.7875439029602961,0.06989351905929696,0.07152849668030248,0.820380510764074,0.02222526461090813,0.8859592314394885,1.2835027981046274,0.013252374838186594,0.06991509343963047,0.7821603987202015,0.010079346039131423,61.8987454417818,4.116502167721604,12.878293017171188,0.0416542993666379,0.022662462165455043,0,0.005659388948972999,0.013862727069575316,0.007325842566457528,86.08355732656997,56.29219545185682,51.201289571062446
1269.1578987980981,0.7911569744666376,0.07022211097921417,0.07112249058868318,0.7649851652064809,0.021984440848504913,0.8588077082188922,1.1843099977007867,0.009826610027776217,0.06995417254435123,0.7808230981150753,0.010837771522302047,58.88843849219143,3.9738307326332465,13.232509723028762,0.04216901653090536,0.019545135488507177,0,0.004109661238761376,0.015642576643153213,0.007570505465711062,87.72952968623059,49.61540943745096,41.76503205583179
1269.9598877574986,0.7972881211953463,0.06656533403768305,0.07134493666145064,0.8095523943139911,0.020861461878190855,0.866899296820905,1.1832237615337917,0.009871863684715968,0.06661649762483568,0.7705190313107447,0.01122055316273335,56.2980310713909,3.9514353781006086,12.703842591534675,0.04185283313270784,0.016907114995504725,0,0.004144907838074724,0.014161952928694614,0.008882974570521448,88.78156801988136,48.01585014231899,41.4148747180711
1270.7687904148247,0.7933762008837278,0.06665500811042575,0.06984552918578114,0.8084990758388789,0.02060155200137757,0.8496925833030136,1.1765460186058039,0.010114880133823844,0.06689955753513253,0.7186558658928139,0.010130208750876392,54.955748131115776,3.939824288877654,12.897773626689549,0.04254154752600004,0.017226928395561513,0,0.0032808468019062563,0.013073075059138486,0.010256788062854153,84.81124222977566,53.74231906243942,42.92190786542305
1271.5811499211143,0.7936181772979387,0.06703777353378666,0.07035185456494851,0.8201688032930317,0.02030417629789286,0.8386654886726546,1.1612936238660956,0.0067424738066040844,0.06666866891421011,0.7220034012571723,0.010306868299216098,54.301624524457466,4.0320888307932625,12.986582799540827,0.0430751812477079,0.015072849072048112,0,0.003733076753361742,0.014390940647881838,0.013470883294950444,79.55157007772134,47.61453274895627,45.20614729032586
1272.4038799742923,0.7953138466855,0.06675437189240635,0.06929506204025523,0.7639330089280187,0.01966385271973452,0.8222300365613142,1.181487790144483,0.006935647089409079,0.06675041443776415,0.6990740145799721,0.010091828849807333,52.15290257042418,3.901014148436222,13.515161146164138,0.04253091438986179,0.012684721337058377,0,0.003853638196358402,0.015298638393309062,0.01470656733297838,79.80500876345907,48.83482306738237,41.93421700602043
1273.233523725396,0.7895157667387739,0.06354472877965547,0.0680234766252914,0.8026687478528249,0.01878349677407517,0.781336600824354,1.167721493989078,0.006500426947231814,0.06353405926355002,0.6558461173964405,0.010219691351917342,52.21422202310453,4.163282609862833,12.83213856491087,0.04267986350581983,0.01263264714676274,0,0.0032788504357988764,0.015894958459733537,0.014650030298066292,70.065595587096,49.79060418704948,40.67143833335873
1274.1910708881285,0.7895167702985812,0.06318495201227971,0.06817759578386524,0.880458773689016,0.018837279323749526,0.7812681366815254,1.137111361536569,0.006712071057364188,0.06332444170151487,0.6581713814984335,0.010150353380009336,52.314551315668886,4.024403188882082,13.266387049782862,0.043047110987108915,0.013410405553432116,0,0.004186072705786224,0.01668225481774984,0.015637938556259567,70.37829967220215,41.78718468121295,38.981367267858026
1274.9619482068626,0.7877403150096994,0.06384010081161202,0.06741926985370494,0.7388338745388793,0.018739239456656405,0.7872133290829934,1.1273337265119254,0.006736704578587154,0.06331529859332392,0.6454710413116101,0.009981746558300673,52.3351521219823,3.8436172377826243,12.71537980272533,0.04280329949309098,0.015203362472651045,0,0.0035126173634160564,0.017046147913962754,0.0153151394755879,69.47503738464542,42.74193867283997,34.924924282121765
1275.7812214110777,0.7936377322301161,0.0630575861023972,0.06635218474116017,0.796482458772052,0.01884392878681383,0.7925335914542654,1.1416303195030868,0.006523864648233609,0.06370666891389927,0.6452783670773089,0.010065440835464541,50.27980822582808,3.9644800222809327,13.415363395174145,0.042622793809255016,0.015127565168423113,0,0.003469764651290354,0.016470124449951825,0.01592884171897919,71.89174127173774,42.576209090026865,35.83431968460418
1276.5970377663295,0.7981651588547514,0.06330940763877693,0.06558029673576304,0.7630971792292862,0.019641690767102888,0.7978156483881105,1.1598208490384643,0.0066738655660940486,0.06331854534381283,0.6782827320657825,0.010167275148469131,50.49865335164663,4.086392730691699,12.124849437724286,0.04285083656520613,0.012969468271721376,0,0.002289173299544943,0.01594118808223717,0.014252997381753075,71.14678054874723,34.9327695217073,26.87045566288734
1277.4301383663967,0.7946731810565889,0.06340058756257641,0.06532901223917682,0.7901665791870973,0.019411527286632032,0.8047194740268183,1.156531519402251,0.006476379239649766,0.06349865751259641,0.6765106653426203,0.010121648407837467,50.70140270632386,4.204312974826451,12.9045533217112,0.04500472450397387,0.01348094028308775,0,0.0027105399155413464,0.016035346223316586,0.015039472215764724,66.44456515546891,28.43622832512612,21.04107500115672
1278.2494115706118,0.7962317431066221,0.06696260213723039,0.06457412314309946,0.8126190245340289,0.020286065488618957,0.800747519607695,1.1345169718184849,0.006439744812217802,0.0659515035298135,0.6956329884698255,0.010066257879807897,51.93568217186827,3.9632476197304034,13.607483124783633,0.043264488000411085,0.013082672314639538,0,0.0015613455445588295,0.016843068946577083,0.015187522281252794,62.97874673198261,20.637376573193603,13.984912452766014
1279.0755984727527,0.7957315907702106,0.06676771294694177,0.06508391588745738,0.833248965095575,0.019892907993766903,0.826683316409116,1.1870600556265487,0.006889791208689522,0.06690864230435467,0.7772650402505179,0.009858773639956383,53.838191268514024,4.046092448332296,13.230625708251322,0.04406836046620123,0.016456677822848792,0,0.001098414452701004,0.015612922501992069,0.013966164382053389,62.35610135508871,14.257407380651257,16.25992665449241
1279.9156127707456,0.7939590554395883,0.06656418783667392,0.06479449152350424,0.7762509848216682,0.02027505118848304,0.8419778931168922,1.208171065492461,0.006639372180906205,0.06644727858239609,0.8371459424323078,0.009818949659489304,51.51429650891662,4.009178112388525,12.707613959410423,0.04253690302157453,0.016605426779879487,0,0.0015615374563806548,0.016152700189208787,0.014527991824885672,65.06210217139835,15.63029529068225,14.915355479620409
1280.7417996728866,0.794978719049162,0.0668163150512016,0.0648432079757523,0.7439488152614336,0.020360420290922925,0.8457394837004917,1.1813643044681001,0.006568423694606163,0.06671669746499459,0.8444386711833561,0.009622833047362434,54.02358038431221,3.9976223237802917,12.88632586763764,0.04218864789439024,0.017271350100432525,0,0.001838280947333433,0.015450332134213016,0.011993160194336447,64.57431523322039,13.3698803956477,14.343742769789957
1281.5645297260644,0.8033532042860255,0.0666622465864756,0.06476616992978981,0.7811352846231621,0.021168625283199183,0.841327345529096,1.1863537438861116,0.006656389201421079,0.06648927063566974,0.8779427188941438,0.00955289394664654,59.64788717016662,4.063483094565222,12.684167457778505,0.0432250029997946,0.016960423805688244,0,0.0018513807419901303,0.015227480270589145,0.011435320333909394,65.13201691687387,13.863632896400532,16.242855154869332
1282.4045440240573,0.8034309906226226,0.06670921811862378,0.06443197655612194,0.7833523027341016,0.02141951127787,0.8643235194881169,1.1897000302454952,0.0064878028882174674,0.06654576413132418,0.8826535826839605,0.011722861236039587,59.86487859044856,4.00361124644085,13.621203421231519,0.044439896016802816,0.017277440504613054,0,0.0016057274525302734,0.014902501446859551,0.011847683549780072,67.44794271220789,13.651717537498378,12.07148471021592
1283.2411014730872,0.8039523606518975,0.06698724796192601,0.06525918756324997,0.7898714965104313,0.02176429862379511,0.858336415434721,1.1840090922560795,0.003327425386031299,0.06695487370787938,0.883688588485554,0.011760705470016864,57.36631517570211,4.053752727258936,13.47296709420416,0.04462421168489817,0.017163452776213523,0,0.0017470357438805993,0.007115307308303414,0.003290117690136242,62.69287651863262,15.49905035194896,15.142016153710314
1284.0430904324876,0.8099865009321898,0.06643201245251198,0.06513573047315639,0.7824047322158448,0.02135883419970627,0.8686071674241046,1.1807376335508255,0.006438983200592007,0.0667541032030783,0.8759944256499078,0.01156645927900118,60.646377000318054,3.909673337663888,13.135845708511722,0.045617144480409565,0.015345430283010006,0,0.0015184838349351284,0.006945975471964663,0.0029138585272633164,64.91015861226047,11.342337394100875,11.182618423778145
1284.8761910325543,0.8023815155325229,0.06686737100319165,0.0656992970238724,0.890092688324093,0.020775241099445337,0.8574482216352629,1.1707785789801797,0.003491773685725269,0.0666342712008698,0.8392414206017675,0.011510449468388978,59.43812729754565,3.8723137353797146,13.031773081668446,0.04514682193215969,0.014880418262323157,0,0.00021934631985209125,0.007484233732947246,0.0036105120788198124,64.27561320496346,12.322175751028318,14.097165758982216
1285.71966217951,0.8064070963560015,0.06674816155040297,0.06608279301770068,0.9350775567302482,0.021131095792851298,0.8622453208443804,1.167739895843159,0.003335146483398132,0.06657028476772403,0.8412219513671405,0.011944066800752254,61.99299522285215,3.9625913810382407,12.99065112836701,0.0456641225349922,0.014692422042422819,0,0.0008560777987340822,0.006199107340964315,0.002899406667376839,61.427777528673694,14.598587372631906,14.21726318274583
1286.5562196285396,0.8026429007146725,0.06649173199242109,0.06644201771967924,0.9261914952252234,0.02145946977422292,0.860812962356831,1.175004150540683,0.0068002025920964725,0.06687830642617394,0.8418316317982474,0.011693516464989494,67.45281071293135,3.917289126224879,13.477959030019795,0.04486183709528612,0.014216937165934803,0,0.0012636081162776289,0.00757671650736527,0.002164981896095929,64.19880635378927,6.855659272324242,6.033485564179431
1287.3858633796438,0.802957827435806,0.06612902948815746,0.0659003148583689,0.9359878615903352,0.020819399508714493,0.8603418936147605,1.168660703130907,0.006981044274248708,0.06637061356524745,0.8381575520404655,0.011738444396876137,61.948857809621934,4.008920948018022,13.282271896952162,0.04634563813638187,0.014649409951911628,0,0.0008447357838270327,0.00786511539545069,0.0031083965097253386,65.2426807289877,-0.9681402960201813,-0.7472827803296527
1288.2293345265994,0.7992664580036868,0.06959302231241297,0.06674144937741884,0.9740337105562816,0.021900135772454508,0.8727802411834852,1.1741438850958323,0.00668764227805994,0.06965903984030626,0.8420328642298398,0.012027940902390745,60.71673611661194,4.096420533040547,12.621738621259977,0.04610461691025605,0.014594981635913246,0,-0.0001505627759910911,0.00738782852942812,0.0022761507605606425,63.50408834306129,1.7088534126256842,-1.1182646743619429
1289.058978277703,0.801618823690363,0.06713005852818171,0.0672291447335086,0.9679151059201541,0.022125741804051042,0.874220498698338,1.1771764388799735,0.006554117089114507,0.06678081197438897,0.8468813724302088,0.012034889514055564,62.4088110937003,4.135822701404317,12.948580542953357,0.04647790788291842,0.015228678058446535,0,-0.0006428252227197143,0.008015851499332715,0.0024618881390935945,64.35013414312789,-0.9013422260599878,0.5985504796298965
1289.8747946329554,0.8000812281564231,0.06995509352391582,0.06702960924014523,1.3129681996001126,0.022437091047236984,0.8713333672109439,1.1940977589827215,0.006675658557881126,0.07012557052406022,0.8516995968284498,0.012116095074881286,61.0658734429521,3.8287736300533934,13.412552656637478,0.04651832067334942,0.014690941968625292,0,0.0006190535628448599,0.007995231813236556,0.00334351346072618,62.05208506517925,1.1672919201306167,-0.6335350759120225
1290.6836972902815,0.7956355228814911,0.07029143863506321,0.06714501490669093,1.339617075823793,0.02238211352574822,0.8707400965260699,1.2137415669441838,0.006718886250248748,0.07018533874554564,0.836119117611475,0.012055858516693583,60.55848292842364,3.9269825960703866,12.981202814233344,0.045982215833446506,0.014503470668062296,0,0.001269402304279398,0.01146154968687209,0.005483677101099744,63.33439773197799,-0.8010409967736085,0.6003584536559432
1291.5167978903485,0.798887571286904,0.0700715389343168,0.06756503216053462,1.3083879079124998,0.022502260817382665,0.8864820072560132,1.224714043319569,0.006708745269168703,0.06983103527102895,0.8523882434431167,0.012109167514275843,61.252397432212106,3.9285728218530855,12.782064159563305,0.04637593272141397,0.014632287528902463,0,0.0010080824030167027,0.012218855637298864,0.005179678950023588,62.959664429989104,1.9358287604878848,-1.3411527405653305
1292.3360710945637,0.7979534765481443,0.06994912243682552,0.06743341111811282,1.2368867180770906,0.022165426386728738,0.8867176181750439,1.221929442116793,0.0064740955943679195,0.07016795825283526,0.8464126334594969,0.0122716572493964,62.2440684491666,3.909351188816691,13.000274157176253,0.04623090442115812,0.013224454236399126,0,-0.0003113101951416295,0.012439459887466585,0.0047787134857451225,64.99631711026777,0.9545227702164465,0.6312394279476177
1293.1622579967047,0.8012471010422899,0.07027182438025781,0.06763602865394765,1.2728760798532806,0.02245895471299247,0.8859485698460254,1.2088944376199564,0.006665400311140301,0.07015996424871533,0.855136092025496,0.011971570103716269,58.31324664862707,3.8971825148158774,12.8444938076252,0.04092637115914153,0.013803928056535493,0,0.0006744807015621931,0.013129801557696939,0.005194469352767377,63.673572926167154,-0.9061999720218517,-2.394836285712823
1293.98153120092,0.7962504870395403,0.07002561068016973,0.06763429553724382,1.3134751830218512,0.022377538937681317,0.887279604965184,1.2255106260281399,0.006554582412282797,0.06969742436988452,0.8458815689274788,0.011976921570705528,40.94660614284818,4.129843592158345,12.775285962759977,0.0465771448035912,0.01255668481352966,0,-0.0006221958227191302,0.01421822138221371,0.005093190532300919,63.37355852861229,-1.182716353808047,-0.9317824875081349
1294.8077181030608,0.7946995292092209,0.06993847510587958,0.06750644750626082,1.2926045956058563,0.022508032656135255,0.8852906609345285,1.21894019736799,0.006850039188947511,0.07018793046307405,0.8548746999865854,0.011717968815139417,39.14009329916986,3.9876387721699182,12.970631276037862,0.03693769445382824,0.012623779793359652,0,-4.483890737688536e-05,0.014882764565323642,0.00585110596759501,65.4327168643907,-1.125594258704251,-1.2669643482446686
1295.772178963719,0.8027360771109201,0.07012844683721854,0.06775995369076669,1.2561050152815671,0.022403232277295265,0.8872592020237644,1.2177984573827716,0.006667819479324252,0.07033219658866026,0.8872940937968133,0.011673238965686696,34.86651526444142,3.9401078661204547,13.213262302695163,0.03668966105220068,0.014196147414514968,0,0.0002576618721175548,0.01547440681886787,0.005509615756198933,63.3549623182086,-2.2308392619574495,1.0331377408575129
1296.5568836783048,0.8035540201945396,0.07028549519834305,0.06777213366902898,1.230992836167476,0.02225571030658822,0.8847746693061666,1.2396777820401674,0.006563027470265489,0.07000471702598199,0.8937944991326138,0.011291782771250597,35.41843227118379,3.9390124294528395,12.998880696538288,0.03691558942483154,0.009923386628622428,0,0.001358292317336306,0.02109869674741772,0.008752307961726272,64.29405469777144,7.1124682823005925,4.998603311222041
1297.417639070075,0.8112675614594432,0.07011309270609384,0.06794250249223638,1.32295426836424,0.021777290470221058,0.8435730800056342,1.1840407577570908,0.006763843070722293,0.06985081399870299,0.8508150717590586,0.011131226278289148,34.58581572327453,4.083270919145702,12.752814263074395,0.04574602448746283,0.012214823688410436,0,0.0009411099749960172,0.02132630769906981,0.008716899547229264,64.17856507713626,13.921956290198342,15.674328548654717
1298.2680239149568,0.8127611931310736,0.06957509157547015,0.06814117504476262,1.2841335927302004,0.019433355081701974,0.8090382153281563,1.139329550932199,0.0065767063064118576,0.07001078566610075,0.8069702607179191,0.01078274929650502,28.17836097470951,3.8898636293803524,12.683881404904366,0.03708895361767558,0.010119327637061607,0,0.0008653458653507146,0.01984810956444567,0.009766831809652153,55.714293017461074,20.498941256157405,14.149526878300378
1299.1011245150235,0.8157121353011355,0.07005928269733598,0.06822364557380145,1.3724186108636807,0.01950522747069909,0.8114498845282346,1.1499961729451909,0.006427107801899218,0.06980225058501194,0.798890926993711,0.01082723428199259,30.105469036835945,3.9948180436243943,12.390073745061374,0.03697117893929654,0.013715922110749571,0,0.002062445609752211,0.021456943313265663,0.010823322659144123,57.051509471839346,22.890587409558385,13.332894314154437
1299.9445956619793,0.8120513915332206,0.07038301105651303,0.06867095885224872,2.239232986383413,0.0220160599371298,0.8397762000914684,1.1751233415901914,0.006705104198616732,0.07023599607082384,0.8068543297005746,0.011304882518132237,29.23234712502071,3.868412398794277,12.736729411363505,0.037093955239893145,0.015627490944172203,0,0.0008653499847778421,0.02167468142619782,0.011037803757674604,57.39936028804668,22.06082791416357,14.461007755494986
1300.7915236578976,0.8112062074559576,0.07011152570047667,0.06898760343320269,2.269069117327359,0.019509952735039915,0.8364779683887317,1.165056525296193,0.006564838314785229,0.07009169457576057,0.778551732411979,0.010781402372634946,30.856341058305432,4.143475819470321,12.962586582931243,0.03551397747947981,0.017154467157094892,0,0.0018002187448028072,0.021384628279323588,0.011123893833939847,56.078453201993185,20.196164600407442,13.28498914294914
1301.6315379558903,0.8080174218714824,0.0700098858179791,0.06910992446057625,2.2291739696881225,0.019464427886131837,0.8775022571430826,1.250263283784303,0.010067734368773356,0.06975098121533001,0.7812529304356868,0.010857816684582654,29.041150398921122,4.11649823022395,13.63870520719884,0.03524927727341891,0.018358716210387104,0,0.0007232301937034248,0.021446645078801247,0.012482260066836039,56.88216866955102,21.36762857969282,14.730652388474702
1302.481922800772,0.8037295523774689,0.07080939071062695,0.06919680697605196,2.271613989943587,0.023197809549205733,0.8769727912142415,1.271153373017718,0.01012530097034066,0.0699491027099101,0.7936295874747306,0.010681386901815127,30.772581209992474,4.078765473012707,12.672957564739264,0.03497525167377616,0.02190841660026866,0,0.001291573577061081,0.022566377696658486,0.012438266156365294,65.43337198096951,21.12757564546747,14.455200173318927
1303.3046528539503,0.791799741241316,0.07048794522390332,0.06986672785884375,2.251221081592538,0.023433804981941336,0.9246695523233711,1.2924183841120191,0.009989986531848126,0.06967993831452353,0.8117947763560911,0.010621602088775783,42.64423890966242,3.9707548341078454,13.076337767797993,0.034233025315880704,0.020176988142165522,0,0.000997195112060663,0.0214083179685973,0.011452854926342976,63.31724515528442,22.972230001959993,12.97118335627396
1304.1170123602392,0.785705321853208,0.07018944888943228,0.0703857415818749,2.344000497190247,0.02337652718999766,0.8806946095470466,1.2800997637624087,0.01025397870597404,0.07017955084337804,0.7866170724478261,0.010851850217418683,43.617938284654585,4.095976527662234,12.718958801401778,0.03579514897278847,0.019109033438974472,0,0.0020623408639485735,0.021932409107933096,0.01524871907069414,67.51665190343395,19.033439823750243,14.115853601682904
1304.9190013196396,0.7811180464491505,0.07014913973365206,0.07125301191285781,2.303476388443675,0.022546248288564958,0.8778153166643601,1.2496577570764242,0.009825388799217957,0.07002123389356568,0.7406761424756458,0.013000205442821164,45.64175281652001,3.9610444340866446,12.966913054106708,0.035378953218152424,0.02013948994352316,0,0.002259738560415723,0.02220098795753141,0.016009260325890756,56.1641676201607,21.55306132426977,13.453252059853057
1305.727903976966,0.780568594547258,0.0767667204478191,0.07081411094503791,2.2825688228143464,0.02338904797015349,0.8716792680912819,1.2675562668499292,0.009930808093648493,0.07629604376702169,0.787443403262385,0.013057446839941157,47.749573263480556,4.0934010332507835,12.999679306467128,0.033899075934417426,0.02307520000568142,0,0.0016648846534367142,0.02009567423309488,0.016302202502936992,57.7416539461935,22.47530892429633,15.787551495586932
1306.5333497853292,0.7764098061437179,0.07661788174626832,0.07202135094287215,2.2872144304145916,0.02375943567795342,0.8778325152252993,1.2663227593069748,0.009981547395258633,0.07657634470958607,0.7783221292801437,0.0132290679676367,45.4863462996879,4.012022697902907,13.484583729951877,0.034445544753201926,0.019595662318056258,0,0.0005849777699988275,0.020226631968049327,0.01632010924519101,57.11286471657067,21.27740312646582,14.994994066165289
1307.3318818957669,0.7725166458261011,0.07601448108432089,0.07241800161432677,2.2856800010665084,0.023570871742593185,0.8789627271565065,1.2636997548141755,0.006736667821343272,0.07693361569321913,0.7879431822041126,0.013109041434583165,44.49865115808205,3.8561475787732418,13.52988729896921,0.03505126927254633,0.0192858254673019,0,0.0019808505948092463,0.02145796502267308,0.014812344629431689,56.78454524370942,23.728972733794468,14.370906029812518
1308.1200434593156,0.772494514442013,0.06966422399492579,0.07292040767233507,2.319542872183157,0.023746684787655657,0.8757576724615815,1.2655164345535501,0.006783844403087575,0.06993480521355362,0.783807172085794,0.013146562707092142,45.78149459507974,4.029373612803722,12.889182265094036,0.035502361220738764,0.013437395028304985,0,0.0007543763399660478,0.020298428013485036,0.014627657157324437,58.29890079001457,13.107283690270616,8.142316936897405
1308.9151187207904,0.7716762357338137,0.06994208093710072,0.07335200240578751,2.2829611204861524,0.023507629749056298,0.8782926373233746,1.2731996540337778,0.006685223211685535,0.07013118591983139,0.8199390938256405,0.012592128352319501,45.796267839615616,4.1965711403752595,12.924574223725017,0.0356843888582463,0.013121492550998428,0,0.0006618997040890066,0.016212201419725823,0.014330524931056016,56.81574088337884,5.797419315540849,-2.898646794645724
1309.7067371333019,0.7694369921219603,0.06695208456354507,0.07339538959393163,2.275612811678263,0.0240435885709646,0.8379946985863918,1.2611954032459898,0.010008291379422465,0.06662486667115308,0.8117662915654192,0.012796724002668342,45.06548874408716,3.8430096744677735,12.869492129378115,0.043770137401192837,0.013012401786478998,0,0.00047182756388248115,0.014801831626544812,0.014927162340992683,46.736935445438256,1.5161637591454777,1.3954156989624673
1310.519096639591,0.7680652932006444,0.06654759610174366,0.07423734172867538,2.3271343127191426,0.023400637298677453,0.8442043438237976,1.238726784885573,0.006879896286840707,0.06686698890797935,0.8357738706687561,0.01288223122065577,44.67401978393493,4.088073007020882,13.331695333137594,0.043750901925605816,0.010610098423495733,0,0.0005804907273587344,0.01509291207953862,0.014359544948259148,49.371509329359064,2.288137092561982,0.3684415208701869
1311.3176287500287,0.7694273025532684,0.06656225767384628,0.07407751658894901,2.319068128146981,0.0234096662351477,0.8816511745111169,1.2426173456151495,0.0068454857524059875,0.06653530668669626,0.8475877260440609,0.013083385978096251,44.611765409599045,3.936621444679555,12.803389596990312,0.04410720561836246,0.012966136359009854,0,0.0001954161438856433,0.013067754994356372,0.013504830123799175,42.09039711140317,0.7998456630334096,0.4784308193406259
1312.116160860466,0.7722785144900506,0.06707690779480523,0.07422404679602397,2.265399714890657,0.02238148129201529,0.8869820094689261,1.221927011018799,0.006731360641362213,0.0665801592866689,0.7730990840654461,0.012720734142787163,41.34800854300142,4.016758384835203,12.476303759399162,0.04432510494921152,0.012652383610703349,0,-0.00013437655220515933,0.014109619129216143,0.014202203424157683,43.54520942963989,1.2886450593436272,-1.942827902878202
1312.9112361219406,0.7704220126131204,0.06669078588039164,0.07426226466378934,2.2583932035959022,0.022257626889658762,0.880823186917877,1.2274214786144195,0.006609131884331983,0.06592367249210848,0.765792810759127,0.011462549288278782,34.60313761159144,3.946871032978848,11.907335110654333,0.04410380378298209,0.010527566061609034,0,-0.0004016507051437227,0.014557021234395777,0.013752109566857235,43.0222528843478,-1.001350373282311,2.6242043705620963
1313.720138779267,0.7682080737054444,0.07035021421288107,0.07411054605319624,2.192273919943549,0.023314901505142864,0.8828013559365643,1.2493410411151753,0.006683828513395433,0.07018322896024345,0.8652292086164065,0.011415073961794565,33.411103477598104,4.0191593738855085,12.984989400656916,0.04286552880082322,0.008841185592584722,0,0.0002471081198414016,0.012883750106209497,0.012457579004676944,43.294249743767814,1.3976516139401949,-1.2286190816118754
1314.5221277386675,0.770822802446449,0.07022264372897649,0.07408970735435427,1.989848570949412,0.023107492634901083,0.8867123258940645,1.3062301578670912,0.0067927913399637154,0.0702343808934162,0.856915397493589,0.012682601008456994,44.19817497878561,4.054857198345613,12.827226721689248,0.04391433262581726,0.00945483895583777,0,0.0016983497818981695,0.015196776466815222,0.011823183702909213,44.37568342208671,-1.4669763363815944,-1.2830242585637048
1315.3241166980679,0.7705243756152105,0.06988774023036784,0.07334509516713872,1.4905909241154929,0.023289482059428206,0.8809621289127475,1.3011234376714325,0.006650550193670939,0.06996683595646866,0.8613407910254057,0.011464392458441278,34.54312678242982,4.079655749624008,13.406978308389522,0.044077872221115755,0.01154289207313778,0,-0.0012664817786995038,0.014750375459669318,0.012833259031754769,41.25908200099128,0.734302006360459,0.9225136805960599
1316.1191919595424,0.7682359707809903,0.07008815402062504,0.07262950449550723,1.322385675600527,0.023546467998114298,0.8814618273808147,1.3005600377300544,0.006630845993441668,0.0699505416001939,0.8672577483080555,0.011356648519092814,29.604656833360515,3.8331157247968792,13.079892355176902,0.04265205800077668,0.011275450267087152,0,0.0004216444751543042,0.016034920186997433,0.01296470577242523,42.10027042768157,-1.6573122816597357,-1.2457060864149367
1316.910810372054,0.7608879260230134,0.06959194706496309,0.07278227494910525,1.1952896850636487,0.023356295415813702,0.8903555705722167,1.294531502582571,0.00657073475494712,0.069815896858858,0.8345415243127174,0.010276218495774573,30.343658855266238,4.043438073976085,12.638137478093942,0.042471399337774746,0.012180470393061357,0,-0.000709190769319714,0.015408629758317529,0.010874355523690074,35.95312448227576,-1.0287376433474922,1.1344022794686008
1317.7231698783435,0.7706588550220933,0.0697738608302693,0.0721277923538852,1.084222435434813,0.022304941929585213,0.8829326565905381,1.246319339799673,0.006818351107964714,0.06990801666982403,0.775277411371319,0.011260399887560928,31.35760283020038,3.9566515601196786,12.735384998164959,0.04130937337153089,0.01070182356408397,0,-3.775000703516666e-05,0.01641823599747798,0.010840370603179899,34.94537545697136,2.257156532409152,1.3814584340370581
1318.521701988781,0.7736375690248257,0.06985200306337076,0.07168216596433187,0.9678926631651463,0.02210294699119943,0.885710502996375,1.278262642107849,0.006787078575692154,0.06999487347910543,0.7836538452959987,0.011224828642224028,32.57828573242322,4.20204167042353,13.343473659543463,0.03854656238057656,0.008926977717009394,0,-0.0006631657195832021,0.016420745901006433,0.012508177028696917,34.776789923696064,0.7268604343304246,0.6078170640221713
1319.3167772502554,0.7692812370965154,0.06971519252391545,0.06914161746614807,0.8740917790261357,0.022104172131829913,0.877920774466632,1.2462168010818648,0.006602036032892899,0.07006050088721757,0.7769919709884336,0.010510815895122252,32.25315317031121,3.780160420417666,12.636484258008085,0.038781231544034116,0.010030486021223401,0,0.0009981027658140403,0.018548129312277742,0.01121193431409605,35.233792960039445,0.0685188911212988,-0.8938774679834139
1320.1083956627672,0.7703125847752452,0.06979483675837399,0.06899071066527653,0.8859979841627066,0.022179861898153488,0.8853413250295804,1.2376261051566126,0.006661648109740778,0.07038378477098926,0.7824145977068536,0.010490375862863005,41.846035406426196,4.031303048534536,13.200176813718395,0.041331642470602725,0.007092627341881479,0,0.0006616744348999911,0.018720357317391925,0.009083157172187271,32.974087072672674,-0.4028585492190347,-1.9910290285759813
1320.896557226316,0.7729742624863613,0.07000891441287048,0.06906702668208069,0.9180532534227815,0.021893996165844424,0.867032750225578,1.253534645341299,0.006790706780374147,0.06974475243040748,0.7709425356057011,0.010408430355310945,30.452470498376204,4.18610948932347,12.813274986010324,0.03884303817443975,0.006451751049450251,0,-0.00046016994731513965,0.019102897009861473,0.010565728304366266,36.88149179303409,-2.047841115879536,-0.07321453777852352
1321.705459883642,0.7832062745352162,0.0704490702965958,0.0685379233321293,0.9231186835007601,0.02177727242780759,0.8709035293236019,1.239170108832718,0.006536799760038748,0.06994229817974146,0.7789106565529647,0.010444564379015059,28.92635571745668,3.8674025814974318,12.728956780156508,0.039340514761343474,0.007154024360159548,0,-9.481288378243504e-05,0.017937738961693334,0.011076739046715914,37.544599830276994,-1.3966224203609228,-1.7660596582178325
1322.5074488430423,0.77994717913047,0.06965114209922281,0.06892972598690235,0.824376714298159,0.022089548517426425,0.871148198097564,1.2424266053161523,0.006667424548030455,0.06997747769803046,0.7859056345162121,0.010488628286653997,30.026487541293896,3.959409362743373,13.098385899884402,0.03983044366043067,0.007207975963314093,0,0.001072891654631763,0.018514035376386934,0.009898583758201723,36.87924708419188,1.600938527353829,1.9401210957641573
1323.3267220472576,0.7823755600599732,0.06977586844314378,0.0690040283678527,0.9037954848821292,0.021237019786974305,0.8396391642225964,1.2564377392146566,0.006905603384775716,0.0698466604688673,0.7761143725425985,0.010236449686945983,29.482106373235393,3.965924041628885,12.783289171704906,0.039342563437832,0.0062179544661253566,0,-0.00020476996236431423,0.019246606238540465,0.011501960641433448,35.62936984523763,-0.8269001222742809,-2.894377540377188
1324.139081553547,0.7927214263312908,0.06972511485998405,0.06869125240455336,0.835826423465694,0.022031075736144178,0.8355360753703734,1.2464740080778554,0.006695759000809114,0.06997256907443983,0.7783854909481096,0.009841150478194234,25.18203093930151,3.9047799034262964,13.242497268871688,0.039302607298058866,0.006507337985318868,0,-0.0005712400363718068,0.01659329379907467,0.010592153735055,33.867812179654244,1.1727787411584627,-0.05484727015060166
1324.9652684556877,0.7959398922431536,0.06991336511050154,0.06859918057660723,0.9052241665317037,0.02246867749710866,0.8381058987563043,1.2630162979693247,0.006687992910006026,0.07007336906311253,0.8134205585526263,0.009968626481404615,23.52618533624165,4.088067762536193,12.853027843568098,0.03931690546678481,0.0064728831530246845,0,0.00034826139042441664,0.014858303075423613,0.010824144216423644,35.24858909383558,-1.9071860924423125,1.5406167146880418
1325.8156533005695,0.7996934406097781,0.07048143494988275,0.06908653452382177,0.901706826759927,0.022362601509579347,0.8341798185451781,1.247139180524076,0.0067997186567014135,0.06995551259487094,0.8193065773109066,0.010027181346077878,23.907620625759773,4.00510194612147,13.101234146668117,0.039320969581318484,0.006721090714335737,0,0.0008390168285854872,0.015049825527036934,0.0116823144808979,36.12042489976611,-0.016556577033747785,-2.0084242693244425
1326.6556675985619,0.7968631592523294,0.07000960212612355,0.0690499872456607,0.871086710839323,0.02194537507795371,0.83405246417658,1.2323867222194191,0.0067472147042044114,0.07019551319723744,0.8161176638904246,0.010188434216798497,23.31877126949693,3.9841521278048733,13.179102325555895,0.04154081897596758,0.006145181357380172,0,0.00036433756732184483,0.014659882351318687,0.00978107634541057,35.03436342916023,1.9638192603433684,-0.4725805367333339
1327.5060524434437,0.801420649684511,0.07034664241140857,0.06860347141913821,0.8957630115290846,0.02136408752418067,0.8363808384661477,1.2447125687750678,0.006647012152319757,0.0699723416932355,0.8166155134669794,0.010057661561352339,34.98406835483368,3.9051104519161446,13.280211143106209,0.04185892006193141,0.006848869963740128,0,0.0006493562726515798,0.012406411441502403,0.009913991170530061,42.58253205635122,0.25500142680795723,0.1096562589630993
1328.3356961945474,0.8008932549648051,0.06948090678420184,0.06907375117140185,0.9195940210969629,0.021174499747302733,0.8332424671792693,1.249507619483496,0.006712068664271891,0.07030715093415649,0.8176575116406019,0.010067340507759367,34.73857674339563,4.02345329224956,12.9798043427553,0.04345997120533141,0.007015182216752056,0,0.0006546831400892165,0.01534250065878755,0.009231546236486029,42.957410426983586,-0.2350488103285075,-1.6168575726324956
1329.1687967946145,0.7993716026480379,0.0698334030794698,0.06894304827112376,0.891180699994101,0.021283106312878955,0.8418847365247839,1.2492040644103608,0.006543711919223007,0.0700791501802849,0.816505859232437,0.010257529938422475,24.81673568822386,4.022315552254369,13.178447738473158,0.04432563262923987,0.006564608999399716,0,0.0002153992006185487,0.013881669876679855,0.00833871531779851,43.76472181146315,-1.922607662068094,0.3449552375831786
1330.005354243644,0.7967899052309643,0.07032334951216938,0.069012194212982,0.9172928999207292,0.021810807177810906,0.8447368073975479,1.2492006207981257,0.006596676669828933,0.06993859222912237,0.8135069393624853,0.01013360154335718,34.462776458848495,4.0353493801087055,13.484299397434858,0.04491219681477272,0.005855633911601328,0,0.0004394314007688866,0.013428739726317168,0.009086078125669802,44.6259291756126,1.9189244684936155,2.6655764094609276
1330.8280842968222,0.7930293172188434,0.06973990682062911,0.06845078351849437,0.8934985793233796,0.021689490334278905,0.8388945457274013,1.2289293008497029,0.0065626220542407765,0.0701537536936571,0.8206066219089002,0.010078280915635696,35.16100312136795,3.989299550995347,12.80857967667686,0.04437206218168221,0.006700238745959672,0,4.592735202963436e-05,0.012242917223659852,0.009084649205932304,41.91397246898697,1.0332245731400767,0.7803530568836068
1331.6473575010373,0.7921691757677118,0.07014840876575061,0.06883961471987422,0.8851035706428056,0.02050562614744945,0.8042490022494702,1.1997729488701983,0.0067962074742820636,0.07002963800594415,0.7793701963249314,0.009968759105109493,32.518723360415805,4.11431647860099,12.80275510514811,0.044766196297091075,0.006639859834853261,0,0.0006499490499702382,0.014304646800493084,0.009255329349479334,45.21661436662494,-0.41813722155372757,1.032575679473076
1332.4493464604377,0.771342413519578,0.07014329585999625,0.0688701420007735,0.9021890046638321,0.021592656988173402,0.8420554410429496,1.2395382746504369,0.00667665381129798,0.07027169631965435,0.8268001105030243,0.009887162705135255,34.67836174655376,3.9041639327620716,12.905386454731856,0.0447329151443782,0.006606906216563032,0,0.000572726381775886,0.012889896518070914,0.009040768933759321,42.97233883996155,1.5669981836304507,-1.7103061429700845
1333.2513354198381,0.77607683995884,0.07023563639729875,0.0685716985130408,0.9029236657223627,0.02193043974900678,0.875298916300997,1.2492616544177373,0.006826397164652603,0.07018823080593925,0.8222461523530642,0.009922396027706417,35.242064520308794,3.8846461458279986,12.745432411914134,0.04595827417771641,0.007476497056907594,0,0.0007957948257830872,0.013542863905659749,0.008989179321834139,42.41101499846396,0.46399542183862186,0.20059988755408573
1334.0464106813129,0.7676191710970891,0.067036547294095,0.06902329990062901,0.8839377544028988,0.02183283785718854,0.8744841408014861,1.249853013362282,0.006603644522387515,0.06635123364974496,0.8193097153151659,0.010118315443122973,34.59983206333156,3.865885039148006,12.762442060892868,0.04506139768788891,0.007789229490533986,0,0.0008128628066278963,0.013639928331481532,0.008404596706426739,41.94988060870956,-1.2694145237707868,-1.0682909561557226
1334.8380290938246,0.7631629519957727,0.06681179219675419,0.06846632340170168,0.8582056127738837,0.022087837198270493,0.869473068222111,1.2004764110089574,0.006500488081211759,0.06628707792627186,0.8095939927177559,0.009915168690987864,36.05149939319549,4.071233909409462,12.801493700063784,0.044522593847102554,0.007774636665466503,0,0.0006949496082849377,0.013818637406135259,0.00779392991968015,37.649398565694675,1.7014409878790682,1.2249982068357006
1335.6261906573732,0.7606870921375806,0.06689120537671615,0.06905651956276994,0.7857782577513273,0.021913920334721147,0.8734511327230393,1.2575019206538438,0.01008004416879828,0.0669357743683925,0.8318982440227786,0.00991790297108523,32.605276102473184,3.907954722561989,13.012061895824694,0.04436926934409355,0.008011430536632605,0,0.0009116599137276768,0.015061873509832114,0.008628624112500337,43.074048981833286,0.2823073509284388,0.2553201521305012
1336.3970679761073,0.7619096430266235,0.06991582485936206,0.06891413231790008,0.8151678233780522,0.02182129472399805,0.8686560711241645,1.260966846937962,0.009891283628094088,0.06977111197397637,0.8731236245621248,0.009857183612646356,29.658308798027072,4.093542114418012,13.234644214070125,0.041167497799857296,0.007961187025970984,0,-0.0006684301849025946,0.01399961177897042,0.00825911739298755,32.31182315330106,0.5154076785921441,-0.31061338099605823
1337.1714021438042,0.7572496516457987,0.07012594453261421,0.06878310543391,0.8250984494449817,0.021995844325537684,0.8639353769414398,1.2547206555044932,0.00970985620632817,0.0700486408076708,0.8903166664223746,0.010037557391321662,30.66583410061861,3.962663667230613,13.23073611403608,0.04015156472282181,0.007657242709444304,0,0.0003484367559241966,0.015844197436035393,0.008545188950871207,36.399515559303374,-0.8194153092684335,0.610188527990754
1337.9353657646125,0.7503397868593612,0.06977083322712287,0.06895138749081978,0.8526398605932675,0.022140475627964944,0.8503321556524965,1.2124620650582412,0.00983670441760287,0.07013739825068346,0.9182297063142535,0.0099018411128067,31.99324727592717,3.879865811699631,13.188607196574102,0.038480888267956904,0.008439960454001447,0,0.0006186927807184861,0.012688602201204737,0.007983355491040017,34.95483446531269,0.006384642145110407,-0.9502119680070837
1338.7200704791983,0.7465769590524274,0.0698629735619467,0.06883507393281942,0.7872444937855172,0.022247790450809952,0.850114490377281,1.2395817998949874,0.009985806305948497,0.07015469769993676,0.9307176788556238,0.009911510173770479,31.697272622865913,4.041703818923531,12.752176890273603,0.03812337373679095,0.008417557045448195,0,0.0003999656278253279,0.013190914725182872,0.008412205095836947,34.086003587830696,0.4175917868790934,-0.007382821828372097
1339.508232042747,0.7460449626855027,0.07020178742510555,0.06904158378641788,0.7843212040088086,0.022387155901198243,0.8557793695669006,1.2581666003899867,0.009895233833432123,0.0698501120669414,0.9320948170798564,0.009872122606474056,30.216360104167332,3.961184189478516,12.930137007793805,0.0403429920868246,0.00830661811429948,0,0.0008309703546870708,0.012498164415903184,0.00458695079561268,35.724328475190454,0.19905357867402323,-0.7524618617800157
1340.286023059407,0.7465925469240929,0.0701635460864586,0.06870300555522421,0.7904312403547711,0.02207909418585964,0.8625300538428482,1.2613941027198807,0.00982831116673572,0.07002476039339006,0.9334691871010917,0.00978433867892244,32.05498396544245,3.962039745826961,12.478701462926674,0.04019295534957189,0.008162657569674882,0,0.00010101429624886617,0.011781409078981689,0.0035259380759685103,37.14263432864213,0.7362749902203006,0.27396600229120677
1341.0603572271039,0.7476539365852326,0.06989930451653252,0.06858617493136311,0.76353325415309,0.022080128588135347,0.8324763063559619,1.2248997218907585,0.009955349717144318,0.07021813517139013,0.9104990849966333,0.009437048619345873,28.573167589102418,4.121238376365955,13.099403097875898,0.03839801844552072,0.008369112159965717,0,-0.000344703322203509,0.010620306024283155,0.004185760578043541,37.55088483369612,1.3637592718171723,-2.2710197161959433
1341.834691394801,0.7444696753864044,0.0699296365578297,0.06932905929763863,0.776542278339415,0.022189972974151883,0.84203063974294,1.225163426302331,0.009902988961992551,0.0706204815838645,0.9009030334384271,0.008144261866372501,26.27183572476512,4.177423639903375,13.16343878315367,0.03796056633768832,0.008206705829993475,0,-0.00010868180234392498,0.010671797205678506,0.0038104070060444085,38.33200516679465,-0.27940936362368834,-1.718482741556234
1342.602111864572,0.7486006016392307,0.07036957303957589,0.06897393230824138,0.7840828450638593,0.022523872721635824,0.8297191136189394,1.2255518852061622,0.009963794937115057,0.0700961010181991,0.9012626619653996,0.00823987358009419,26.67387757361697,4.006770977440342,12.568790336336669,0.03729733126852556,0.007695245061258105,0,-0.00040737743725669244,0.01030909152707123,0.0029341556553747136,34.279413784808916,-0.13109362301675595,-0.7471717703019392
1343.372989183306,0.738892219181549,0.07010967473035365,0.06905054722696737,0.8006655509019639,0.022776264130119954,0.8309767524376052,1.2524973720963655,0.010125768241802693,0.0698346747825324,0.8854662803063389,0.008410953564976932,27.38656741135231,3.8261527110980404,13.198648620913085,0.03718350699424514,0.007733395604559797,0,0.0007585490226547804,0.010143027081429529,0.004163055123938087,34.78480785741241,-1.9022812431697482,1.5949233616256193
1344.1507801999658,0.7406669648273297,0.06994457944908852,0.06898246777052452,0.8454065696571549,0.022751723357252774,0.8325763017372158,1.236031791769912,0.010059466830528432,0.06964946781039749,0.8829317544663248,0.008256008755425332,20.535988413769548,4.0026070346834395,13.546183877901885,0.03468580396615307,0.006575363870309396,0,-0.0003696832834285263,0.006924312660099842,0.003751387493973341,36.76630961360414,0.10109164863828264,0.48906177089486813
1344.918200669737,0.7372535733961567,0.07004089665589046,0.06928930858090236,0.8539645195534562,0.02200979981296666,0.8207397875947006,1.1935283461607016,0.009974183367159892,0.06927865619554076,0.8723829927810921,0.008239207812361213,17.725035563790126,3.963193327526584,12.994395176769713,0.03689448059345063,0.007054592762161156,0,0.0006745069138073092,0.005133318367145802,0.002872861813900507,33.886618180749146,1.825667959947486,-0.4549714994638952
1345.6787074415822,0.7451878166564001,0.06981376401309349,0.06923076428721639,0.928418819022187,0.02252359701230207,0.8187388326977529,1.2247126608153707,0.009961519434846983,0.070057615633208,0.8688930207687414,0.00841477943015368,18.390294126801383,4.08802084555596,13.389174085031552,0.03783025596264651,0.007055318827035322,0,-0.00020759122536716804,0.005915156803585134,0.003272432012154999,37.36739226192732,1.5727014880786758,-0.19447263572372359
1346.4323005155015,0.7408647146577224,0.06980182800802856,0.06940054134252659,0.8990867283928312,0.021415391771467812,0.8139291449314516,1.2210616800093543,0.009984922222543954,0.07004913989598949,0.8203393816921668,0.008299373709159667,17.093581104304064,4.002889053394693,13.425975035556103,0.03985949640644388,0.006375787008550984,0,-0.0002744813484949887,0.005902713629425837,0.00349315092280897,35.83175060756611,0.6754421132419799,-2.58287707866504
1347.1962641363098,0.742148241212647,0.06990769280154147,0.06976999852689955,0.905157269934791,0.021077156870777488,0.7863562239073694,1.207679629604446,0.010044297901730389,0.07012147137868484,0.8008995625539684,0.0076237637788331755,18.739986325286562,3.8562145720392422,13.215968122728983,0.03942264002110013,0.006650634665988775,0,-0.0006496183141992429,0.00599628874464989,0.0037344316827053986,36.687011530782065,-2.9387389296919575,2.2758839038441767
1347.956770908155,0.7423792816632264,0.0704130061360628,0.06962650835506992,1.00922318856561,0.0209765968923466,0.760618373691088,1.2179807426132216,0.009933943571647126,0.07022320010396865,0.8086225057481129,0.007500269763791145,17.48164780406077,4.06985063359558,13.549381633527336,0.03938737003511795,0.006315945598289385,0,0.0001984169512776604,0.00669850009657205,0.00352712349166334,36.98258467357621,0.5714772890087931,-0.1261353498770828
1348.7207345289632,0.7375285017685214,0.0699192851132811,0.07029746644844216,1.0054281097499163,0.020884706706372883,0.7594206357517439,1.2221028883263285,0.010044575016848935,0.07020240437627513,0.8046031508640865,0.007668602932421491,14.16907358653967,4.09925936353239,13.355416924565482,0.038998128207467286,0.007078583673821842,0,-0.0005212201324769244,0.006311411283483709,0.004227831618480783,35.26869103074411,2.0125136862372828,-0.37980034459731343
1349.505439243549,0.7479356712580338,0.06984577246875767,0.06970706320411162,1.0383097635561933,0.021248262801816242,0.7615904655311325,1.2186916839173332,0.009955230992480402,0.06988117676163284,0.7800289038437199,0.007677027834752542,17.340772283098968,4.099445380957251,12.808627373325717,0.03910577655975598,0.007877306242581358,0,-0.0005081528763669704,0.008467108769007137,0.004735829921278318,35.44867292482674,1.5109365208624757,0.09910477586314365
1350.279773411246,0.7465460808378116,0.07014351648865598,0.06984518835151671,1.041105717369159,0.02125646010031853,0.7902448444830621,1.2205285241898096,0.009833603216943784,0.07014001688557278,0.7542215802695723,0.007714526554074425,17.153870641807693,4.078496776010174,13.224637384037706,0.03918295559476377,0.007237203625936116,0,-0.0005329038498415933,0.018370107313741776,0.012776460486829927,35.674840297477175,1.4375375587117754,3.062777656320339
1351.0541075789429,0.7552776231538338,0.06992803022303518,0.06961573184614307,1.2194356319257087,0.020737331436418916,0.7871119512428367,1.20546703241482,0.009887488700193053,0.06996407605322018,0.7097823617139425,0.007646506799599123,16.111257030994516,4.047407146367148,12.543884580020224,0.039646488310688795,0.007168852150303177,0,-0.00030709299530605385,0.0188955499944407,0.013834271570781393,34.451961744928376,0.9166624963765536,1.22649055798386
1351.8388122935287,0.7631580787187237,0.06961534522077645,0.06940174596033283,1.3518383638687388,0.020595869792751766,0.7865814125691801,1.2173185412386551,0.009899646609005247,0.07007759701409344,0.7199327779061069,0.0076319792370697775,17.156972041745174,4.145233031091254,12.762047230407704,0.039600645105301396,0.007073987407611467,0,0.0002796002347653987,0.01937269932262509,0.013948113121782842,36.08627662719649,-0.38783399730173723,0.6530808223609996
1352.6235170081145,0.7581012337725223,0.06966958451690831,0.06947113326409933,1.3363825751161185,0.02050188820501726,0.7879505149009912,1.2136926250139224,0.01004006981872003,0.07006833394207934,0.708394889693289,0.007512194148190781,35.92645223749909,4.096653320916968,12.810320169654483,0.039756621421331476,0.007167197878562911,0,0.0003070935128070989,0.019688589895907525,0.015187658898840455,35.42687679100078,1.385017626514948,-1.011060590241856
1353.4082217227003,0.7566478701210209,0.06971009833404715,0.06860974092925398,1.2985471480874442,0.022390425672852113,0.840226404902364,1.2480523208536114,0.009992877470216184,0.07020384581163287,0.7679058983486936,0.00949739817507541,37.89584691166848,3.8869606701005575,13.11162612682182,0.038722425008942324,0.0072207670335822744,0,-0.0005653813023178293,0.018111463278248023,0.014552121131640748,34.24335861337309,1.0654191411169434,-0.971668575829499
1354.196383286249,0.7543564145709071,0.07003053450653939,0.06871123050370073,1.382881397106927,0.022224643807720598,0.8429964674321034,1.2511974713230258,0.010043978988647574,0.0698706505566781,0.7549877250246885,0.009639602135710733,36.85542008625692,3.9495730388648185,13.422539224462497,0.03836261462785558,0.007724230476862283,0,9.542025715337732e-05,0.019989728562322142,0.014703357965481586,36.42946323141388,-0.06179453716560188,-0.07765034239157917
1355.0052859435752,0.7570391052818257,0.0701443867340514,0.06817385893392723,1.4151081198528463,0.02276500054451712,0.8983356265839485,1.2892172177181238,0.010040725595530844,0.07054219750384366,0.779859280773269,0.01074512203360177,38.14248649205546,3.984805293963606,13.003344067587129,0.03812937990178191,0.008398193893958772,0,-0.0005049456000273901,0.02004030871231449,0.01479393591413343,37.69919066544044,-0.7969943061143728,-1.3277402161261491
1355.8072749029757,0.7635766127040844,0.07031850952025566,0.06831973018423536,1.3078646321726008,0.022916286136345245,0.8967219351556779,1.3000013971484412,0.01007790521240458,0.07004914699121745,0.7799568561178438,0.01114760511774144,35.96045099879722,3.9718944433303065,13.13810184624034,0.038946722236514096,0.007609557139223148,0,-0.00047116406172630976,0.0205422899745015,0.014936512549961227,35.45864893764554,-0.12878557767237525,1.2973628428617583
1356.5954364665245,0.7589862161475321,0.07022815421020934,0.0679883376214456,1.2408841833730304,0.02274409884989149,0.9025805268129672,1.300660743288345,0.0098140478117087,0.06964959326704684,0.7787210831351384,0.011093583162319435,32.067152340321186,3.9569806145234874,12.820460557304937,0.03852322758725149,0.008658757082627595,0,0.0003781923361753229,0.02096924009034041,0.014718291775979867,42.88959200702854,-0.4057381228085198,-0.7870209577739034
1357.3732274831843,0.7644144723453589,0.07001702133335198,0.06825449299978072,1.3316802353461954,0.023202808431283608,0.914889933592796,1.3409692190089497,0.009734192873572554,0.07011769341504916,0.7933294117409276,0.011197338966997285,37.37426872276641,3.922124599492422,13.189141523747075,0.03849738712646588,0.008399367368077188,0,0.0006573829222184709,0.022650597782274292,0.015335027048503232,41.22963877163281,0.8737436318991021,-2.375048863720771
1358.1510184998442,0.762121806860122,0.06991048992364042,0.06837161454945029,1.3803196627880476,0.023259815962226864,0.9135981407847036,1.3326831641829628,0.010311739639197228,0.06992586164981861,0.8034536837145163,0.011172442848001589,37.61035751218666,3.8500058559256223,13.035521941187001,0.039398088065084255,0.008380075108421361,0,0.0005567924181247425,0.021816658552864788,0.015359251237648926,41.761929019850214,0.7796189857813306,-2.2579780886802783
1358.9530074592449,0.7625983196293958,0.07014971513868251,0.06867624134692733,1.2977210028394472,0.023363650602112627,0.9173621759319264,1.3312663254285697,0.010021255597193888,0.06991857635635478,0.8063442381547659,0.01123407181312694,31.112187845715685,3.9240307875562843,12.961689793184702,0.04051561819553915,0.008801446036037532,0,0.00032866562118031954,0.020911939432200898,0.016062738178796398,50.3876035759528,0.711447105507565,-1.6114413268041168
1359.7446258717566,0.7603192742865698,0.07011045884547469,0.06820249347669173,1.3921329941575689,0.023417041372048454,0.9241218163456737,1.340623966497224,0.010073203411827839,0.07019322776917941,0.8040285789041224,0.011091391287754252,33.219116944242046,4.081671557502891,13.583300025076102,0.04089902504060057,0.008933404658051028,0,0.00024000621210206792,0.02028946991117818,0.015224656551021622,50.979286036148224,0.9862959090255591,2.08548412910214
1360.5397011332311,0.7635420000035085,0.06974617973941438,0.06793550955529581,1.322863414801494,0.023426443953882378,0.9212781532695254,1.3204888904297913,0.010060370042418202,0.07044087394287071,0.8020969400255197,0.011121640536347326,32.41413887916634,4.019877807781785,12.75528679824857,0.040264979995867055,0.009198221324636156,0,-0.0010672825127289191,0.020365194550317045,0.0161153911473512,51.47894531011627,-0.2586145064709748,-0.6806893504814996
1361.314035300928,0.7660196230553077,0.0699892989544525,0.06816005319912069,1.3235806719539156,0.023227942026364808,0.9216098441133304,1.3384703226337917,0.009848112141317329,0.07023822574707445,0.8076471427734946,0.010965233579107624,30.733040156445195,3.921795731537323,12.98751925618565,0.041028374018255105,0.009319831005759081,0,0.0005749917076529889,0.01954090001016764,0.015488073262020483,49.442857529063474,2.353145163327136,-1.6476642981450678
1362.0849126196622,0.7701366128656327,0.06968347816351692,0.06843026718105073,1.3359652373573478,0.022278415706674503,0.9335812682728046,1.3496546804610068,0.009957462744638927,0.06960982530578093,0.7801815229829984,0.011092837686412558,31.71006453242849,3.9900683665936465,13.548867111160734,0.040831489794835724,0.00817707015698536,0,-0.0006779517664231378,0.016828710039843632,0.017235970507896232,50.085847635615295,0.5017212808570165,0.8504898809882672
1362.8869015790626,0.7746457658404059,0.07008327857231912,0.06884243288378046,1.263060114527518,0.02217046344501034,0.9434123260467402,1.338032622952177,0.010006372817656187,0.06984409996578848,0.7321799383210262,0.010894691323683411,51.409975915384685,4.007950298654502,12.92820842881048,0.04191038637208082,0.008355636248641904,0,0.0004882615445545314,0.015057829089458059,0.019635595636904292,49.20779285248808,1.394147374914337,0.726433861426747
1363.688890538463,0.7755788057968209,0.06980329367121127,0.06887335101810207,1.2905995098770207,0.02223677746100441,0.8941031806504739,1.3122495504801759,0.009867692224745248,0.06968244051463848,0.7296979892883664,0.010940503798084561,28.21357531747324,3.9992272945948364,12.418313456144405,0.04125873958844513,0.008153947247646353,0,0.0004387612820278106,0.015286953245158127,0.02032157040500173,51.08229466115975,0.3782363620631358,-0.32190481211268807
1364.5012500447524,0.768512085104923,0.07033382946159966,0.06828663329680108,1.2654789648321434,0.02189494395958626,0.8957597239118446,1.3063797535668296,0.009813137868064786,0.06979458935323238,0.7239434909434693,0.01005165488748286,28.091256527878883,4.062846266890467,13.135298032632008,0.040942411526739324,0.007555798887024164,0,0.00029146294505576854,0.015064754671940777,0.02054763324814061,52.39637422256199,0.9934150017697105,1.585756005423258
1365.3101527020785,0.7745340029937999,0.07026412631599001,0.06869683155907463,1.2737842173355685,0.021703002803236393,0.9054958774397556,1.3047737485738449,0.0099535389001218,0.0695397434114029,0.7038137282736314,0.010989490936543958,31.269661240346636,3.9748944775430806,13.43050436632386,0.042127524196149714,0.007480772978315389,0,5.354455623152715e-05,0.017069816280399903,0.020545976665059428,50.79070441362285,-0.31773564531456006,-1.8061121869232852
1366.112141661479,0.7785050013125673,0.06632494153570782,0.06861639366069498,1.1168467612080817,0.021746414729880176,0.8962062378630502,1.284688252178708,0.010078347382752236,0.06670538339500995,0.6858575446096711,0.009956118369053845,29.213501000333352,4.13206980794952,12.830703977678809,0.04449087886624377,0.007012519682887244,0,0.00014144813836656058,0.015541819305776973,0.020583407317862394,56.84899960079079,-1.592815273390818,0.030327487088408975
1366.924501167768,0.7814824058426957,0.06996642613329386,0.06887554940324608,1.1301473187611129,0.021850559802599236,0.8900356218512814,1.2878676399942166,0.009718418057397265,0.06992970506846763,0.6836330515650643,0.009563108042390986,29.112326116115593,4.026881898517479,12.968877428820324,0.045451474773490506,0.0060773065476301845,0,0.00033618967984449545,0.015193724565605419,0.021477897640375675,56.94814879130739,-0.7567192905755459,0.3489514151575352
1367.7576017678352,0.7851441955377412,0.06615985111417752,0.06889685033363113,1.099956906785482,0.02182076533735706,0.890186184745885,1.2722042198715815,0.009858676990850624,0.0663280961021031,0.692984470440819,0.0101447210823808,31.537712767366532,4.1640776019307255,13.05496919035429,0.04196332983182502,0.00566226100087244,0,-0.00021586637131730283,0.015166355346669916,0.022021231841169844,58.540284601925116,-0.4455013154819717,2.0031680416470374
1368.739346873308,0.7792678874801943,0.06659560386525937,0.06892033083110519,1.2304411667715784,0.021629423701538465,0.8968454074580984,1.2873142181182948,0.009870338166545537,0.0664389641023676,0.6969098786341236,0.011002264725553882,30.50705078775383,4.113021068617495,13.46111353781752,0.041782398152578816,0.005381378189988254,0,0.0004971613589471736,0.01731201467725444,0.021382136155843348,56.55814990993859,0.046801024587577796,1.021964929220146
1369.5067673430792,0.7966776420300674,0.06646814886061934,0.0684221730755931,1.2355966820560988,0.021686480851694473,0.9032512232387366,1.2777563119600626,0.006833526437914304,0.06671670711396854,0.6904522966323846,0.011161720213504263,30.266358079443627,3.9422202393141696,12.89139465941769,0.04500299848186326,0.005520594375272354,0,0.0013960319345661244,0.02090925676838604,0.021971153874753818,58.655876142142375,6.758417456948387,7.41324037138111
1370.33295424522,0.7968398546809011,0.06640147139234526,0.06806854689764325,1.1739175416643877,0.021461210013662926,0.8999436099353937,1.2774175760438213,0.009931499854776734,0.06660564199260784,0.688791382791139,0.01008325207606573,32.475780362920865,3.9850210382902396,13.355830041164136,0.04480088285246462,0.005652832780458372,0,0.00252067980417969,0.020668533731747624,0.021613626287838278,57.32870854569361,16.531964483050853,14.144375586852092
1371.1625979963242,0.8002863997923504,0.06323946181119212,0.06742016443494152,1.1679760940450414,0.022085596327280566,0.8991113186003413,1.2691776592962352,0.006667183307440169,0.06331258683520798,0.7036285407766497,0.010146908602011886,30.951138948059036,3.870064256388286,13.067536929077901,0.04459141683354333,0.005642127562164419,0,0.0020483813608420474,0.020272830363886697,0.02205798374096317,65.52998493844582,23.72516423849208,15.09114108511857
1372.1547136486859,0.7987626766437322,0.06291779169056014,0.06779017710597275,1.1460856220595177,0.021931882122395094,0.915585725172534,1.2817827888998818,0.009911613030998278,0.06351842486709414,0.7048014516087437,0.010246803234821847,30.676519392975347,4.13767667481261,12.883954197428286,0.04595984308966205,0.005618243715690164,0,0.0028298998332219453,0.022597906933814457,0.021267507804795138,64.09667481801159,21.696568093679915,14.13640316333105
1372.9601594570493,0.8034824033765906,0.0666374967050309,0.06697162945436527,1.1513506277119148,0.022310864304359596,0.9181975023151299,1.2891010157705876,0.009950836129381071,0.06627353759837418,0.7139987486234965,0.009801180893038164,34.509066708601765,4.001462136467933,12.317666753848899,0.04481080962256575,0.007377803485191468,0,0.0032108510417980475,0.021210668958255123,0.021448412518088107,65.89648046371332,28.36467280416841,21.96726434773649
1374.0317826355586,0.7947906859994205,0.06656706130946302,0.06716422943431821,1.1096533254632543,0.022385707745869714,0.9178833865076967,1.2878564847442076,0.009898692680939312,0.0668082182928756,0.7173419481183517,0.009775582728983594,31.86365714351904,4.024275229198159,12.68845717195901,0.04514522790972551,0.007017898034720225,0,0.004026504507842344,0.021971552888949877,0.01983194434328795,63.75639955805339,35.87612060138438,26.639549116817626
1374.82340104807,0.7939234416099964,0.06683082350072538,0.06721137010096599,0.8924656261291308,0.02208215216886182,0.9135868138502473,1.2846647400437226,0.009880042536054559,0.06659772786213475,0.7175979551377877,0.009553981933991217,34.31892901637802,3.843556585027097,13.503685783246599,0.042017936496253086,0.006543900343497989,0,0.007171369400891817,0.02159029742877039,0.018850755047254572,71.24481498849894,40.87550836042836,36.10155977802283
1375.8673694348759,0.8047618347095273,0.07012199756493474,0.06710751733345921,0.7802984354571233,0.022542669549707395,0.9258187579810119,1.293652323554408,0.009680400021465477,0.06975447592499673,0.7321568479935244,0.009834438603983647,32.28610791050739,4.094705011358006,12.66483649593844,0.041670400197909144,0.0061942591763866055,0,0.008056104206044183,0.020252412114968806,0.017627310046488237,69.35022406375847,49.569611360490036,43.55148749019988
1376.6797289411652,0.9570693765690351,0.06997050087958089,0.06760216428109267,0.6733834387416125,0.02323239327610012,0.9043650743680404,1.297096677860778,0.009917164158327,0.07025859271911623,0.8101358621672443,0.00975789812669611,33.39298461700074,3.9653339346721785,12.982487072456637,0.034294524595448954,0.006422622947310298,0,0.009157869562045352,0.019735350502305973,0.01805710408396069,76.64670436061131,55.27874252473531,49.65004720701101
1377.6925856873045,0.8157746216864089,0.07009545727252167,0.06754492360843459,0.6788043764041843,0.023071043643684674,0.8980006572652937,1.290834521545423,0.010035837148425568,0.07013173671770963,0.8367862120739518,0.009797786174542215,32.439318968320535,3.939861800559017,12.675396093353985,0.04190777685034783,0.006575336871731039,0,0.009364035953927947,0.021143218700776976,0.01585349322365683,76.21731235935098,62.57244411918383,57.55524164938547
1378.5049451935938,0.9759305658812621,0.06957710205801791,0.06818315686940107,0.7643233943765569,0.02298220624418753,0.9020512980231641,1.3307329545320297,0.00993708564844113,0.07010767904779495,0.8173492714550722,0.009447272526225165,30.51017011571247,4.096497764721057,13.139197547148594,0.03819186160864857,0.006357959021006042,0,0.009820839883645365,0.01941175072599334,0.015752559418133125,85.90683846572755,71.81045302574536,63.12168033949561
1379.5247156376588,0.9771952369742615,0.0699687825559189,0.0680973789907323,0.6609062507442262,0.023814945689839596,0.9015926863867211,1.337234086313357,0.009900348463268288,0.06970149250821672,0.849494220080146,0.009467850448505481,32.908117187116886,4.178556653398871,12.995698768264498,0.03392857678343331,0.006299303117794194,0,0.010109116290333654,0.016845823784545112,0.010342895231033506,92.19849697640714,78.75481213586153,73.89846790220031
1380.3578162377257,0.9776898138110791,0.06987021619273369,0.06868463917493568,0.6573292393044262,0.023268471464517573,0.8996473159431838,1.3192738394198467,0.010056083531998909,0.0697318415450296,0.8278739147084477,0.009228474419674618,36.905895498259184,3.929548281116204,12.681631365383712,0.03872825864413615,0.006099700437163107,0,0.00940916962430063,0.016596580564309345,0.009934097981061447,93.96592781698575,86.84565076421268,80.45590356256736
1381.4190688693461,0.9612957886120145,0.06970704112665721,0.06822779115132689,0.6964862821766479,0.02281983258644779,0.890020593423407,1.304941573579513,0.009853372058058626,0.06999918268773242,0.8189918702317011,0.00898126210937897,30.692344953932395,3.9570799775434295,12.694122407889777,0.038290544676666954,0.0062021714541815424,0,0.010933078481124599,0.013386413649168991,0.00999764578009425,91.76556368505176,91.96214587458432,85.66171541704298
1382.265996865265,0.963355602370027,0.07031655296102625,0.06843610534820661,0.4958400756579086,0.02248703922965202,0.8885485032625126,1.3197738736568358,0.010085634968218548,0.07013863872079178,0.8224722791598953,0.009119951325765657,32.15461473281253,4.124532048870976,13.425271328926307,0.038788626667232116,0.006480394012371694,0,0.011970452770580045,0.012238390919982899,0.010321382310782603,93.42473667529667,92.68882096240468,85.57990915778021
1383.4516960595508,0.9439558429924627,0.0664716864888484,0.06838231212908316,0.4438812917951058,0.022897508291498125,0.8909761984646927,1.203177117150428,0.010139374877769239,0.06661038977537306,0.8637330147977392,0.008983804279207412,32.17019083630362,4.098244688841215,13.06079704974677,0.039192557337666745,0.006665505266581865,0,0.01120343854174044,0.013444876495515368,0.009012828623612214,90.77050203704725,94.19266124896004,86.19616940191973
1384.5613445766521,0.944428427592444,0.06664232143186978,0.06877157684497812,0.47732091849941594,0.02271689441434342,0.9088167591201364,1.3507300274101772,0.006665812858670314,0.06676113644413487,0.8650497379706763,0.010659987831296479,37.7382522055022,4.008399696328901,13.15357491752018,0.039182983507607086,0.00640480534362808,0,0.012890611368622138,0.0139063211184139,0.009365527162051341,91.55793010879144,94.0193599266967,88.29795562239451
1385.5603739269397,0.9114588428930163,0.06648853124923972,0.06868344183439762,0.5046986123370621,0.024025632468391102,0.9074919622760761,1.3689755014046792,0.006777610332392767,0.06702512948370459,0.8904011587471147,0.011981846148131324,43.23415642441963,4.036354908870993,12.92814375275176,0.03890130205520231,0.006401024431325239,0,0.013512131090603417,0.014251086731368535,0.009471179150603014,97.10272067617527,91.9785842959303,85.61609900065251
1386.5386621834502,0.9114625571812128,0.0665445670135728,0.06817082562879882,0.43814515477060634,0.022729493579962387,0.9069369136667966,1.38226558593417,0.006712735094208843,0.06644100723622426,0.8653487028070845,0.011990254726932423,44.1390803980596,4.120088676090808,12.815876905715971,0.038620553167026284,0.006568200390685201,0,0.012543539867242909,0.013949532333730695,0.009487093148931317,98.86448649329625,94.24389827912832,84.03906856404761
1387.3890470283313,0.8530856933193739,0.06626230653814526,0.06842081167898348,0.5222974184258579,0.022880018416733237,0.9163033237715948,1.3466846651079671,0.00660192674862144,0.06643964660863852,0.873679693087187,0.010787233421783178,43.57381786951087,4.123976319727701,12.516104919889596,0.03862037343395072,0.006501605260873441,0,0.013878141397123255,0.012659502663344882,0.008602665406176699,97.96435824013803,90.48995534750253,87.65497829683271
1388.336223644175,0.8528225365229974,0.06664529975931799,0.06761356674166337,0.6091758134929084,0.022979277349437416,0.9036931053868482,1.3636204551849036,0.006641825004424505,0.06635202232303708,0.8793397566696393,0.009103862233345396,38.17257520625341,4.049447073132771,13.000738992855153,0.038298052238717496,0.006689519342005884,0,0.013314070459019665,0.013067223872552493,0.008474706626755523,99.48848000993361,91.31239005034459,85.90354078097872
1389.221176978686,0.8341055675543448,0.06674223380672442,0.06807682486569563,0.6082187601319307,0.022606246623703478,0.9113224022273327,1.3304951984962672,0.006416775427476263,0.06701527958376538,0.8758141365972744,0.009817702073973037,39.14233912013644,4.111860740031899,12.965274062811961,0.03899201859734398,0.007249315380698023,0,0.012497263816866137,0.012919239162783551,0.009352291483584713,100.12719711926111,93.7048196977378,79.15767825991186
1390.0853892194193,0.8198417201597776,0.06687533348395588,0.06780586414965895,0.596174899321304,0.02242797645041645,0.9029205546887425,1.334125165376315,0.006632937339885012,0.06684044636817611,0.8702233989913419,0.009723489237555056,40.23008185178725,4.070066579517088,12.663923426646855,0.03892199083241567,0.006771234761760976,0,0.01235792971286577,0.01339994548542575,0.008834474889948856,101.15465818114254,92.91705771035035,70.32084316655062
1390.921946668449,0.811164855845758,0.07005497834232939,0.06754211561633645,0.6240672687492247,0.022471065233276268,0.9057707414051934,1.3264961820711072,0.010156538467269173,0.0698601619640162,0.8768627097758126,0.009909236186193632,39.21119832685638,3.880211218573621,13.250682706081177,0.03905362424091257,0.006695609582342639,0,0.011152911588704423,0.012036667649199723,0.009223522348784215,102.22481751120549,83.73176635107532,63.277997715662345
1391.7412198726638,0.8132714255422662,0.06978130477992203,0.06785810257474643,0.6385368700197002,0.022268539299452366,0.9089989353301029,1.3467134543130819,0.0099984652596572,0.06996922406245605,0.8677976406689459,0.009808331943797587,37.58548533143041,3.732542238586089,12.693118459069662,0.03847215065152493,0.006698856429495661,0,0.012046952777056004,0.012753829735370908,0.009222807910989703,97.69305980286804,81.53028339848419,56.66252742694624
1392.5812341706567,0.8088438344241266,0.06963002526129618,0.06749060598219142,0.6331858109923378,0.02246037219746748,0.8927533666816249,1.315717672953573,0.010038520726949302,0.06997773058063386,0.8712493199972879,0.00978016945249366,25.841815366287435,4.177388282813687,12.947784228597147,0.038369689204441136,0.00701702640588261,0,0.011029727747511715,0.014468726976501518,0.0077754890738066865,99.35209657069059,73.41968393304168,49.9553188675958
1393.4247053176125,0.8094152908297878,0.06982064757465015,0.06768914354959932,0.6001483807602361,0.02229243436465564,0.8951189041067149,1.291806091319534,0.009987130928021814,0.06993627072258338,0.8574479197025029,0.009730176535633893,25.57094592256907,3.941596363609619,12.581609435973714,0.037862718779506345,0.006487694195553457,0,0.011369721559828898,0.010784583593483768,0.008764703196855432,101.86328720379592,65.1364058680341,41.4226412228794
1394.2578059176792,0.8088558733340477,0.07016945148067244,0.06759114878258081,0.6087938443046146,0.02201989038697314,0.8757339857154665,1.305085476902338,0.00986447514623083,0.07021489513868275,0.86030702198342,0.009802806884423493,21.267736845300913,3.8019096915478854,12.535994620641487,0.03798709611544287,0.0072874656702461476,0,0.011543782803919565,0.009222840950199946,0.007115726009327,94.73931753107166,60.44450974498759,33.22839454309394
1395.0943633667093,0.8008159127535144,0.06972878694228232,0.06793966196004565,0.6227384208855561,0.021779498637331234,0.8672554173685398,1.2955772328915225,0.009976028235553951,0.06990102758345867,0.8440090700772583,0.009691457750037517,21.780392893611797,3.7917745011874566,12.656841277106794,0.038353809632593286,0.0073711151068497635,0,0.011684449993589462,0.007383217994384781,0.007541041784619586,92.54017776136797,48.142547047079574,28.402067691216956
1395.9378345136645,0.7920535578010457,0.06984247509040829,0.06842292029556205,0.6829420135512719,0.02193817663804484,0.8784856385293256,1.286030767190082,0.009888610782022486,0.0701606925369926,0.856750517032766,0.009895451484155526,21.293817907957628,4.064891109479666,12.681033097484843,0.036032680543252996,0.0072373938487225835,0,0.010551031117744787,0.00835550045611761,0.007263963435686325,85.82995915493596,41.022351284038656,21.28671728378815
1396.7536508689168,0.7913962928171296,0.07000329332609244,0.06868878013343742,0.7160308306754399,0.02198147089404356,0.8760361474238222,1.2885419834155303,0.009877425037366912,0.07000276199022819,0.8450463797850027,0.010351572129750778,21.120368874711634,4.0450589912181325,13.095435778607566,0.03622842653819866,0.005938152785581253,0,0.010965042908784504,0.007600803665978727,0.00806857882723413,79.48085539230289,36.33544720549043,13.090639668719144
1397.572924073132,0.7887889059212786,0.07044923471230523,0.06864700571005099,0.7340540556302614,0.021924702704997943,0.8819285465387989,1.325552231853905,0.009945623546586247,0.07003582955737639,0.8611257964276914,0.010010985198617348,32.00774886885892,3.970188747599647,13.215365142081241,0.03837190687836877,0.004982238836110433,0,0.006542183329450911,0.0071751366754640306,0.007414780590790316,79.63245566595278,29.395237542197414,12.286399225726
1398.3921972773471,0.791242766575374,0.06692764894303296,0.06878726973678788,0.8323064346738709,0.021944628563637474,0.8493102638081469,1.2971841783705882,0.009958018311888356,0.0665680926700959,0.8587874042870257,0.010264488445723537,31.854422144073308,4.082615720974647,13.349254409779597,0.038676347768320844,0.004774709899526108,0,0.00333193869428984,0.006996288062650382,0.007074392781038222,71.9907913105902,18.7330314630794,6.249869097906325
1399.2149273305251,0.7903931149925795,0.06678396316517142,0.06883852765218765,0.7269965894713255,0.021699176304623508,0.8426818311883272,1.258204998362064,0.010109758582365406,0.06660931536953485,0.8385186070819978,0.010417014534913437,31.670333931513927,4.177845324826643,12.72235736189145,0.0359877837986554,0.0057925818093598645,0,0.0019897648089073363,0.00630741903887652,0.00700287386857915,63.7473516846617,21.943965575503483,4.4820096609870035
1399.996175196148,0.7531522292382065,0.06681086838586596,0.06847851307357616,0.7470257824119112,0.021723932517614536,0.8490435064402873,1.2954904294728231,0.009974588642511108,0.06639672339692036,0.8411638137936869,0.01027494899237818,31.491544691283963,3.704788896533156,13.04185139926963,0.03635128760059828,0.007150179632782858,0,0.0008884935929796942,0.0070594657188662036,0.00768518696177589,57.8588540412827,14.919647244985672,-2.0122121212738615
1400.7635956659192,0.7509060881409862,0.06656286486013367,0.0686812455085841,0.7574045391415102,0.02189702441729867,0.8718853215442154,1.3111267967092437,0.009817906732986407,0.06657373166284561,0.841693500995496,0.010062506328548932,30.442948045500295,4.071183816938307,12.980568430442103,0.03573285550223993,0.007431825181143714,0,0.0008456891162927638,0.004931191609040066,0.007457355738239928,54.871940687065695,8.674688956348803,2.1405350222162864
1401.537929833616,0.7475010687801704,0.06673735517459171,0.06857175283271673,0.7422332057478971,0.0218189673705205,0.8722897310887333,1.2817967389109073,0.006689758165720605,0.06681861775970352,0.8439415605528177,0.010212981127430774,34.0958259399788,3.9773614547899245,13.174538321569766,0.03635801077001159,0.00705637980404298,0,0.0003271331861862591,0.006334625915040208,0.005438459669248647,59.37831004713447,-0.8938083275018708,0.6009715072316286
1402.315720850276,0.7466963698372036,0.06689178485530088,0.06854707626824195,0.7927517064119827,0.021820317022136115,0.8488821221530195,1.2564342675918705,0.006710068938750913,0.0665796672374921,0.8047431795841573,0.010389342584070453,32.364214963957,4.1490840170998835,13.084757781064045,0.03848793964623378,0.005699006312873004,0,0.0015015553649352024,0.007507098765189269,0.006181105540037905,49.9051406741793,0.4331212492434483,0.5621726030843316
1403.090055017973,0.7401806731444528,0.06674960345523882,0.06876438735066535,0.7366149518854384,0.021992151735744623,0.8547212466489257,1.2837144149624855,0.006428166978239363,0.0667969247749785,0.8099800263008216,0.01030107950668198,33.08473952716497,3.9382606807513265,13.032712498530628,0.03916647475677321,0.0056148230224552145,0,0.0010866316252797089,0.007293021415370605,0.005656389785403046,45.68227988083085,1.582953293368568,1.4183157549447796
1403.8505617898184,0.736547034439706,0.06660805688308483,0.068640701521624,0.6928989417000806,0.02207446924011929,0.874728417446249,1.301999627031798,0.00672644870376265,0.06655424151484658,0.8139446751720167,0.010112638532272535,33.34690609910455,4.165508503038516,13.072944858536147,0.03914012308913703,0.005957320673011291,0,0.00016691641069797934,0.006443520884856422,0.005605232856045299,36.24913171388191,-0.604497937128642,2.414903634634983
1404.6041548637377,0.736424878755394,0.06669633356813548,0.06843289265216324,0.6310355904930365,0.021678931854806405,0.8787929574548231,1.2962201210028106,0.006746816696516263,0.06642312784790076,0.8038351625324177,0.010082845532398261,32.924900702279274,4.038827793421091,13.049249032809074,0.040156953249908416,0.006769718779502385,0,0.0010468019070412127,0.007553032124247618,0.005786342638089364,34.936764164017916,-0.8796790048096402,1.4028153372054475
1405.364661635583,0.7343050218377086,0.066423226261809,0.06833846909846875,0.6071396613067318,0.021582143069988093,0.858210428145085,1.284507227532812,0.0066917171038079065,0.06668286324016658,0.7997963556890453,0.01003734331309219,30.954267106946784,4.006167935308135,13.423964343135003,0.043014674511085225,0.006509931875849269,0,0.001014813327776724,0.006678130359579612,0.005766218271584774,35.31995413372728,0.9429525161095944,-1.7436932237149425
1406.1286252563912,0.7327324603900224,0.06664350022440767,0.06717744323541974,0.36884751621949485,0.0215835973905159,0.8679355114825711,1.276755026639644,0.006818123666277392,0.06636574034567079,0.7997126419603436,0.010384587162395438,32.56847056525744,3.955455136684716,12.692360795307732,0.04433471452589842,0.0069254611966645474,0,0.0006646489389357047,0.006808805610852052,0.005517245853495137,29.34122879457865,-1.0659827043431425,0.5810370594814646
1406.8925888771992,0.735654803686246,0.06681306805755821,0.06707070495561299,0.3175142997800006,0.021908314064734973,0.8736326972307717,1.2521111704897836,0.0034123105518132336,0.06654420422811479,0.800934934874698,0.010316232275787547,32.15505825918151,4.007101037889964,13.027606328069607,0.04232213130233956,0.00651693172537984,0,0.0005888205859425989,0.007665664516319646,0.0049436573785220424,28.246259384494664,-2.940676244278935,-0.6502581192128681
1407.6496388000814,0.7330428599415411,0.06658579405189885,0.06742014490048984,0.2630224771971779,0.021857890893072027,0.8778886105444229,1.2846389071902544,0.0033916691389338856,0.06697258394515002,0.8065550379615074,0.010963545085483691,32.83284507212453,4.007407214154085,13.2391520542173,0.0465867246327787,0.00687518709594956,0,0.0003548735411182161,0.008344374365311132,0.00446520164143732,28.924012464206946,0.5018392222639543,-0.9709268530329911
1408.4066887229637,0.7307937524463787,0.06299109561880194,0.06720237984696667,0.24767601599695058,0.021925341560677804,0.8752731461279195,1.2925328676208097,0.003387598989267987,0.06303830397549058,0.8027067145159245,0.011367723180340567,32.323655113658994,4.062361262710403,12.957399801740957,0.04701772536205053,0.006603809554406858,0,0.001392441496713792,0.007125814822820149,0.004958543881401056,19.078322879571726,1.0583864261267601,0.0077572323903021215
1409.1568249479203,0.7312308814315899,0.06356139278785178,0.06613644847856501,0.21344917602751173,0.02208677250147719,0.8772783777324106,1.275000841208539,0.0033801071061767447,0.06350072691297991,0.8137897060184992,0.011230616970484277,34.53251846319585,4.008781918466385,13.244701693805851,0.048096614297547746,0.0057186682664997586,0,0.00028490578602821334,0.008423894061137228,0.004897021919463751,20.423683756497834,0.22130925661644302,-0.4362094780149938
1409.9138748708026,0.7364948503573877,0.06332726758105886,0.06580909926167518,0.2330536411994471,0.021827291145502713,0.8686524200206377,1.2863663342283884,0.0034978574238025864,0.06347442661296782,0.8137217389401216,0.011287286958727898,32.74840291654445,3.9469770836441787,13.470269604763878,0.04716397913580733,0.005595171140056906,0,0.0007268500951412779,0.007120379603042989,0.005179015247293211,20.62060201405923,-1.3180840269312473,1.4872167349574166
1410.6916658874625,0.7357039916777824,0.06657070252924298,0.065451631197985,0.16916145939498275,0.02257252737250348,0.8780170380348842,1.2976320644686838,0.0067769843553456225,0.06621234940174328,0.8932316177123716,0.01085231259496228,33.82834673886377,3.883643787592262,12.28705486450876,0.0477079346085056,0.00662904614802543,0,0.0007655196209133026,0.008635179514929613,0.004929706161369224,22.809020103580423,0.9694702932035335,-0.7563570900997311
1411.4625432061966,0.7364922489225814,0.06668657801368665,0.06546238425793463,0.24229461795877516,0.023546776998038133,0.9236344745236977,1.3093925059595197,0.0034546195709260026,0.06664899546845657,0.8976344095755114,0.010828393393501076,31.90980972435094,4.168198377456793,12.907831168571914,0.049396705455962926,0.006966470225942888,0,0.0005873876103455565,0.006728476516007918,0.004567776318631211,20.53946692221685,0.66799772674304,0.37401026640343243
1412.226506827005,0.7411329427046439,0.06683247745455903,0.06508744147433622,0.20671196679993603,0.02353216645181583,0.9220833822340457,1.2906651517653587,0.003249307259368497,0.06640952851327153,0.9371402764600099,0.011184342825740481,36.10972923379489,3.884733027601248,13.057686019561848,0.050219511613694645,0.006802117132510151,0,-0.0005157199768445427,0.00656569239828883,0.0059691729567129675,20.512244561548506,0.06340013619332531,-1.3049676331740134
1412.9870135988501,0.7335598594151058,0.06660059059578015,0.06521511911254899,0.2051667253868344,0.02386674346049307,0.8658196283105332,1.299003865811241,0.0031533134001358485,0.0668623406082939,0.9354948037543052,0.010765717293964866,38.43554945952559,3.9088140710439476,12.847204069083846,0.047931136159807416,0.006365895376220954,0,-0.0004405843393492661,0.0072982420406428414,0.004146204617435551,21.39469408646237,-1.0667792706467225,0.49809701064254713
1413.7613477665473,0.7423247984363867,0.06664585794465931,0.06531710506966251,0.2862723158914964,0.02393121532003643,0.8772887374365889,1.3202851611555844,0.003422728582449252,0.06699405725883378,0.9335175180394465,0.010686694790734225,39.746415617096815,4.055793248979569,12.556029967647108,0.04776542716578074,0.006778245715080729,0,0.0001504967441476675,0.005677923061118785,0.005614868982271489,20.5778366965154,1.4223457410807607,-0.7153010246720531
1414.525311387355,0.7448716030189555,0.06676776791723486,0.06500219470390141,0.23309551239801848,0.023565520535527806,0.8744823832039139,1.3336942721998644,0.0032558200669156744,0.06656830512666626,0.9304242124126914,0.009832749455097435,36.137003827291345,3.8555707938515678,13.07972408752658,0.04647309941703597,0.0063975425218032,0,0.00024969291163979575,0.0068308123003736855,0.004948790679491985,20.870637597016426,0.2844490984442784,-1.4850553976559464
1415.2028537840902,0.7453720959433451,0.06643006089545357,0.06582605444142638,0.29486663618540193,0.023691716609893883,0.8882926905433199,1.3294523642538187,0.003195566554346374,0.06678955240690691,0.933098261338587,0.010657482784193865,39.817236035396235,4.0746745247815985,12.948770062434118,0.04730421426148496,0.006543228784305988,0,0.00082468061265086,0.006556027574551912,0.005478022320423816,24.38526684882928,0.06168644956293183,-0.4305431399486308
1416.0359543841569,0.7419597701850141,0.06715134121630385,0.06490627671115942,0.23191914836883032,0.023711108563975417,0.8772076763247993,1.3249676959672423,0.003439249430603358,0.06682700655106927,0.8812364394449534,0.010521987269772255,37.62619332832199,3.9056373673206113,12.9191214996788,0.046890534825628126,0.00634321836765659,0,0.0009656880878381797,0.0093458039022573,0.006829767957216369,26.92354753898086,9.344901190898934,-0.5593793349596969
1416.810288551854,0.7460818925223509,0.06659441049687238,0.0647709691880983,0.37331170485916393,0.023555580728800044,0.8817492297798394,1.3421875694233552,0.0032275716825337945,0.06667874635439573,0.886474042912183,0.010665762478622184,39.62210202845206,4.2139324029881395,12.88564307203746,0.04345046762100794,0.0070317745189669625,0,0.0012185018856835563,0.011395741722005505,0.008717601385991378,38.08699510413124,16.275529980189113,7.521621125328867
1417.6019069643655,0.7420489183160229,0.066430627322611,0.06548798717884981,0.6773167928048738,0.022747478991088026,0.8583693383475591,1.3192161574666121,0.0033943488392410635,0.06666352921388441,0.855340144574665,0.00978643139163686,40.344206562485624,4.135382509442452,12.957033454413965,0.042009366061115536,0.007129885155193459,0,0.0016104692576307126,0.01082689210334643,0.009179057348129216,44.66274261913027,21.069162080019332,7.710907140657614
1418.3796979810256,0.7408930876019911,0.06650635722601343,0.0658426268897596,0.6656568296980093,0.023771394432955426,0.8760976392659755,1.3366562609034203,0.0032431279310137346,0.06671997413829955,0.8819049930302811,0.010840579498255449,42.7959717997594,4.117856778092521,13.224585309239718,0.04243166983693051,0.008323921253229062,0,0.0007173735742163056,0.011208726000557473,0.009320609806773614,50.20122508870024,18.910213514626474,5.77739709349245
1419.1505752997596,0.7410354032412245,0.06655835231760099,0.06538869421266061,0.7529002553374649,0.022715543049236092,0.8790095845489545,1.3193625303779448,0.003290777364944024,0.06683980505686084,0.8592518814477146,0.010788089486191485,41.80774096678942,4.1370791888113,13.266400414386807,0.04184357862175312,0.007190412000714686,0,0.0008055575011876824,0.011006260394911043,0.008655235766139682,58.94017298776783,21.3755818170046,11.01390127435384
1419.9179957695308,0.7444556451908684,0.06657254147429285,0.06596517023548101,0.9459080106444294,0.022996324623329824,0.8814239358372599,1.3127853453702687,0.0032321123714041436,0.06671796585438988,0.8505957734917974,0.010688651858097442,43.534057271651534,4.089036047965411,13.045081652611385,0.041888926696147716,0.008344926071511544,0,0.0016476347007163225,0.010287659441885328,0.008403705660521149,57.14813582222146,21.605789963526234,6.737718944283166
1420.6646751455241,0.72033042958843,0.06677615863282922,0.06589018853396117,0.9137543586780295,0.023070637847936917,0.8818036824523185,1.321531396917464,0.003439950941523294,0.06659030871824129,0.8564013844151822,0.010720142442494552,42.68564791635768,4.004130917499656,12.788451612974965,0.04352583080671532,0.00835288034843212,0,0.001400339344102395,0.01132244801099172,0.008370267722341373,57.59629844372322,21.735394303524895,7.841383021267992
1421.4009839746288,0.7197915464757496,0.06662866864048471,0.06580203360072273,0.8726026428339805,0.023455298468299024,0.8872932169814048,1.3255422635252836,0.003298654322139789,0.06684991788340038,0.8871389107635642,0.011730791319429548,42.599407561903135,4.108766114484742,13.189058167275988,0.04385263793618857,0.009807257912085005,0,0.000781512432781713,0.011128980164418979,0.009088622577487415,56.40946217512968,20.21091196244324,4.639260737807524
1422.1372928037335,0.7204039859103863,0.06600790789228864,0.06591608546149834,0.9095219295752759,0.023635342662598695,0.890307564798672,1.3131036419465185,0.0032428475787287326,0.0665531172031305,0.8870084617570175,0.013739254036932184,48.81229559090344,4.071127412802083,12.936657638816246,0.04463300644491392,0.009986941416841451,0,0.0009436528654592547,0.011342598001769118,0.010399340521964269,58.729215227270515,22.42082602410631,7.461889122909939
1422.8701447838753,0.7238339687034755,0.06630592246813947,0.06644099457887037,0.8481820139359629,0.023209714540690356,0.914169552082283,1.3014419658328535,0.0033504788140637644,0.06670561743473395,0.9172235497711182,0.01381151775302356,49.75529235456927,4.062214949038105,13.147533501883082,0.04511533171026883,0.010115220930819051,0,0.0003872963851329625,0.011640672070185253,0.009369383789447478,56.85133055280621,20.609938399461186,5.141493781953727
1423.6099104619427,0.7174826194248692,0.0667464175408251,0.06609807117771663,0.9041175682902881,0.024112997009342066,0.9267201829927713,1.313389537300339,0.003289195913961306,0.06676130834405557,0.9147363209638556,0.01368778288609285,46.45605220794731,4.157945335688522,12.899056349957956,0.0448570286006298,0.010286847639085285,0,9.008979630399433e-05,0.010749389574504659,0.00911529907649455,55.85028451927842,22.84265212830704,8.339180094787764
1424.342762442085,0.7198123086795896,0.06641681315284849,0.0665442944774101,1.4679491588118703,0.024115271565681537,0.9284158837688857,1.3289468527935717,0.0032628965447923527,0.06682623015142092,0.9140109188563041,0.013678161763244785,47.08291996595391,3.8764956908309687,13.59441971743763,0.04492512268495343,0.008963363930257012,0,0.0012441678987711896,0.010979544455998247,0.009540922628386829,57.46362330763766,20.449959061957575,7.181834532079475
1425.110182911856,0.735070644641052,0.06687970336881574,0.06692394777892041,1.5638347726088695,0.023319223410987702,0.9232366690680329,1.3281305764505131,0.003450173274772273,0.06666664421795138,0.9202640658687596,0.013141713847483319,41.60087241734961,3.8270075726254342,12.486145400513095,0.044947952858191344,0.008019203848164383,0,0.0008445406617451567,0.01274203254138929,0.00939761575201998,57.95950591849924,22.04870481838282,9.206487687148593
1425.874146532664,0.7387111561045933,0.06633649841531668,0.0666910907900177,1.5119039150810383,0.023175278003204645,0.9306492015939047,1.320276255155766,0.003426138456411587,0.06653382686080662,0.9105065914545984,0.013115478737465451,42.38348870342721,4.031326371641839,13.34071976335513,0.04493594399289928,0.008151074052126206,0,0.0012381891771538504,0.009307384175046327,0.008765948527909748,57.27288029662947,23.172099609217128,8.658133902006734
1426.6623080962129,0.7392905884381838,0.0666659992031915,0.06641538333541555,1.5883196753905344,0.02301502132670696,0.9225333194092517,1.31940068804171,0.0033107512685744997,0.06658880026162743,0.9047403913780837,0.01296139154793996,38.80682959204286,4.0278688202055735,12.689218672885458,0.04499828548899652,0.006727355320725389,0,0.0013473644017123756,0.009962288811420066,0.0077661319712277665,51.107973552612776,14.126199608124505,8.572164027275187
1427.433185414947,0.7488540314692571,0.06645809700645895,0.0663348008265994,1.658750097211055,0.023102334956001648,0.9234970394794593,1.3335699149530438,0.0036515623924126897,0.06647333914171928,0.9125394735929673,0.013053374414523266,42.55732884001946,3.953063711768723,13.185328485814134,0.04483917406006736,0.008381768393721198,0,0.0003552910494436629,0.006900627769232529,0.006664117237002929,48.922555860848824,7.885009778594393,-0.09387709227707161
1428.2213469784956,0.7586488503077388,0.06622787266607891,0.06619297120052399,1.6599089939324145,0.022515425732029155,0.9258821619642348,1.318418375888266,0.003368784640361877,0.06694192303619863,0.8815895814828525,0.013046007719010959,44.18590412823735,3.979633037367424,12.940367227000031,0.04521121183718324,0.007001972272412771,0,0.0007312388592243782,0.005214356449962899,0.005715281125575895,49.58212757431763,-1.7145089012769466,0.7422578378968174
1429.0164222399703,0.755243610782392,0.0667206991193046,0.06700400260755403,1.6784046820689682,0.022281808766236474,0.9284755650808852,1.3269837002800484,0.0033524435982893804,0.06650787131126168,0.8864333980740376,0.011901450099621779,41.61521235014421,4.049096558425258,12.469689394950262,0.04422764799413842,0.00681215241906294,0,0.0008161375249822126,0.0047589436500157555,0.0049846018004162645,50.327850160152636,-0.14482083854182184,0.4406864821297056
1429.8011269545561,0.75418754097946,0.06637030729996223,0.06707800243344149,1.6638714886196502,0.022377797090694932,0.9205332123251703,1.3134951644478716,0.0033379313820784385,0.06663254284267549,0.88446792209647,0.01189757525109516,44.29873406951958,4.052349596572082,13.395154422905899,0.04343253741170968,0.007046940486315776,0,-0.00018529563672186456,0.005418720328388079,0.005258129171195252,50.10771871421145,-0.894381430410439,-3.0197063604503307
1430.575461122253,0.758366061623962,0.06642783201000882,0.06675162989735016,1.6931715804272107,0.022510528945849585,0.9209191860837961,1.3215847916634538,0.003115054472988577,0.06665353496947246,0.8859680983551167,0.01206724432927533,44.78798541970357,3.896580196119732,13.37165766567455,0.0433511536801545,0.008122122719182145,0,3.550899030454373e-05,0.005216930558590516,0.005280694774538366,50.42609594675875,-2.0383952611970853,-0.8887947398065337
1431.3670795347646,0.759678001669385,0.06663589292211902,0.06691669355267903,1.7314222566713684,0.02244704457740298,0.9171207177428976,1.3248130566206542,0.0034686062066818096,0.06661902989986249,0.8769011620205498,0.011600545658366835,42.28006372872999,4.067529453578229,13.064257236376802,0.04349988017203545,0.008290711893938173,0,0.00046367354855813365,0.006007320209346684,0.005121724044746986,58.53904325892041,1.2705798086800646,0.8896932805576577
1432.172525343128,0.7617314115233498,0.06670971579795915,0.06712341413318101,1.7449590949366325,0.02234115218406087,0.9121220269244972,1.2971996110366752,0.0034778021677315646,0.06703114594024906,0.8747118503017071,0.011579222683204864,42.24768189913385,4.121611267076341,12.945049840519188,0.043513030557673096,0.0075118692793719145,0,-0.00010591225445841354,0.0035143106041121705,0.005199699266479904,56.43338492883806,1.0570307739982325,-0.1664710088748502
1432.957230057714,0.7626531561641098,0.06685288970385962,0.06735483385704197,1.7718214229768794,0.022544628075363542,0.9297815683422717,1.3274049781932324,0.003344254612131747,0.06671364978197006,0.871679112564952,0.011582403811884027,42.99930726701042,3.9570775999859804,12.992619955289642,0.04338020143855934,0.0070989018895796984,0,0.0006903924986364478,0.005658065136221165,0.004598039661163308,57.760201287528446,1.6280679636189757,1.3376172561393187
1433.7419347722994,0.7630369889718044,0.06650604908141632,0.06696824723179975,1.7028726180862688,0.022306352453822644,0.9226985288687523,1.3199492109586317,0.0034720087688834794,0.06683793351578435,0.900712668882129,0.01140236714355318,44.42705808158859,3.962128253179823,13.152909536251357,0.043641031508550907,0.007118999648743579,0,-0.0002616219362271047,0.005645962164767947,0.004637775875842096,63.54537368270542,1.6193876484243257,0.21076770570069794
1434.5439237317,0.7620892494888057,0.06659793860749413,0.06676157557202843,1.727748730843453,0.02253080832487885,0.9083340576985571,1.3225877122430092,0.0034454095990297385,0.06671486653682793,0.8998041523531266,0.011408212033813061,40.40026112243707,4.053643777360226,12.904638782935422,0.043652924578404036,0.006094151363919567,0,0.0009407280701520945,0.005673895971109056,0.0038916770584596348,65.39368099979689,-1.995254017248497,1.0272193827419884
1435.3355421442116,0.7684258133133298,0.06643324061015309,0.06691922197722414,1.6824799144514437,0.022314593165092066,0.8835533116430031,1.3043420577076925,0.003375179431868541,0.06694967004721174,0.8836723006949633,0.011812063320089843,42.32972534526727,4.034440901046735,13.26458633628305,0.04335107540534841,0.00668746042115796,0,-0.0003882794092117073,0.004247476691308563,0.004272412545234431,69.46132936645289,2.4270111028166337,-0.8474177565296844
1436.140987952575,0.7729640266906598,0.06683031311428866,0.067196011532612,1.621646919097866,0.022369574613425307,0.8863430602865872,1.2971389708784078,0.003302790492207522,0.0666384372237862,0.8980218539423421,0.012137772553630449,47.798422590798275,3.9677181475985854,13.321595436974677,0.04321159920087833,0.006245641306321369,0,0.000123783835307052,0.006728857646519933,0.0032240858644784405,76.84537931778569,-2.550151858020876,-0.053101231347288676
1436.9291495161237,0.7679617209335089,0.06724164256404574,0.06665931900867011,1.5997865322724736,0.02243024752480761,0.8808067822987357,1.3405200555913406,0.0031357593135158423,0.06675278668365246,0.8994422149438822,0.012034508707982231,39.88412786659586,3.9969297957601952,12.91834838878254,0.0434866355075064,0.005204060492894634,0,-0.0008059417443302469,0.006232200083688649,0.004366112288547102,79.56075332447583,0.7317923288202136,2.141805015078654
1437.7415090224129,0.7684898680833414,0.06656161267357653,0.06683366770618997,1.619921008866536,0.022639296404854837,0.9096220684515195,1.3230199053121534,0.0035096062363366826,0.06645023175247762,0.892478979718855,0.012601406521503367,39.048468736349605,3.904533836628414,13.254598421207655,0.04462728857777442,0.004934311712637835,0,4.8618135418922306e-05,0.004643920666186937,0.003668432446403836,78.2737580016359,-0.8221525916211241,-0.48680703360220207
1438.5400411328505,0.7694911188004906,0.06677556554045742,0.06661506530344419,1.635903814131017,0.02238102501685643,0.875137732815995,1.314376142122003,0.0034390544173538056,0.06692010869624657,0.877771464454726,0.012704766364058777,35.273784657634934,4.041357754278012,13.43187842663446,0.04530701037269623,0.005033763290686996,0,-0.0004392727753409047,0.005214628591033521,0.004845846260850258,78.96460029282528,3.256595502557089,-0.5255593590007579
1439.3385732432882,0.768144474379949,0.06621459422320038,0.06681158114488994,1.609458071410919,0.0221423241293679,0.9109043814046163,1.3265093733159103,0.003142836532205598,0.06692619956256468,0.8415149245578449,0.01182532177788539,34.626765090247396,3.933160418170758,13.314736148224009,0.04512938650111449,0.004892665052000276,0,-0.0003229069819705432,0.005833259928478254,0.0050957100094817095,78.26966948071342,-0.6338828647534074,-0.09630297768472494
1440.1336485047627,0.7709745160319634,0.06658964919679848,0.06716916352158268,1.5993454808574485,0.022183427364530373,0.9117879120348367,1.335943821654362,0.0031002837296341674,0.06650177474903442,0.8395713159184757,0.012670251704257321,34.74053076494097,4.073006817484104,13.076922272627511,0.04582815437617942,0.004805046516572757,0,1.3466163912017256e-05,0.007363096429449933,0.004748831077220756,78.77866358826162,1.2948749608429726,0.5021899981624471
1440.9148963703856,0.7701997742325194,0.06658124147297216,0.06697568628984255,1.5864327927015767,0.022473734330382435,0.9177998519496958,1.328063869965477,0.003264577360496012,0.06689251059625095,0.8412107931794622,0.012677244556624109,36.43094307346878,3.9419756912302297,12.729742258472763,0.04759110066675667,0.0045695339508439745,0,0.0005314659902027034,0.0127093990507442,0.007916996094194544,78.62705489594399,0.24717943737327552,0.5845101568534375
1441.716885329786,0.7698867717412093,0.06705970933645032,0.06718233012383319,1.5765785897836337,0.022447862884974756,0.9072945843329511,1.3416873753599021,0.0032043329526333358,0.06674083962101746,0.7962519911036894,0.012627996563161315,35.18200847170733,4.111440315766999,13.015319945776884,0.0478436248358279,0.00485381207227689,0,-6.0318274753054835e-05,0.012978183506531772,0.0076807681910153885,78.28841531381023,-3.3950716197972497,1.0967104452101146
1442.525787987112,0.7696101366918723,0.06688628853701285,0.06679944560482959,1.4983026277784042,0.02224343136803493,0.9082898841451754,1.2703004963395148,0.0067767297130243345,0.06689000063531522,0.7525048086433911,0.012784469855363937,34.94248187870938,4.034193385199125,13.409343903994992,0.04823886404869515,0.004515223747282129,0,5.6858970723491596e-05,0.013394003495347135,0.009231089668600695,80.15509575629974,-1.4849419803053412,-0.4021368597091519
1443.3243200975496,0.7678318137130069,0.06691662119741962,0.06741955379088117,1.586908289842996,0.022259254911160598,0.9120997744082616,1.3217247748669902,0.006629700458744449,0.06652945811975475,0.7601640268268393,0.01253857778723368,36.81537403821043,4.13905764455032,12.758776127968774,0.04509140564629793,0.004026019881530948,0,-0.0006489057126962846,0.015247960571442457,0.008966121644606572,70.99019602941291,-1.408107161081681,0.02289381705790878
1444.1193953590243,0.7671815915025897,0.06636875859281088,0.066686625363078,1.5096759906984787,0.022203793407310178,0.9177578306097021,1.319911112774525,0.006613367795038716,0.0668071199435906,0.7475489614800515,0.011166820629002334,33.86844649860132,4.045332195746768,12.664548398900243,0.04489761418911137,0.004954963896575715,0,0.0007183977584451036,0.015422188503964169,0.00976172094524235,71.32891530557275,1.789524527029421,-2.867660962135677
1444.9144706204988,0.7664847190425067,0.06658225120598289,0.067268547049553,1.4795548473643962,0.02201581463256934,0.9134491796508762,1.275025007121066,0.006709377478662159,0.06637080569507343,0.7511769012902301,0.010995852894565214,34.89934108944913,4.013493989746623,13.289855271744822,0.041557636317444635,0.00472754702720916,0,-0.0004925416723743146,0.015036399344048955,0.010271931382990077,62.971223269215976,-2.752303904911957,-2.7008183881552537
1445.7095458819736,0.7654405042384105,0.06676507053228993,0.06724107758456865,1.371597833231868,0.022305068375189446,0.8984064253421558,1.284064028394482,0.006782950067320141,0.06643197775634177,0.757167404263018,0.010458755493066208,30.23529437477315,4.064450682065607,12.832509555704792,0.03952936448039461,0.004829940537707136,0,-0.000294870118926947,0.016906647753480865,0.009041963175329733,62.79566869857138,-0.05869899943601097,-2.2054811505751224
1446.508077992411,0.7671661838217083,0.06674106488427818,0.06722332968664259,1.2697199892986906,0.02214262755536804,0.8922186719210284,1.2822942082814395,0.0067217141417414365,0.06681541319587272,0.7593833000322768,0.010074163535978339,31.410579666140578,3.958074433087991,12.957355163784783,0.039519699454304245,0.004716842840366272,0,0.0005126096563992922,0.016664762668562018,0.008897716547911187,55.887004033404395,-0.15009658271917814,0.26456457400692734
1447.2927827069968,0.7663482546396939,0.06650970910060132,0.06732835738708255,1.1202364732306054,0.023108847808027445,0.9068003363856553,1.3301548217979349,0.006840022312038105,0.06676594534006688,0.787292490989377,0.01019155007388592,31.364887163279946,4.104975706508279,13.141838155127358,0.038008383978085356,0.005093874293938666,0,0.0012593150531051206,0.017325396124702994,0.009367018640083007,50.35169784935428,-0.0965517925243948,2.4988972028400127
1448.0844011195084,0.7671496116292406,0.06691823727304497,0.06740874331464325,1.073090172303451,0.023279543078979312,0.899241313044941,1.3354275633888442,0.006468082242077088,0.06652347158123455,0.8003705925384824,0.010150092962236104,35.67354023784467,4.064105630022086,12.692951540771352,0.03787620006068651,0.005015949522702165,0,9.462110055487451e-05,0.01791706776050013,0.00876619581419733,48.729071180820895,0.5057014554480938,-1.0116979656238412
1448.87601953202,0.7662225532883676,0.06665576374588074,0.06736679606152078,1.1066249704157172,0.022934215720480287,0.8904866592524834,1.323293896456887,0.006366011024767306,0.06677357523204785,0.8052652428965007,0.010149826847864415,44.709924423981285,3.904933772165003,12.500955145961344,0.039572431382802774,0.004301715611840353,0,-0.00013261702710901056,0.016185469181414128,0.008971273571034832,44.31724378935756,-0.174194299609528,1.0089486302312356
1449.6676379445316,0.7598210558408451,0.06673664618932888,0.06724675910558509,1.1621619987505216,0.023146838873394207,0.8806930019354746,1.3247806194302212,0.006590442928968981,0.06683678273857542,0.8553838437596918,0.01009686307586321,43.13003901170786,4.0371148536484425,13.028269804587422,0.03926195891045998,0.005088337941488587,0,0.0013322167383211033,0.015946777381547084,0.008911973149322861,34.382199349754146,0.3056342630020211,-1.1430750676691168
1450.4523426591177,0.7648913107654651,0.06703442650508515,0.06705714315608584,1.1264405408486484,0.023088006156319806,0.8755355713712761,1.3228419163468592,0.006761162596495665,0.06668003008082365,0.85081616114126,0.010259708862280958,45.12503042211245,4.086833212292429,12.963813207515551,0.03907851031884641,0.0045418504954812195,0,-0.0003485163630690467,0.01714370336907597,0.009078487795679368,36.25068793785053,0.7015877069967598,-1.343011701472494
1451.2508747695551,0.7640868286481578,0.06645614370497424,0.06745828440783784,1.0969791590544198,0.023500493793363872,0.8890343649374941,1.3360995428912306,0.006575924073800182,0.06657413924631321,0.9096227747280387,0.010465912296456636,44.13777601374574,3.9981879557586084,13.02534382830101,0.04171822320748034,0.005163698057595105,0,-0.0007904504386399821,0.015775500340947615,0.008591408576205328,28.670084756707613,-2.686031494234654,0.44777534649574324
1452.0563205779185,0.7645591731863759,0.06644409201919306,0.06715344006430952,1.1257948552022599,0.023267301197764097,0.8799234097153158,1.3274330870008182,0.006656408758845227,0.06664345069740434,0.9069479812558653,0.01067338010564647,43.198801088889674,3.9294218980623494,12.913117232376722,0.04201919327065412,0.005974260024560176,0,0.0010214252224842785,0.016345538987521488,0.009318823878863772,27.182069692686543,0.9290875410267789,-0.8532295983022775
1452.861766386282,0.7646567552983661,0.06675733968633961,0.06682327407422475,1.027519563568176,0.02317068444539605,0.8919636997145641,1.3308256165276813,0.003261533933487149,0.06723327374809195,0.9070196282702248,0.011125282354824165,44.63753339718317,3.9041440601010757,13.21479805080151,0.04331597873756848,0.005418789084930942,0,0.0007064282692891148,0.015367762074028709,0.008134138291397293,27.525059102028962,-2.3552184534966423,1.0987594945703003
1453.6395574029418,0.7620217031553513,0.06659173351559336,0.0668776297923415,1.1269131597661095,0.02369649404325853,0.8922898192491758,1.346391702177516,0.00337284637006355,0.06681149767479075,0.9056872461166858,0.011851200071216953,42.36015731122655,3.876670250277481,12.731944368180631,0.044421933106323426,0.006125904422618536,0,0.00035034849874622867,0.014338334875755006,0.008002047849074231,29.47598429403978,-0.14597392454795372,1.6935289883027467
1454.4277189664904,0.7589968999460461,0.06648854264783108,0.066784518965407,1.0549260608909206,0.02347573527698745,0.9456723323751309,1.340221471284892,0.0033772829452607366,0.0668252961233429,0.8812374909537066,0.013195300030182582,43.73564731655785,3.8874726373220962,12.810524348383261,0.044405685979710466,0.005768813271952721,0,0.00035170550869362407,0.01399233967420508,0.009159147335019767,27.125197789325888,1.3838640141331249,0.17565382707231583
1455.226251076928,0.7540204108091235,0.06652308085817239,0.06667159903986361,1.1326793316741217,0.023669571408366275,0.8952336371381279,1.325360381872957,0.003199049252775797,0.0666938321088102,0.8617914507498488,0.013427944943681965,40.17080968082849,4.011181675505657,13.209372793690232,0.044054580205814174,0.00628799014184995,0,0.0008343913475015378,0.013896012409426858,0.008840844965404982,37.755079155951165,1.7849033710724909,-0.7202601740511613
1456.0074989425507,0.7473480189612824,0.06657133128234005,0.06664624335936675,1.1022982618446442,0.022580911840202156,0.9317141727008844,1.3139312892999213,0.0032940775181850455,0.06691505602972152,0.8528322233653085,0.01323693128280083,41.167588812172355,4.005236927749382,12.728337827234931,0.04473930892430206,0.006319095217296794,0,-0.0003456070224251083,0.012831541986933584,0.00997412041384131,34.91608888326481,3.48300030636018,0.20166656817214573
1456.7749194123219,0.7417708707307998,0.06699620792949879,0.06661929398111281,1.1323101622276954,0.022510570847323098,0.8812644384163529,1.3148588811175588,0.0032523115448250396,0.06685352089302149,0.8256004420769799,0.013428271411737332,42.32763137102062,3.9522262649017748,13.026618533849234,0.044787005656180025,0.0072384819168380115,0,-0.00013793124421359725,0.014138483134022904,0.009796295893856404,42.108244525255635,-1.366874019063116,0.057809585476137376
1457.542339882093,0.7359476201632543,0.06671712368418599,0.06676840371297368,1.1249669714150001,0.02257173460217193,0.9229918077221653,1.3134765757371754,0.0032793601057423557,0.0669099299447207,0.8184785359912891,0.012497498771431812,38.857519081465135,4.098881996230947,12.781024237021517,0.046356760273163634,0.007248184648910765,0,0.0008953887049577968,0.013205635729968149,0.008969185923006374,41.90639975252853,-0.3857896799959698,-0.20049645773372116
1458.3063035029013,0.7361906038233021,0.06693084450529267,0.06691089148949557,1.133136582762487,0.02250669324612455,0.9228844644568337,1.3193120129099474,0.0032608073661416605,0.06686588574122611,0.8203595529300182,0.012449466254545589,38.94106629750652,3.982773617442367,13.420235518720858,0.04594978260610422,0.007717526085695992,0,-0.0004771481260205512,0.013195039552246388,0.009273644619328269,42.11635566938966,0.8752231568217971,-1.1803583591226066
1459.0633534257836,0.7406857856244472,0.06688294501929137,0.0667532359204597,,0.022772711583843655,0.9512211951472906,1.3254459639830778,0.00344871899172134,0.06674477011280701,0.829528930879887,0.013706974686864402,40.76595321895673,3.9679993676871383,13.228937778158132,0.04434821554842157,0.007852039518994021,0,0.0004209004943910733,0.015413684316000981,0.009273076193510995,41.98902324786856,2.27652329508515,0.5038919025226084
1459.8273170465918,0.7390531179627204,0.06683855760249771,0.06662005843176842,,0.02268914317356978,0.9214637124679717,1.3170259491906526,0.003502193099762107,0.06677126502288235,0.8182089831440303,0.013722283394606514,40.75827032361939,4.067295546697278,13.315185955140139,0.04509761883232903,0.0079482881340887,0,-0.00017307875172406533,0.01432523995989425,0.009671320028019072,44.00602540359813,-1.1084781871646059,-0.41039241440953544
1460.584366969474,0.7399216654318933,0.06667291314696093,0.06685941348371502,,0.022729969067695196,0.9228391693564043,1.3302670639520662,0.003465173715821259,0.06667261217146818,0.8289428573355319,0.013600221948092253,40.58442754321388,4.131417209602495,13.193152203008927,0.041737447780381826,0.007455224481925273,0,-0.0006534058352210063,0.014764533398249721,0.010737059473631943,42.063605230833105,0.3089813541694446,-1.1380471444865436
1461.3517874392453,0.7362079300051075,0.06637061670068034,0.06652717474302101,,0.02294431953662865,0.9214150249073078,1.339073354358297,0.003406086182327854,0.06645794370865142,0.8258889553347696,0.01358315203604369,46.93770050177179,3.925114312713411,13.088295642513803,0.0417587186086178,0.008027822013041246,0,-5.975037834116901e-05,0.013911630139994946,0.009259158976645039,43.06229504267757,2.4648947159187973,2.4465375222452317
1462.1122942110903,0.7367124585063224,0.06644705101080618,0.06645935336796949,,0.023208411554584443,0.9201982052482109,1.3182587956306788,0.0032207832733881447,0.06690764233991066,0.8195935389399317,0.013716502474842457,46.335998359033695,3.981937777346671,12.786687771865251,0.04177602971529939,0.0076069356538425465,0,-5.418757983637274e-05,0.013562205868282629,0.008648134451528771,42.19847638269329,-1.6713089915503798,-0.06529212900699824
1462.8900852277502,0.7424630174143553,0.06694729214810136,0.06625874531346278,,0.02346448754167794,0.9215131166953932,1.3414076561375332,0.003538580868651025,0.06672724718871774,0.8327837384209839,0.012690154040559539,46.7225929146166,3.9176631733461296,12.994628870520799,0.04133060577122361,0.00800982550421265,0,0.0010419401331167887,0.013983331478408339,0.011946374581552371,44.02049438143352,-2.598366681503581,1.698337618863274
1463.66787624441,0.7379429892847876,0.06666239454856748,0.06647131587538135,,0.024488769474462425,0.9829370932701691,1.409154307802827,0.0029980912407945996,0.06659155310392145,0.8258469901008794,0.01271009655361413,44.66766119560738,4.001100555083304,12.86412859424111,0.041631958345627364,0.008356554771014168,0,0.0003676308600202081,0.01638950113243747,0.014879972308613106,42.006030442396806,-1.1134648168681374,0.21059344724486
1464.4387535631442,0.739304454532064,0.06670836151574107,0.06637276619075758,,0.026527647472600505,0.9676266910974959,1.4731730189553303,0.0067688977544553145,0.06684156442641483,0.8474580710610546,0.012841440275834374,46.01578405798893,3.9362372964518304,12.782788566660393,0.03910417811652637,0.008073636345248944,0,0.0003964592183690257,0.01889399994236719,0.015078380317457753,44.22319789350758,0.7718845363174814,-0.5352919115132176
1465.2027171839525,0.7420351557921359,0.06681479152927351,0.06700732773364196,,0.026687057748527875,0.9657740503200791,1.5148890030624595,0.006769192159127706,0.06681643832439527,0.8450413121543654,0.011549536612863037,45.347036309909626,3.993659078087075,13.04299971159709,0.039027443891582275,0.008232967957876893,0,-0.0005533343945187197,0.01837396935543603,0.01607452638378824,42.32879587375217,-0.408657226785375,-1.3004563697191565
1465.9701376537234,0.7418292004050512,0.06993133243405994,0.06684844589227135,,0.026676523245447968,0.964621195003025,1.5303675298798063,0.00665698462282511,0.06959850007122201,0.8368901795168946,0.012856761393518346,45.118825714926,4.066731477164255,13.208167490059807,0.037978896869074345,0.0079343407195133,0,0.0007478825430682874,0.018831086210586316,0.016105730258002198,36.01605233929284,1.6372607825658438,0.4815637526307558
1466.7410149724576,0.7377290408484032,0.06996718130967083,0.06679973905470209,,0.026158568415966192,0.9610282391287847,1.4696245553374783,0.006631802653547419,0.06992899668205982,0.830339075409466,0.012739079823790975,42.22613331278104,3.8290617869361707,12.954150068629017,0.03680886981961376,0.008085423258952474,0,0.0005320501361234801,0.02751225140137745,0.01901815395750397,30.637591227567,1.9000790434782469,-0.8318525245228423
1467.5084354422288,0.7363479691889692,0.06981463060683671,0.06699667554132971,,0.026065080147581743,0.9672452392841725,1.4562914559954363,0.0065365985309338405,0.06987435459015864,0.8298693367364822,0.012705478117816539,42.11464037380228,4.06326585813277,13.026264902106284,0.03649499917144166,0.008240287431444204,0,0.0007341477079581458,0.030058998228914686,0.022112130386028953,21.624061252226635,-1.1896014820633543,-1.253534121663111
1468.2793127609627,0.7366236991053094,0.06999657686817601,0.06714703905700503,,0.026098332739664477,0.9676282781039036,1.4662228097622807,0.006733270324110854,0.07054715471717471,0.8233547698287278,0.011820129804298833,34.21374899192096,3.786956794771124,12.747158943565681,0.037972137882267006,0.008149926194552393,0,-0.0002616382438709642,0.029449057831910878,0.021724024426849002,18.950166745178553,1.9568463135843823,-2.5813919681318347
1469.0329058348823,0.7391629980971378,0.07029633408227892,0.07185281270915617,,0.02592325932854517,0.9945751033706344,1.4682863035018006,0.006800309821170477,0.0697664527048973,0.8201539366574151,0.011571813158237583,36.80740436184438,3.882598560498474,12.713826072136905,0.038639098684395454,0.008486824038604842,0,0.000303177008040064,0.03063814792827797,0.02160654741178334,20.70474760190175,0.8774005362942122,1.0521545490777666
1469.7934126067275,0.7343196836101478,0.07029816865647026,0.07310653122152617,,0.026110113706390926,0.9643986092821835,1.4753826455475447,0.006894446487420154,0.07036494307393361,0.8277132753045624,0.011729114637925166,36.72110210746593,3.9842059123308746,12.626325066531372,0.038182970972651796,0.00771154968391523,0,-0.0006039798639269366,0.03089615091536259,0.021924661736974015,22.27519072613395,0.3798318940114328,0.14101157762133149
1470.5470056806466,0.7382421020073454,0.07042313915509513,0.0735121507328723,,0.025284196911203424,0.9536732634271605,1.4733755532282977,0.006663900187512804,0.06973013659072362,0.7972851295263358,0.010817031517192694,32.5979832259215,3.91707783242496,13.157798917640903,0.03870150540486956,0.007462082207642329,0,0.00045645423125842356,0.03175362354264563,0.021011336984250756,20.761893102076655,-0.5016445774304493,-1.6554734617434386
1471.310969301455,0.737344401694153,0.06978437837066849,0.0740326185327555,,0.025207159380860992,0.9652227436625845,1.4634126327750938,0.006764780018752758,0.0700807875800711,0.8010339084536914,0.011184383142326544,33.068341383578854,4.108382310598724,12.879204354197366,0.03861953696465219,0.007618521922865463,0,0.00018141973281967673,0.032139937443964324,0.023632865619896564,20.886425886718886,-0.22487486266081372,-0.7664353822231736
1472.0714760733003,0.7338934519462573,0.06663102233676388,0.07406393005163395,,0.02344816119019499,0.9444544105779933,1.4020765620450304,0.006787775348840715,0.0665956385719876,0.7520346127314783,0.011800918363282738,36.841293587018725,3.9182863469971463,12.941298359067023,0.04468551892118344,0.007063871304455862,0,0.0013348166123672404,0.03191052035314471,0.022286827673431677,20.56715608432857,-0.03358696701087856,-0.6429383080335853
1472.8319828451456,0.7327293518454698,0.06649591101851474,0.07388142411545831,,0.023068503953765977,0.9468780151324259,1.3405087764994175,0.006997481051449479,0.06653035435945079,0.7409123646302939,0.012647380493718528,35.55843861477424,3.8095371941553915,12.459472046519101,0.045738685355821165,0.007366237953768839,0,-0.0006498664395318973,0.03248430579878283,0.024278035648109562,20.00056667519068,1.4400976622835966,0.4210205080870374
1473.6028601638798,0.7336314479283488,0.06324458567150959,0.07404450156946189,,0.023017356119364743,0.9232992316466989,1.2982174318107873,0.003193411225685069,0.06307392734830028,0.7344902261038287,0.012446751937491672,37.67336424837417,4.06570196521117,12.382201852632283,0.04583640892426206,0.007080008178440434,0,0.0004923798068201719,0.03501144747134783,0.023126255331123863,20.441639269962117,-0.05607503566219861,0.4922753447799064
1474.3737374826137,0.7398343278849409,0.06323364769752028,0.07404159423117546,,0.023582092800980822,0.9593034790676568,1.3203783993650646,0.0031446612750350503,0.06382153526124247,0.7396778780024788,0.012532481069465331,41.268576485677556,4.036298250729722,13.00393260574534,0.045527320867711885,0.006977525266528061,0,0.0002556398660335075,0.03380318921043863,0.023418053054144183,22.594751591925338,1.3284113391344758,1.659883220059274
1475.137701103422,0.7449397229500883,0.06331592465619877,0.07332119746986429,,0.02346564239960061,0.9282632558386607,1.3138942038112122,0.0034637251513241264,0.06372695156481756,0.7410398771719784,0.011645272190831618,37.03854324351014,4.033990121166736,13.346201034006706,0.04632251629901077,0.007317428214482792,0,-0.0004046059795903376,0.03392553288539108,0.02354949522092231,20.11446851341979,2.3585400469095004,-0.46981792393145944
1475.8982078752672,0.7395272863495114,0.06308264569803505,0.07318918323191498,,0.02327828550640665,0.9180221675843881,1.3004238816364566,0.0032079947333869168,0.06328069350835715,0.7382492638372398,0.011707189570979432,36.54839530189797,4.03139968322154,13.198411880219465,0.046137414512167234,0.007262633259102252,0,0.0007275295553408264,0.034328142694976964,0.022940413834050884,21.229238440014605,0.7063786891782707,-0.6160498509652037
1476.6656283450384,0.7404379048590929,0.0633963393330616,0.07250936819021711,,0.02227641655894008,0.9233607956321203,1.2980620539951133,0.003392793777278169,0.06312892400297845,0.7406159636909289,0.012074861813573335,37.121889198018735,4.016205161485241,13.011177096668973,0.04692633310830722,0.006811718495327276,0,-0.0002871378203721485,0.033528219106347,0.02195553617765824,22.237811212535984,-2.435840569955116,1.1513775457999018
1477.4330488148094,0.7408769662024972,0.06369237918148114,0.06817877252197854,,0.023556804265061817,0.9244778078309592,1.2883298963087815,0.0031682486841527516,0.06347213236860781,0.7562317856594013,0.011863350516082548,37.793361015463,4.003221852745754,12.943946816850008,0.04574994982096241,0.007418186260269706,0,0.0008592976306077428,0.03225283068452137,0.02187769848723307,24.695852417777935,-0.10060635115315969,-1.409322626362015
1478.2073829825065,0.7496191894654836,0.06293217987002186,0.06521137668164463,,0.021318977169579957,0.8640873845039588,1.2952617778102677,0.003343094525229212,0.06331465871565156,0.7536004097196717,0.011513128752518587,38.1893954966621,3.8355564386496046,13.130028889636206,0.04618696195835893,0.007477326798487513,0,9.128245936866858e-05,0.028446117777066206,0.013731069997760888,22.616180005613298,-0.9966034184748453,-2.101914713440288
1478.9851739991664,0.747635814098311,0.06318402184303905,0.06494036657005665,,0.02221197588745415,0.8644783624377134,1.2884526857870386,0.003215221573130355,0.06323671331992754,0.7553320527881916,0.011476002464784175,37.633491504939045,4.098423231016874,13.079580779227694,0.04245852975482504,0.007972732407275602,0,-9.924144292447674e-05,0.02678852562726261,0.013339809187065796,21.367366999274793,-0.40637662615593356,-0.038964176129352504
1479.776792411678,0.7475049579981928,0.06325472780373048,0.06410274899954072,,0.022492880703077072,0.8643121531741483,1.2969889733366422,0.003280182032269567,0.06352637615543605,0.7681045422274713,0.011994489586179569,38.36825621308622,4.021478525316457,13.31149262071255,0.045837318799993525,0.007335644985042523,0,0.0003222597950146195,0.027414902418760084,0.014372021518876373,19.233912992506756,0.6957515477391939,-1.4572219627187517
1480.5649539752267,0.7485877354291816,0.06359199495727624,0.06392639348048444,,0.022100418627167592,0.8673840124376223,1.3052458029646954,0.003288858484399374,0.06350407636377739,0.7734858778750738,0.011345453351114917,34.19477770042225,4.065772943510369,12.989089236339828,0.04217101685907953,0.00722240736750178,0,0.0006905623011247735,0.02592661654681032,0.013581166956070456,23.26341147544849,-0.13265626845223577,0.8191239309223988
1481.3565723877384,0.7601864817861419,0.06371205059907817,0.0634509181178666,,0.02354129561607536,0.8658378767062286,1.3122282148067503,0.003275745379078944,0.06279117060870325,0.8064883229267986,0.011474283543863642,31.6633464081995,4.166319500384832,13.07150981468206,0.03988105021102663,0.00745437093298562,0,0.0005060251974116629,0.024804001118817427,0.01427930828619352,21.499036864765912,0.5210071916181392,0.7149223680982894
1482.14819080025,0.7610226671203631,0.06302763929378055,0.06330836137466209,,0.023627812096815096,0.866703108385848,1.321132085325638,0.006657634532295703,0.06348217581329493,0.7976008598285389,0.01097114040089573,32.4703374387853,3.812413066890345,13.08319661242852,0.04209307546548061,0.007734843371107491,0,-0.0013620323063378516,0.025221206637841102,0.013276639253500677,21.71762056624768,0.7081211501807129,2.7391735447891183
1482.9190681189841,0.7572986009744842,0.06332417801895864,0.06317946698986125,,0.023830340484930355,0.8650346181840483,1.2977027413421267,0.006911375174129787,0.06344757578654127,0.7959867774153174,0.011169811847831777,32.86100555616957,3.8923171053824763,13.121461895309988,0.0414230144763508,0.00549982281386208,0,0.00024409873912904133,0.023003429877954028,0.013609126728653085,22.39157219099172,0.586335079416723,1.3194473427092912
1483.696859135644,0.7607825042619948,0.06664817922194764,0.0633801581277033,,0.022370276952591795,0.8700137665032491,1.300107021800241,0.0066721453415752915,0.0669595345708146,0.7930632980320855,0.011088465321415908,30.831160123504127,3.8475533257830046,12.706528679252996,0.04721084482192588,0.005294025381658498,0,0.00071304161580652,0.02008729678156387,0.0127648948226346,22.667642989797248,-1.9010385961140848,-0.7858182358178859
1484.4850206991925,0.75894175695183,0.06654339161529571,0.06334506286354706,,0.022305188076618465,0.8618797705205274,1.2934251367877834,0.006517641668802651,0.06666218849421757,0.7972853515126788,0.010245118223634326,35.972751963460624,4.09155108336254,12.933396605422118,0.04735116522004366,0.005851164370189636,0,7.517486873380596e-05,0.019659211565416623,0.013486144319952778,20.353091165541898,-0.3318709052759041,-1.4604980355829993
1485.2766391117043,0.7619613185877083,0.06709523226778356,0.06378598189993433,,0.022853980441045394,0.9329414040350839,1.326031128641447,0.006513123720426333,0.06681218474956115,0.7997315657832663,0.010016498819719492,33.455903890568806,3.854931803838631,12.949349280329642,0.04688437148252565,0.006346888295524209,0,-2.129868047160754e-05,0.018735155286190224,0.011679985553732387,20.77598634770965,-0.4746098217012871,0.33445545389182013
1486.064800675253,0.7562261785353812,0.06656807239900328,0.06419922055344833,,0.022400749566183504,0.9374647245700375,1.2989537815900614,0.006688385291687984,0.06649004685137014,0.7732421262644289,0.010293220669442826,35.01335699002915,4.0598467464274135,13.056117853088615,0.047234669796673394,0.0056464716875848356,0,-0.00031997860415884226,0.01744786071193721,0.012284216146925406,19.803322201507996,1.6125960072258632,0.29302912797435726
1486.842591691913,0.7546982412836558,0.06660589508206702,0.06429112210789995,,0.023091941926251275,0.9403887115998726,1.3009222709782884,0.006569545537966845,0.06654097433123712,0.7980215593076346,0.010467453799318587,38.36117797364285,3.9977156954123876,12.464754348251148,0.04726763005284013,0.007200129997030036,0,0.000492174918906168,0.016453586852404133,0.011341446264851868,20.107503416112163,1.2972475725213923,-0.6125706013689676
1487.6342101044245,0.7550406136988034,0.06692445951201087,0.0648102087945471,,0.023060627449608084,0.9429962931111591,1.3092438940569942,0.006561409724506514,0.0669002524625611,0.7840756707958404,0.010564234922241907,39.41387104939197,3.794874560034415,13.016363421063264,0.0476295515673897,0.005354052591053388,0,0.000514214398469607,0.01679310463147733,0.01235450460331203,28.880568044382432,1.1070935841833185,-0.9646997335082083
1488.415457970047,0.7535750438231449,0.06672104246138827,0.06516595765819488,,0.022589485316908468,0.9334161719561586,1.3173571953209855,0.00674704508604458,0.06680106392024936,0.7768910385095362,0.010413095822932162,39.913532725072734,3.975764453209488,13.008878530150358,0.04724416173593532,0.005483288720245711,0,0.00016673321141933342,0.014836894363391438,0.012700187174546546,34.14898209530895,2.8817550137858206,1.0632348990773381
1489.2001626846331,0.7522398091577378,0.06640627538279441,0.06517278505518383,,0.0229890692639105,0.9356037620850206,1.305440417224002,0.006604114451312715,0.06651830116026414,0.7811255582121962,0.010298427015820868,38.69886415827831,3.9076360905959695,13.44318354201375,0.04709696903861685,0.006006501294210283,0,-0.0002266402386927673,0.014874509913119793,0.011799191886263822,36.07108414403341,-0.36877993169452733,1.9616280880096224
1489.977953701293,0.7533147685506518,0.06680717111543993,0.06548229284966849,,0.022743456913679818,0.9304016867141213,1.320498307744048,0.00671665984334796,0.06661056307159025,0.7777303104582279,0.010486852010795715,39.0974861141935,3.9018778487116577,12.73863986776419,0.04666121958258445,0.004632772328093962,0,0.001002357262469689,0.01583606196005461,0.011847110310112678,36.46779565112978,0.8745864334425063,0.5585422809426315
1490.748831020027,0.7502125749703729,0.06686506585147071,0.0650471536827293,,0.023518216867436888,0.9293310847404631,1.3133122840032792,0.006872081379633179,0.06648709496910012,0.8120041557298031,0.010899061492038795,39.26549874507914,3.9823544589419995,12.465447189319727,0.04265570107476332,0.005339877697158682,0,2.8352464413514246e-05,0.015630075456301663,0.011243463609002578,37.05325515103227,1.2529570902516212,0.4748634862332956
1491.5266220366868,0.75078972935239,0.06656136164842577,0.06516119732444006,,0.023509423324876457,0.937364588781421,1.336381905231405,0.006703562504260494,0.0667208042072261,0.8075153242405744,0.01108176728397322,35.235126036335245,4.038176195847097,12.996631657552316,0.04422011608849197,0.006151587087481121,0,-0.00018450764945180173,0.015642406043341744,0.011709565259858978,43.633278072227284,-0.6589289937456598,1.1877843924177198
1492.3113267512729,0.7470768845182667,0.06659209364213942,0.0655791557384574,,0.02400260691911807,0.9477668186246806,1.3231798941933859,0.006594411329453787,0.06681224922683832,0.8591211073241073,0.012644576148764672,41.005074058242805,3.82830330216789,12.802545648696281,0.04423658294287983,0.007729878775021904,0,0.0006202037766986187,0.014881051999608501,0.01132323152680522,42.79708421033413,2.4078290247153125,-0.34540727614093186
1493.075290372081,0.7464045494547703,0.0665926210173789,0.06557432592029429,1.979167385230142,0.023929182798564125,0.9515839626288166,1.3392701685872523,0.006688809937058642,0.06683650940034469,0.8625497837959196,0.012539010593485552,39.22932033760908,3.9504924887806663,12.802379422631564,0.04230897756647855,0.007142792262167082,0,-0.0007385407077343981,0.014548061160652359,0.011766813454655202,42.606050654759464,-0.7797125383756608,0.6883936147913082
1493.849624539778,0.7457633061987524,0.06642787588332229,0.06559208940971775,1.8744978711276348,0.024150118416637802,0.936785821701036,1.3255184481201987,0.006637007525137981,0.06709129935220809,0.9028833535845938,0.012763447091871844,41.761707325357236,3.9117321929456605,12.818934850994447,0.04306397354534827,0.007538200135920988,0,-0.00031891380105650573,0.012630566113330556,0.011919472958559095,42.52059899802322,-0.7493497680167795,-0.6549474738495688
1494.6101313116233,0.745248799287079,0.0671687332230336,0.06567772675204361,1.9719106015512413,0.024057648708614435,0.936751409191977,1.3277625438901546,0.006484321567211756,0.06662265010109293,0.9356963470811939,0.012707411411142308,39.595189275721324,4.0011759380303324,13.484867367848697,0.04088416646653594,0.008214527498430413,0,-0.00017588614442560704,0.010533000139110146,0.01042907470844689,43.36565701487149,0.7254866030790357,2.339098404562393
1495.3810086303574,0.752213281422129,0.06682592647341419,0.06545149033091575,1.9550242703105272,0.02410968043839283,0.9271044528096014,1.3329826000492104,0.006619692482869841,0.06632912721353178,0.9396061061309054,0.012126794683298078,35.066979915888595,4.0913809852122185,12.992495010911167,0.03914355280905557,0.008102595418737618,0,0.000590698186002531,0.009399869840093927,0.009442837144382788,49.504767487707795,-0.8963692941823266,0.3101830060829249
1496.1518859490914,0.745617045569254,0.06669507694059158,0.06496300917015696,1.9975472635581335,0.024031706867019668,0.9348020410900137,1.34018705564856,0.006605530631742131,0.06645523525716038,0.9360200767203799,0.01223655376508868,39.76165388640606,4.048938504202024,12.69134798603416,0.04051856273821126,0.009081437777809212,0,0.0005430134173780174,0.00912872589209832,0.008102863121749846,48.6642097724329,-0.20882083095130638,-2.438974514768001
1496.9504180595288,0.7494519251430154,0.06667651793983848,0.06558362313733695,1.9410142663377985,0.023922635471836356,0.9363399343530708,1.3408544201253267,0.006787344335295558,0.0666928520931289,0.9357274889847846,0.012090247036301845,40.22412248422342,4.056688303027562,13.303208778413023,0.04083642666461272,0.009135818221709347,0,-0.0004562964380364866,0.008348335342498379,0.0075113048106919,51.14943244144489,0.8654247315416514,-0.963201193609336
1497.728209076189,0.7500410385902403,0.06656636897918325,0.06572792899529874,1.985583992639716,0.02332301589718192,0.9217264117882709,1.332515117545415,0.006746065184337871,0.06668479941733096,0.9009954241561224,0.012131182987286986,41.24763552404418,4.1776493210353,13.002323536504493,0.04279513639918011,0.008975410728930664,0,0.0002836807602671601,0.008940085932120975,0.008010114958335863,49.496332159650365,-0.2602152415737703,0.7394594158143855
1498.5060000928488,0.748636796830783,0.06646072774750515,0.06564343896375803,1.8976070062271053,0.023057262993383114,0.9412707729027524,1.3326638067636707,0.006523172680873337,0.06615407903383166,0.9001887938778136,0.01184032619128298,40.18032873984708,4.06985468215851,13.490101304973697,0.04221841982372424,0.008933961009976508,0,0.0004597421308189433,0.008492970855166263,0.0069923779431917054,50.12658403506165,0.3679420635995142,0.8739888262061901
1499.2907048074346,0.7518860985475777,0.06604803428784536,0.065671678178564,1.950572129355433,0.02319863556098116,0.9423212807775576,1.339197497793275,0.006760337695332118,0.06650746293833212,0.9014646413429456,0.011787134710546664,41.05453667012762,4.059121795240954,12.794783152589442,0.03912915162877979,0.008192809449865054,0,0.0005461021728188354,0.008022622148119442,0.007643666034714516,51.851352255046024,-1.4235696612928515,1.0914596330548167
1500.0857800689093,0.7460113256555634,0.06649984232928852,0.06582288313217041,1.936330355553138,0.02305638789173419,0.9403695212562739,1.3173933648717282,0.0064702609541914535,0.06644692430947366,0.9166333561922101,0.011722369131269101,44.353370941225215,3.9437251908878976,13.474298946999147,0.03925277655568466,0.00784446788387661,0,0.0002631525795300024,0.009582365957884307,0.006567011209261732,57.42598397056257,-1.548511469052052,-0.5593849065362813
1500.8635710855692,0.7478016065380677,0.06644517872718449,0.06616046636062906,1.9292713619446766,0.023149683851042685,0.9388505862086135,1.3323392246649108,0.006580699528757433,0.06648995747549113,0.9006206600436731,0.011503348028228244,41.81918138315618,3.9005970291310605,12.683271070586056,0.03913946919722549,0.0071040721759243934,0,-1.7132572119787687e-06,0.007897076500604219,0.007322100761458803,58.202013476198516,-0.34454227056619297,-1.1321557012144001
1501.6448189511918,0.7483889933862908,0.06648782922683004,0.06599060571940069,1.9623447289248295,0.023322029653864866,0.9652937029932039,1.3664676877728787,0.00668399694363597,0.06697393269116622,0.9132910720105764,0.011647993847043514,44.66619882083524,4.066552264163976,12.99868168954746,0.04367797577729743,0.00727943291487639,0,0.0007550325388350883,0.009239045389881885,0.0068987652378867705,56.13260548934899,-1.0400663580084946,2.8207785211435814
1502.419153118889,0.7517264942625884,0.06682828239452078,0.06628374191702625,1.9559255554743742,0.023073418949791615,0.9623750619403891,1.3624797068828602,0.00645069592270395,0.06691572989803178,0.91024116372215,0.011540123228265198,40.043828027392195,4.076010386823241,13.1276343287033,0.043717278332619874,0.006986956821758591,0,-0.0001340279513329075,0.008930054864740066,0.007365662422886126,57.7267815848326,0.8770388417534362,-0.03522792506293952
1503.2073146824378,0.7489358802521214,0.0668600382205564,0.06615502494216367,1.9321837923969667,0.023109632064315933,0.9646780539353768,1.3363808952308767,0.006513114773081205,0.06654792908098754,0.8985563346374159,0.011499830998341239,39.49256666999055,4.048147395058096,12.848348144684303,0.04523079199864857,0.007086878331775521,0,0.0005285893690565359,0.00930381764512193,0.007728804177014436,58.44366315169941,-2.192651895644462,0.25636852670146076
1503.9851056990976,0.7468212506842654,0.06637827676451358,0.06617369703876011,2.021392978390991,0.023258838100411853,0.9686745012815839,1.3822092705122537,0.006508516197249016,0.066890370670712,0.9147118590190217,0.011300830430596362,44.360234589800044,3.870351398401243,12.847306016459164,0.045459487448154326,0.007813506476846416,0,0.0003724799107104804,0.009657113594979684,0.007330625222553444,56.51718215700519,0.48891154048291346,-1.1659376823605208
1504.7490693199054,0.7450290549949429,0.06637069902371938,0.06632929547205853,2.1073534109942287,0.023411425761959002,0.9738582157200614,1.3781865993998632,0.006480321862603017,0.06661781777220256,0.9064742182336181,0.011916515229922436,44.67008064861262,4.147630271386387,13.573889295633403,0.04499584374296359,0.007794106337323656,0,-0.00010161504028174912,0.011268919400683315,0.006110315519786691,56.96342953063113,-1.2702481588524712,0.06192666382299093
1505.5164897896768,0.7396302370309853,0.06671983549699945,0.06632648451012871,2.0693816599736254,0.023266829331814627,0.9627867986070694,1.3807207638859518,0.006676651339195496,0.06668266626078571,0.91159619010412,0.011977707325847872,45.45803269155439,4.1051278353509035,12.783901562890154,0.04843252851673509,0.008428689141920694,0,-0.00012656010804676956,0.014088578386764545,0.007579505575698304,55.90775515269687,-0.985507829843978,0.973143100123807
1506.2873671084108,0.7376768111383272,0.06346457578296592,0.06599528747897361,1.906949635905181,0.023351191122071256,0.9676972058456906,1.3825994857317903,0.006654753907560956,0.06316360072755742,0.9120711457413725,0.01213141582795641,44.43054471671505,4.009665705393657,13.130131183539886,0.04476043864339113,0.008566948958380616,0,-0.0004136232949721011,0.021231598764158994,0.012110590431445951,58.22923254082851,-1.5890187375357074,0.7970496527515366
1507.054787578182,0.7355006960375192,0.06683873650801399,0.06602170875214769,1.972171125597581,0.023327069811771704,0.9870145969129219,1.3677846196684216,0.006836124916864606,0.06649163253588497,0.9158587862138933,0.01232533125419252,45.32320170144462,3.953781499061789,13.065501610798423,0.045080097535457386,0.008586058361602984,0,0.00018512645463090224,0.02163887411589779,0.014278476992268531,58.8757027550922,-0.3760920486004029,1.348648362477853
1507.8083806521013,0.7405491437129624,0.067132037091716,0.06544036103432703,1.8963408157626893,0.023343804552221372,0.9692869176899771,1.380220372426418,0.0066222665693994355,0.06644895814597393,0.7793993667515313,0.012128987965868825,43.78441762278163,4.0716215292365,13.317898115087255,0.04831060289701688,0.008058898146127804,0,1.2483280918925243e-05,0.021202793645087356,0.01577618497731801,55.739226274569994,0.940201005404822,-0.657376558497182
1508.5723442729095,0.7348563645469414,0.0666192984921927,0.06559589938390671,,0.023588062988180142,0.9612292088020465,1.3681688214652334,0.006530567918740439,0.0671184957224229,0.7903686932825882,0.011237716997727468,43.776929863987114,4.044216346115498,13.067438511797349,0.045087657467751084,0.008688928020207461,0,0.0011176676043610115,0.02345778867474308,0.017549716448043137,50.84920914389176,-0.9141104551538975,-0.8812134464136067
1509.322480497866,0.7344238571363848,0.06627811225840108,0.06507307603518839,,0.02311401200617633,0.9252741087442565,1.3119310758511287,0.0066841022262577685,0.06659799491066642,0.7643574564224594,0.011397768526743925,45.45500892827826,4.11828009387567,13.364346284806555,0.044904918715259506,0.008382681209888145,0,0.0005256317477270545,0.022439889951034932,0.015509808214820928,50.85909576357214,-2.1143150802559854,0.4759609263308878
1510.0829872697113,0.7362847110276605,0.06635331749384134,0.06504390307052138,,0.022814969098841707,0.9340549889517695,1.3103860910657381,0.006631044209489882,0.06636091679024807,0.764314571163171,0.010569912166356945,35.50697206499356,4.024396235531117,12.999256083680145,0.04565724067645689,0.00809714340214374,0,9.611542889936247e-05,0.022882588696555052,0.016027018810023778,49.360066239699236,1.1257265652954231,-0.33870445010420064
1510.8469508905193,0.7366128622824236,0.06673982802410755,0.06498022065885994,,0.02295827243199125,0.9317199489067158,1.3236226142597554,0.006744635241037012,0.06692620801576551,0.7660278972392747,0.011277053585805472,38.16153968660001,4.1785980482795555,13.143361242352391,0.04362651573647845,0.00814100022026705,0,0.0005211906250212514,0.024222006435896296,0.019323900053862614,49.3314868783305,-0.3387047829110947,-0.4210838800104757
1511.6109145113276,0.7376207964446301,0.0700468922537287,0.06521694035621257,,0.023509790219038065,0.9450147927006708,1.3616757801489383,0.00671511165706507,0.06990006726755905,0.7970426280435339,0.01134288056705341,45.66745270823458,4.097488134157792,12.706294287858105,0.04302925122367302,0.007052710606228192,0,-0.0001741043364405954,0.021970004781452595,0.02002796358043929,49.71750172729244,2.794547726665119,-0.9549043782029939
1512.3714212831728,0.7370131106886557,0.06983997830460292,0.06447521623143186,,0.023639213163071198,0.9313663137274987,1.3244403269424116,0.006723575044365038,0.06976804865362675,0.7887747869951515,0.01075746036042399,35.58261368518086,3.802716965605764,12.746111681059261,0.043272675891229725,0.007324020062197591,0,-0.0003331634148142243,0.02259012825484858,0.021322117224991756,49.330080101147715,-0.9683883449297994,-1.464624884351782
1513.1561259977586,0.7379367946115282,0.07022971383366644,0.06445007384115815,,0.02361953150604373,0.9315488699233615,1.3478857337362236,0.010100985267344998,0.07017411412437191,0.7893767555991412,0.010475178801592969,35.61253372613967,3.9981498217502156,13.045529853418115,0.041430384871337406,0.00679176494795083,0,-0.00011477195190841004,0.02342471025457209,0.019483181042096172,49.415981790592475,-0.5594488893581081,-0.6532697785055279
1513.9339170144185,0.7459791677132032,0.0694555643707067,0.06498938077442588,,0.02363019719367315,0.9267755001214151,1.371696721503656,0.009834488234732758,0.07010733257253847,0.788258682424753,0.010490432770843423,36.135534384685926,3.998298912698893,12.900932372826334,0.03471568496636978,0.00671601557072564,0,-0.0005886489851888493,0.02326421097049898,0.021756974863615806,49.26023995831647,0.4453829238864016,-0.2884767623640843
1514.7013374841895,0.7443429201987386,0.0701345516091711,0.0647735290528537,,0.024633818778315688,0.9411603175037365,1.365843563372672,0.009872720358127971,0.0702711186372941,0.8249937083443957,0.010566699964396511,34.67105659804529,3.892602353857297,12.926899892535648,0.03467712435257247,0.007087191987128245,0,0.0004519039860161491,0.023299160118741984,0.021213633490739247,49.90863354868432,-1.2861188576429148,-0.159255047328911
1515.4825853498123,0.7410957599216653,0.06992757228177672,0.06572110431658572,,0.023468563822332,0.928487383242494,1.349135282045933,0.009863968691024608,0.06989257991926187,0.7905159054712034,0.010660334171324014,36.038130415869794,3.9260465079026226,12.721631878230697,0.04076440446003319,0.006617220002999338,0,-0.00013197317114914723,0.02330325418576067,0.020962428286179752,43.88064324996773,-1.441624178744153,1.9915413058499252
1516.2534626685465,0.7506398980654915,0.06971992447880652,0.06599600865317226,,0.024756594498738967,0.9406942761458933,1.3702421870713486,0.010100011548847251,0.06987835037656853,0.8342821975937383,0.010471274806869674,33.81660100849365,3.9929656206323285,13.263580488451872,0.033073229818442164,0.0069401042239053325,0,-0.00011261647949078447,0.023601874264692548,0.020143836876004132,42.27303309411558,-1.116939656984918,3.4031704758385355
1517.0277968362434,0.7525078105107289,0.06997945884767716,0.0666827682822154,,0.02357704037333727,0.9296258235709308,1.3467011163121196,0.010213140886354896,0.07008450422633493,0.7905491470869183,0.010489966401920785,35.565738779591484,3.9871924756078676,12.97677172545241,0.03288656426857474,0.007516964042594116,0,-0.00028019451675202853,0.021624799136108177,0.020553312953339675,41.69553268911923,0.7596795690200342,-0.7526026720383167
1517.7986741549776,0.7427454409754549,0.07008785562883144,0.06750831114174545,,0.024807267741578088,0.9428722955172887,1.363393485752917,0.009895156314241302,0.070438804944285,0.833685577533436,0.010786687373003073,36.77850697798607,3.9303850850143185,13.02864148519995,0.03295616100234244,0.00662806099598973,0,0.00016712041660570218,0.01665518019001776,0.016149680264347255,41.18334983354586,-1.6270220897885068,-0.28245433175236534
1518.5695514737115,0.7448881161996423,0.07012289935444395,0.06809510346792622,,0.025143043508010325,0.9419144783941251,1.4381348343092315,0.0067319506533574155,0.07033046525404667,0.8475681823359218,0.012501955586551863,42.201871346098834,4.075662640190317,12.655688499255858,0.032853599502661125,0.007374446433522744,0,-0.0002473924290055621,0.014957561673849262,0.01578064598838685,44.54588027932299,0.06860457120652627,-0.5752834793544805
1519.3542561882973,0.74758600830987,0.07027629504339229,0.06807179398083621,,0.02504376616389217,0.9686357252321635,1.4298103898593306,0.009838041405567186,0.07033672691444252,0.848148415600975,0.010497297246497608,45.02242845305629,3.9965361163789668,13.211092214620939,0.03190394050497405,0.007416223759991666,0,-3.60520368385247e-05,0.015024894491917818,0.013380553010149353,45.1109044185563,1.16268823611314,0.4182650970872839
1520.1320472049572,0.749291214661266,0.06991524723720474,0.06913386635085365,,0.02480043561667298,0.9536366022599725,1.412091767903754,0.006667798812460166,0.07004123040992037,0.7951649529202833,0.012405957345982939,41.643697580157735,4.115069603928232,13.29755708117741,0.03449259669092532,0.008238136448464661,0,0.0003429749000205667,0.0150338940539738,0.011303129627214073,44.110886003810066,0.9208587513549404,0.9461598393626256
1520.916751919543,0.7581620717556465,0.06666140131130295,0.06926923478647701,,0.02460522528003345,0.9528819554945921,1.423292825969048,0.006656362201835741,0.06670121373897052,0.7954884699307777,0.012398241509845361,43.32099657286212,4.035583114165047,12.92952429667627,0.043993055338861796,0.007432581312218061,0,-0.001040474242011041,0.014838984858178186,0.010713659319231046,48.332757280464946,1.540233866311415,0.07951952761155341
1521.6910860872401,0.7578436467398437,0.06658897436363344,0.0693428584143471,,0.024628717845036622,0.9559348873228734,1.4362245848496933,0.006588368212223909,0.06663379278406013,0.7908931023266617,0.012337541894131393,44.63580011705013,4.1363114495584545,12.698874556479636,0.04850082623276749,0.007331976985105796,0,0.0004368783184909153,0.013219173201249162,0.010728503739731044,51.001917707995815,-0.4003791596539638,-1.3768657757856981
1522.4757908018257,0.7608194927968888,0.0668694267483407,0.0690068923923751,,0.024757420448231933,0.9721381412241078,1.4274418981021657,0.006668799868192132,0.06701167793820204,0.7991202893667533,0.01245078119034045,45.55203139501219,4.045061879305776,12.768991146582385,0.04815979804664701,0.00655040489249138,0,-0.0002608572568295657,0.014112573165574537,0.011289577846047408,50.88785002225541,0.0320892086344058,1.757295807380823
1523.291607157078,0.7600488235910581,0.06667399360035427,0.06889904849829194,,0.02485009644441284,0.9692684621851689,1.3363465234123686,0.006819743085652989,0.06638466221029417,0.7861138933942717,0.01249540579476953,45.67254115313001,4.015405595746144,13.224219643638271,0.048258600246880896,0.006151806106929393,0,0.0005063270213970811,0.01190358700262952,0.010741452183128322,43.20950776243119,-1.0714558454273615,-2.5049672984919638
1524.0935961164787,0.7646184048467122,0.06652167272041322,0.06916023272293818,,0.024669593982965903,0.9689506161328922,1.3200912455652922,0.006709712068648286,0.06688633456874621,0.7965968153372317,0.012309932529578687,46.68861852304239,4.067558209187259,13.159262728038676,0.04827468386501448,0.0064788826062610145,0,0.0001229905062335734,0.014003234890864242,0.009999887009473882,41.6454093478444,0.11428142562075899,-1.6712176480077403
1524.8886713779532,0.7655738927825491,0.06681904468565301,0.06855497374431489,,0.024640681708241755,0.9536301423888822,1.3248445083464122,0.006484565893601874,0.06675761300526334,0.7957875325065161,0.012512921876030389,46.085564194683926,3.9549515226358984,12.939220078309129,0.0491107463822452,0.006160759789459295,0,-0.0003323850558159655,0.012013052991930945,0.009201338875624429,43.61633273924583,4.0986073199193145,-1.4180422012569263
1525.680289790465,0.7628253535548851,0.06671072969424836,0.06871373154291129,,0.02472695266258317,0.966468871480608,1.3299296524982813,0.006976622034935091,0.06687071248490216,0.7791210602079881,0.012263881793792314,47.13121364205674,3.884434959949395,12.908577339630282,0.04793410143212958,0.006413778405524945,0,-0.0011490421319149393,0.014378533681200716,0.00920016059277182,43.15147484576226,0.4965091115880675,-0.5573097685443377
1526.4684513540135,0.7684143898142971,0.06674132544413089,0.06828839124118911,,0.024565812523135576,0.963558724572811,1.3340507206408219,0.006748521344688149,0.06680500098570928,0.7873856778721463,0.012356107265194908,48.86346578921644,4.153071941447337,13.202253906363625,0.04375810687384374,0.007111936381502513,0,0.001190597895168581,0.01246359117197646,0.009405628669651415,42.61464969107488,0.6597198217381366,1.1968545100601575
1527.263526615488,0.7702730621786985,0.06660091904439035,0.06844180249247347,,0.02479322179887036,0.967453258402705,1.3170099817071734,0.006774626591317128,0.06698176933513328,0.7864053607763842,0.01242123987645343,47.78014337256407,3.9463559090116265,12.714718085685254,0.043974761550523996,0.006637172862870015,0,0.000632957308306495,0.014057114227693509,0.010275393023532677,44.16940391201253,-3.5136220966287293,1.3152251811405542
1528.0620587259257,0.7654362736771363,0.0669759242096954,0.06814886059192442,,0.02311828730194871,0.9551283225036642,1.3405267912126873,0.006678991071349452,0.06647825769615555,0.7332598066278553,0.012459613212526413,47.384065072582395,4.115259273628841,13.13739637244988,0.04396214259037844,0.0064820798294962165,0,-0.0006814889211009768,0.014667314830544696,0.009170805960161732,36.25975284009248,1.630650207503578,-0.82748749856275
1528.860590836363,0.7640356964297803,0.06705524204257594,0.06797039116085142,,0.023116857625582854,0.9560913208786193,1.3223959300244754,0.006674465400685541,0.06659544300601586,0.7421398116393102,0.012409526701464061,46.92093334033701,4.063490905150194,13.261924636661588,0.04301125785437292,0.004704799137893174,0,-0.0006651615226957254,0.015253751880212994,0.00949253389049478,34.65876326447663,-0.8652107726481141,0.18585509636769323
1529.652209248875,0.7625645859569501,0.06683053850300513,0.06757403022858707,,0.024473604727819075,0.9879785760190736,1.3832332597190564,0.00675594688071966,0.06642174340790959,0.7876223769176239,0.013352886251944786,48.56077695930498,4.042762162769554,13.095619413608167,0.038235175825319344,0.004482758643433159,0,-9.871644477187742e-05,0.015283184152415226,0.010071214843401661,35.77946176860209,2.718822397646361,-0.049527114897844435
1530.430000265535,0.7607482305004056,0.0665312630119277,0.06707339346062419,,0.024525282858709533,0.9917202632729385,1.415818671484077,0.006716064695260933,0.0659437924409414,0.7872539245588316,0.013857392540488294,49.791547027964775,3.963672393629308,12.558329645280738,0.038031145187216585,0.007330976408684403,0,0.000674183279881039,0.017025506125538093,0.01063845155931968,36.27742176556877,-1.2644665585079118,0.13071416826686258
1531.2147049801201,0.7560569471571638,0.06691627119183825,0.06701720862447058,,0.024977896035190333,0.9939015380278318,1.4139974996804574,0.006628868382612564,0.06655877932888388,0.7938614996287964,0.014576604042912457,49.61345425429731,4.100301894453384,13.389978647171914,0.03966761525848066,0.0061160442799067394,0,-0.0005726305628880863,0.021839800340861297,0.016680009353590486,35.25159745324622,0.07232956889193054,-1.195571083004433
1531.9959528457434,0.7551713471713978,0.06652319270712183,0.06719600067501587,,0.024952467168025537,0.9966392174096995,1.4263833956492202,0.006430435283232126,0.06639266303707721,0.7869557331058338,0.013800105395722476,47.35387961183809,4.034989142292593,13.34887533784882,0.03992320807852647,0.006463477392580275,0,-0.0008492461551739894,0.02238315133934984,0.016718393279719593,37.32124986881013,-2.437986265322139,0.7181329247098781
1532.7841144092922,0.7545611247526854,0.06623680526047608,0.06704220362755188,,0.025181354671610486,0.9903093236163096,1.4047018090217482,0.0065468541948760315,0.06677611410965274,0.7861504312931918,0.014276668973487203,46.846099295473365,4.032059349704178,12.61609126004994,0.039219154670468624,0.006425286429160487,0,0.0005617994715724512,0.02216053442936905,0.017386536895739373,36.799728281158444,-1.3267531384670983,-0.36849147320187864
1533.5653622749148,0.7601963727009499,0.06669670536220114,0.06716853285325998,,0.02510822865183197,1.0067092939281654,1.4327307833152751,0.006771222219792527,0.06656300731956091,0.7890245441770334,0.014375162580405066,51.60849386742334,4.005393059405818,12.734893793421145,0.03962185893814765,0.007723343534599529,0,-0.0005685668419760832,0.02381347973924114,0.017615724468698732,26.432095267073496,1.1094821468699756,-0.5158031285424479
1534.3431532915747,0.7529728590819295,0.0666522727168402,0.0672112086064075,,0.02553340229598986,1.004708439930146,1.4289918529355363,0.006491341393246208,0.06634896501538004,0.8080425127159886,0.014559503902217025,46.10493566899503,3.9387280334264583,13.01153275790502,0.03989678851256884,0.006408961289559851,0,-6.723153230860795e-05,0.023453284945751825,0.01792927093222761,20.763942305815263,0.8309367907088357,0.9581576953072223
1535.1209443082346,0.752496003820596,0.06710558537374718,0.06761389462674768,,0.024789751142928126,0.9892167315488831,1.4239660014134663,0.006726183092997707,0.06687082910649586,0.7889425274161169,0.014133556335532293,45.10916342712237,3.9579381714339625,12.491582268774996,0.03931198847475018,0.007009926247565072,0,0.0006489241191422843,0.022861802892380316,0.01811056038753329,20.919947757148105,-1.9801339225236594,-0.43707716628371074
1535.9160195697093,0.7584667270659462,0.06693499982997234,0.06736933278826053,,0.025130629067188413,0.9932990641490811,1.4022392773255778,0.006550038380499804,0.06698451926568484,0.7926526023464684,0.014240460970052932,36.79062419618064,4.009553508821927,12.903341281949189,0.041920296778859174,0.008586336586689634,0,0.00018360862429138094,0.02388043063148392,0.018414020195948073,20.642598186524467,-0.9357229675751668,-0.40066738202283436
1536.7007242842951,0.7568153490569437,0.06663524200626957,0.06746817190581611,,0.025202358621258445,0.9912608222555148,1.4290266305863257,0.006710251228006978,0.06652556874070588,0.7931565179375906,0.01431944703348639,36.148030570570974,4.063334948086867,13.140209335824947,0.04274279035104142,0.008156812340808815,0,0.0001225073520936908,0.024995174236242198,0.020838183604927448,20.210819711939898,2.8570953889213193,-0.5716420146018915
1537.4854289988807,0.7556933468576429,0.06704406570662781,0.06744309293452748,,0.024297766593890584,0.9837220982296165,1.3790884108080672,0.0035589134329446037,0.06673785753398305,0.7885912896639315,0.01424617192324118,36.79346016269269,3.9862897174312395,12.42492839679595,0.04295307769823212,0.008053652091968823,0,-7.569966927728074e-05,0.026022665903633148,0.01926346259977672,18.75052763193073,0.27640998566536606,0.011096005941190298
1538.2666768645036,0.7599465825569217,0.06693897906400072,0.06736963395494745,,0.02418259126855839,0.9985832012184277,1.3274170666962242,0.003217836585562059,0.06670014632354963,0.7770646262571381,0.01421326035337498,34.12838950238223,3.9470685317673815,13.033642272655893,0.044010634165940164,0.006345803738999247,0,0.00018694066176529463,0.02603568088535196,0.02032585032654916,22.73301909127372,0.4779422876351401,1.4179065161501858
1539.065208974941,0.7596750717454605,0.06669946905759018,0.06762374284709252,,0.02407610309258907,0.8960039539653537,1.3210240133650173,0.006518764732887043,0.06683537729462391,0.7695856212546699,0.013641879079770693,34.034259586975864,3.9443434386967056,12.533006899363954,0.04315854441864758,0.0056721612137232095,0,-0.0003714366862987336,0.02705744777915252,0.01967013166680599,22.682401115782632,0.06387412862463897,1.3541500897067775
1539.8637410853787,0.7663987312117633,0.06653831157323768,0.06741493296597487,,0.024068889996654425,0.8981476066328623,1.3296620637384402,0.006581653283355093,0.06679435458526209,0.7706265128990081,0.013200186462488503,32.51612417280007,3.952408563436469,13.304616323645806,0.04291619555006934,0.00647430443041294,0,0.00015788205836724,0.02654788010196274,0.019069425804731935,29.935627616434438,0.44977667816595895,-0.7592585448930687
1540.6519026489273,0.7688909235366246,0.06659099103422282,0.06676767533659343,,0.024100272766694554,0.9576446139660121,1.388039685167671,0.006707626396021813,0.0669265915583896,0.793013720584596,0.013185056285003929,33.79227551123827,3.9691670688507363,13.18728218074966,0.04348658635993352,0.007163274836251694,0,8.987405768949833e-06,0.025480072711286904,0.018987052321106437,27.33119656868691,-0.43916605712731205,2.4864282451053703
1541.440064212476,0.7650306516558875,0.06660483398468742,0.06652107561398038,,0.024262539577109957,0.9168467638569493,1.304277134505022,0.006720641281935784,0.0666350494749524,0.7949735639562039,0.013140118168483449,33.8515374507409,4.044258573398317,13.085054526827557,0.0445005658840978,0.007490561836914166,0,-0.00010895864998035245,0.022350752556184406,0.018595010770055414,28.707749908068866,1.9290999853724164,-3.094669056711001
1542.2420531718767,0.7691884964720899,0.06634675203698398,0.0662284671732385,,0.024128990785827892,0.8920813897746019,1.3191685089478318,0.006727804285412726,0.0668206391266514,0.8044471488300785,0.011845177287722176,33.1043758500837,3.9440772397125343,13.729187545087294,0.04387302717460993,0.007071449798816233,0,0.000385428154401899,0.021987372282173196,0.01891241932150533,33.855960230042704,-0.4746816230586813,0.2850221931923278
1543.0371284333512,0.7699397619471425,0.06683551809917362,0.06615294332837646,,0.023597831534493505,0.8874418801753706,1.2842746170731558,0.0066473149568032006,0.06685034280577455,0.7977689245490244,0.01146098519390598,32.54155082734273,4.064317356751685,13.013195248979237,0.04252762334346947,0.006659939252392995,0,0.0004948411895180852,0.020691860583988884,0.015508775546136824,35.20313794065074,-0.5833472311768843,-0.738569757465458
1543.832203694826,0.765301094461023,0.06648772154220645,0.06617212088788722,,0.023653854825633727,0.8909855977147838,1.3249823414404773,0.006571541214376632,0.06656447359783121,0.7992147183218914,0.0104096069138523,35.264138415227606,3.9594950209226245,13.157801333852477,0.04372909651172126,0.00691884459318366,0,5.441570587738707e-05,0.020131996116741394,0.014443110442021649,34.56113040389479,1.1005774623548839,2.8339045572193315
1544.6341926542264,0.7603166350105803,0.06707269453778392,0.06602656967661488,,0.024299958960235235,0.894634828171491,1.3658745619208146,0.006875250174543428,0.06662968681521002,0.8639730479029105,0.010638027816592503,35.35096498756655,3.9001044607952173,12.951990561522779,0.04360305499492065,0.007200557203126667,0,-0.00020952617299411198,0.018169993760961175,0.013826552064193578,36.05534022398261,0.3071262572108486,3.1721287336615984
1545.4327247646638,0.7623152860372149,0.06654246648529867,0.06599496949944057,1.880331807779798,0.02428656041320423,0.9164160350294378,1.388058831313728,0.006777713970115127,0.06672551882053178,0.8721582780593355,0.010628016698538547,42.15903966127856,3.929745188564621,13.1691999588636,0.04181172728356697,0.007382818432434076,0,-0.0009967323764116607,0.018632531114777792,0.014268885262043188,35.57798482808619,0.33417546261536124,-0.8011566492464565
1546.2243431771753,0.770138409911896,0.0665206631198632,0.06606512536763026,2.0180006267153607,0.02396374611356379,0.8859562336849706,1.3839419134037276,0.006831852599556352,0.066686914168744,0.8670098484088163,0.010075679476299549,34.00083474134709,3.935372225496405,13.218774199201599,0.040696402641989135,0.006818845518800834,0,0.0002991385429803302,0.01807172689771107,0.012686124119487099,34.2779500954147,0.07584514472764543,3.078010433143286
1547.0125047407244,0.7615453813647332,0.0668733653607079,0.06594386339179138,2.066032368075726,0.024473604912140533,0.914020637305469,1.3956182451163337,0.006764361865003684,0.06637073917949411,0.9316509195283865,0.010051707062347565,42.6097677568341,4.2296284915375555,13.280060266877724,0.04036894863148811,0.006962357560633401,0,1.9377095814351808e-05,0.012996499474418758,0.007451611435349805,35.409215587450774,-4.160382074971076,1.759409693867611
1547.793752606347,0.7635869178829103,0.06693465900759267,0.06646240619323189,2.0608257954621427,0.02439545866137155,0.9267452093925631,1.3948746865948847,0.006667913834315366,0.06655902699151867,0.9225990676178529,0.010665674793463946,45.43000321158253,4.024270826771794,12.20327628736129,0.0410810108330705,0.007114706487288143,0,8.720780660205596e-05,0.012266599161625048,0.008039141731119515,28.017815817826623,1.2114676299464218,1.5476352264455766
1548.5715436230068,0.7632646620914053,0.06635129610575662,0.06614541866894462,2.064149593157525,0.024703628832302173,0.9225221888444562,1.36394926847123,0.00684441742888903,0.06653331818852555,0.8678170552313034,0.01135114521867836,44.88436548763645,4.059341618520858,12.26026217476772,0.0423832127158443,0.007005989108403297,0,0.00046168256280080795,0.012069411062362735,0.007152560801647864,28.731883034229742,-2.515572259103731,0.5011999218293406
1549.3527914886295,0.7605692804331156,0.06691690915627414,0.06594024854126429,2.0676433946932633,0.02447674678936159,0.9227244852425677,1.344508797810462,0.0064889085675388525,0.06685546441779461,0.8665739639839882,0.014229351447702245,44.78121648626957,3.893437891497962,12.983169236459654,0.04299864058576403,0.006231129427364812,0,0.0003687302325142175,0.011214987986523137,0.008459609504893698,27.04286236504659,0.7687209802393515,-0.8653823752740771
1550.151323599067,0.7604916014346259,0.06646007162456238,0.06621536521322252,2.1095689779279927,0.024398591826530338,0.9239675085889323,1.3292505198014612,0.006861197584685982,0.0664269624471783,0.8641040183166856,0.010561156473653492,45.01157585131678,3.9415251408592864,13.102202710530097,0.042658585673685,0.006325933506792579,0,-7.934416559306012e-05,0.01030031764622044,0.00717407736913053,29.586155621120504,-2.476068014424356,-1.7188175606188687
1550.9325714646902,0.7503168637797343,0.06681575388308503,0.06607799078555641,2.050968605032725,0.024599489888039807,0.9499822374326062,1.3289988363741747,0.006627567558876025,0.06683200858927561,0.8649045541906892,0.014231888874171999,45.0912106934474,4.070001874328395,12.97813609821363,0.04234260197204218,0.005233976919459117,0,0.0002528139581827624,0.009324288581005093,0.0077551042714966096,29.836218076097012,-0.4690647393682344,0.4376016324047765
1551.7276467261647,0.7505848979595308,0.06652764799469038,0.06597442942879737,2.0686892091299796,0.02461397175210362,0.9711934339983097,1.38916314740169,0.003517245380616644,0.06641091587258892,0.8630397090012382,0.014952163433524833,51.31555629700784,3.993843172981638,12.674628275115767,0.04272431139411101,0.004322673615389391,0,-0.0003278557913289129,0.009438005129152134,0.007460403954706723,28.181560616126536,-0.6676783185995068,0.5593631006478416
1552.5192651386762,0.751309151294919,0.06720940409412546,0.06599873683780426,1.9506024898406258,0.02459870123270557,0.941629794204874,1.3414333405218235,0.00323305009063454,0.06669799637809132,0.8689896159630305,0.014783379705077452,46.245651341981635,3.9344253381919856,13.09388118940895,0.04226418027580975,0.004977249072272017,0,0.0003509152905908383,0.010500841944505764,0.007727774045986869,29.713614008227104,2.634483793044565,-1.0117712840913955
1553.307426702225,0.7532327846641413,0.06669483312262454,0.06596118906798111,2.120738597792851,0.02453718963113083,0.947159980637176,1.3047387760030573,0.003323861751763976,0.06659709758905445,0.8604283175261881,0.014735025535522726,51.6453967103683,4.027988196704366,12.763209218099382,0.042582949854129803,0.005235927913751355,0,-0.00016058697525514937,0.01054228007553635,0.008581287506611208,28.776100636148648,0.1313894836686265,1.104212320350293
1554.081760869922,0.7459924418924879,0.06691117690927645,0.06571271772184041,2.105530126829233,0.024368208916255983,0.9492085377022582,1.288721867283729,0.006551570992229269,0.0662468275764836,0.8555693647804121,0.014548353245563429,46.58005172698536,3.9567616811879405,12.810072963813347,0.04301569265431857,0.005202027713814388,0,0.0005698583215580361,0.009780532823473784,0.008599763170787788,28.396951641412546,1.5431419360698932,-1.6681737747299763
1554.8560950376188,0.7474076981488491,0.06687723686484118,0.06572459922729003,1.972177146422597,0.024518152567240353,0.9464368166988734,1.2902308213707134,0.006744277655577176,0.06601115978246246,0.8540091354646141,0.014660819027746182,45.14287128108148,4.020412178280469,12.73591810906129,0.04251841622691866,0.006720156680845431,0,-0.00017133154066818778,0.010262872559101778,0.008088171038936338,29.646295797822855,0.5327679226487407,-0.2311096888825876
1555.626972356353,0.7469540412667549,0.06625983698591566,0.06543026180255793,1.9781899454775171,0.02452732721657182,0.9210689722137742,1.3004969940623188,0.0066462998848557915,0.06657845792274651,0.8542275280647853,0.014187196777964175,44.71539593849137,3.9747315712392504,13.150922331155208,0.04148308233117468,0.005302153179418349,0,-0.0005687780308307453,0.010522716366466294,0.008571829093515735,28.006017329055943,-1.9153149474050757,1.7330303269081555
1556.3909359771612,0.7430190698971031,0.06661263098098033,0.06526512529809447,1.9805004016001262,0.024152532505876796,0.9507544635997376,1.2967881120697944,0.0067955243100636204,0.06675506141012011,0.8435237715588533,0.014127585466938646,42.570124549150464,3.8822947065858946,12.989785339756102,0.04183034884427877,0.0056482084396559384,0,-5.421720925412942e-05,0.010883114845705238,0.008888461053274644,30.04268859945169,0.4038336178654939,-0.4422197930449073
1557.1583564469324,0.7444311685082106,0.06711273768610607,0.06515871106972314,1.7830255820161311,0.023917957185003464,0.9087760723398552,1.282199471783666,0.006615618553786019,0.06662312266952153,0.8339802441274599,0.010958128733928263,42.77018987009109,3.880527579108612,13.511144587183383,0.041658057941241354,0.005764182798850126,0,0.0003962597057034607,0.008409385653583252,0.00837941593598646,27.23513627261125,0.11179954100710571,1.423065054923215
1557.9223200677407,0.7466267180099414,0.06702573437951016,0.06547122109327143,1.7015113686898324,0.023407372784705345,0.8935499464507792,1.3347146221745738,0.0064841249915113496,0.06652932011796989,0.8283650639889067,0.010573729623345886,41.25168390711381,3.890788861853388,12.994309816258141,0.042095515396254404,0.006157693444646216,0,-0.0008283561115407186,0.009699407655268711,0.0081855360223316,29.059655172458996,1.9870277140183352,0.6731558174317375
1558.6931973864746,0.7449022465376884,0.066588303091246,0.06564325379314317,1.6811823249819227,0.02330036888910707,0.8864069291113813,1.3241642554828406,0.006621181214613724,0.06714163373141775,0.8306242525894584,0.010791090128456348,42.961129036044255,3.9461675901136437,13.18666180785035,0.04067494778073309,0.006277756678486683,0,0.0001803345914624712,0.009097834354678886,0.007232858084434886,28.350162939189396,-0.48284808900882326,1.562201854555494
1559.4744452520972,0.7420537435183117,0.06709799308486122,0.06521390223997119,1.6943803727676507,0.02313688100368343,0.8886263273423335,1.2901192898299092,0.006714597940097402,0.06690077270961373,0.8184388215501955,0.010813303933549375,42.92927090997241,3.947016285338639,13.133726021558237,0.04204604429835977,0.005666033281229725,0,-6.737247914245082e-05,0.010132118113725504,0.00742674128798347,27.59739454863329,-2.6222957660006676,-0.8734159550636528
1560.2453225708318,0.7490092061543742,0.06631285288704424,0.06608255676451562,1.6220540532898111,0.023236517936411905,0.8714437596608426,1.2740148310879096,0.006590592954481634,0.06632809695284886,0.8175865954725566,0.010215817520485079,41.09769298800512,3.920620818828053,13.079093582679052,0.04042405818276635,0.005608173586496842,0,0.0003371452729325158,0.008948800196005795,0.00711665102797329,30.527684927204543,-1.8665409284206322,0.6875543394089125
1561.0231135874917,0.7483898715268769,0.06635570985914817,0.06565616683102694,1.7229976607639097,0.023000036618376143,0.8656887003544129,1.3152280707697444,0.006587679599130464,0.06607016240231252,0.8250400768164016,0.010796394518319607,40.686526212500176,3.9172558248936165,12.868862912392734,0.040723494222391694,0.007381699550518329,0,0.00033337523952632674,0.008541708101767699,0.007394149775030976,29.1840773217337,-1.4490274222396844,0.6602133832867394
1561.8009046041516,0.753135130736082,0.06685490454711757,0.06606976666478921,1.5707378190455419,0.021869257038505435,0.8734848591317064,1.3392257737921556,0.006616416952752148,0.06649742465804355,0.8307302270136221,0.010408900367605195,33.70484250708178,3.986105020523327,12.958815907922373,0.0401582763825005,0.007547793678856291,0,7.48742830057619e-05,0.009483842495054328,0.0047253537999074,28.546630772318068,-0.7822963087586335,0.16482855631637588
1562.585609318737,0.7569433940423641,0.06680377439558496,0.06546250849736988,1.6026339969976047,0.02156318458288395,0.8821134553873184,1.3026172516355414,0.00673848975818193,0.06640891950189064,0.8197652331435562,0.01051756133037408,34.63777960891546,3.834565436700645,13.17815587706616,0.040600720701326636,0.006034755128062143,0,-0.00030742955110261245,0.008433374826407271,0.004659669303210967,29.234058126786778,-0.359471451389854,-1.7257545541542305
1563.3737708822855,0.7547258473586317,0.06702576596888994,0.06560946342086295,1.595621428201026,0.0215543011228077,0.8794308601391908,1.3241296117419292,0.0066763475669557185,0.06650696512226058,0.8153947469320473,0.010517764707113629,34.41686576495943,4.045690140344032,13.519985258299716,0.04015869540828239,0.005878416033419944,0,0.0006593661167474374,0.006920688386542133,0.006244227445186226,30.7117297314107,-1.0031638832890544,-1.3842842537331668
1564.182673539612,0.7570279531383195,0.06658843435813613,0.06635578514834173,1.6217500590236185,0.021580474396404314,0.8774913494781401,1.2915701339632475,0.006650348844109576,0.06681361382424027,0.8163255930445497,0.010800874885714502,35.94499022682376,3.8798008529539465,13.239166222917051,0.04018983976309243,0.006259132329718816,0,-0.0011732231102364878,0.006636637063102093,0.005852792585549306,27.865971551449096,-0.38330728743373393,-1.9108827901979573
1564.967378254198,0.7577047349892128,0.06671124833682154,0.06557865797174595,1.5329822039826615,0.02204352745270047,0.8758590828232672,1.2990687237968066,0.006655527060496549,0.06658640871978054,0.8244580644939096,0.010931457936217017,33.92616203238786,3.995201438353458,12.639498490680658,0.04495582115700082,0.0068779248603609115,0,-0.00010793147032126103,0.006509813943388461,0.005674860055814752,28.912253440929597,-0.7097353638312444,-0.41258984688136285
1565.7486261198208,0.7596538247577408,0.0666779178966528,0.0654177179177401,1.6298052619073593,0.02194622108705973,0.8775106308217786,1.303047579598347,0.006772801766659044,0.06665837999941752,0.8287066958352017,0.01132376217267785,34.30597829335827,3.9404866308782056,13.017261950803228,0.04467546008765238,0.006501856919441146,0,-0.0004491422138344145,0.0057316311079345025,0.00509765498284807,28.836669831628726,-0.24298174125133024,0.2787539614193397
1566.5333308344066,0.7566788447041771,0.06646971073576201,0.06559570009700674,1.5875919057359327,0.02187467770356303,0.8741028053738423,1.2930731877871722,0.006584975986670708,0.0664358046124871,0.8104702081473292,0.011336848232199685,33.282648796689195,4.022419423386334,13.28478052808288,0.04467515010491911,0.006507690343242223,0,-0.00019625075993565892,0.006267988847658057,0.004758432301591799,30.498373415329592,-2.352869260778472,0.8800084474381892
1567.324949246918,0.7572983715991567,0.06697727801698584,0.06543728974874702,1.6094621213425628,0.02244324474977818,0.8924079266686445,1.306050300802978,0.006790301067890149,0.06661173713996502,0.8442549401480737,0.011777139445381458,34.97844419808267,4.194582846669538,13.284691085662393,0.04453260812418788,0.006572734386925614,0,-0.0007100253674568538,0.005583858984910221,0.003610018121067762,29.813129551366956,-0.5661304590576043,0.07529390998204613
1568.1200245083926,0.7631231761341228,0.0667613140865263,0.06572738801705781,1.6512822410237775,0.02262837892684657,0.8902063555065922,1.2991030019315715,0.006546737850137147,0.06709066056050096,0.8468845860304528,0.012048952615661909,32.878771770958096,4.088913196913967,12.815868603740041,0.04437605293098022,0.006545369399904978,0,-6.36425160877217e-05,0.006878677517936684,0.00338029861834119,27.69647567062594,1.3553819668269347,0.2389295371607867
1568.9081860719414,0.7628452535373413,0.06684780561976437,0.06545142806467205,,0.022758154579070846,0.8925151169478787,1.3121982555638159,0.006793624619692722,0.06709416313201329,0.8542015255225459,0.01233553224997268,34.706659643244905,3.945426346742661,13.358747374455945,0.04595920649997853,0.006429632400080922,0,-0.0003041551157124436,0.005364930547648548,0.0034274787658290107,28.40335285351615,-1.4905582894039657,1.0690314727003465
1569.6756065417126,0.7608852368787309,0.06647697511602133,0.06524403514339745,,0.02271803475184152,0.8899726529874472,1.2929000598199785,0.006620465920321218,0.06650801069019328,0.8526477260760572,0.01234055197814187,35.77976094248504,3.9619388605826553,12.681928626732825,0.04510719371495517,0.006590330907061848,0,7.7390504673819e-05,0.005977250261263889,0.003265910439210306,27.949177266913335,1.2757732327526488,-0.3461452003510533
1570.4948797459278,0.7669982115436531,0.06674521576468699,0.06528468762029656,0.6707601393833567,0.022966982453702805,0.8943098523025614,1.308458511205926,0.006748571640884283,0.06644349289245219,0.8468894671599473,0.01196203593462644,36.68706614853373,4.061796916495352,13.33296807009851,0.04520060249984412,0.006428755463619162,0,0.0012297849080794656,0.004587292998060481,0.003785945756765627,36.689165388008036,-1.070445157822808,-0.31670849134954165
1571.3037824032542,0.7677297165320958,0.06669680756410454,0.06526375043696389,0.8853087315188451,0.023249078625477253,0.9502932230411665,1.3319533827759247,0.006656750976343378,0.06690003383165065,0.8723950381627739,0.012355953016771887,39.15354440164727,4.095998864559389,12.951350883993978,0.044931972841220094,0.006434173009466716,0,-0.0010537336265794392,0.005538503574216673,0.004073899188561688,34.54676302548242,6.788612075582994,-1.4295108232856797
1572.1057713626547,0.7645919153000493,0.06698500515372992,0.06504431870813358,1.09344451469248,0.023502309823207806,0.947196375716549,1.3241939792677084,0.006731934639007315,0.06651623449971547,0.8807490958285192,0.012325904541652605,41.143155182604964,3.8701913340693133,13.046520855514446,0.04512426131693953,0.006422694652869834,0,0.00031107044550908144,0.0061946170424077955,0.004340359903910864,36.747791289197295,7.40041443187692,3.199846803372873
1572.904303473092,0.7655321796520194,0.06700091823377202,0.06512209488545724,1.059635403941658,0.02402727229192112,0.9510261695267497,1.324935150981994,0.006659514223967285,0.06693124498823448,0.881188040272136,0.012335377123135576,41.841066320430436,3.9963970388669314,12.710895298539647,0.04601516011036138,0.00661445502794082,0,0.0004309452178787981,0.007575435560536303,0.004165202953365444,36.72209551907307,7.150108132227644,0.6189708919635453
1573.6959218856036,0.7688487644044991,0.06697141327036799,0.06521431625681734,1.1224893130958786,0.024087303118711465,0.9434969401690483,1.3750283966869015,0.006586991566055687,0.0668707600622229,0.8737212392789536,0.011942399113374,41.428145148154876,3.9357819764422217,12.98320680053369,0.04005616434989631,0.005840634428882557,0,-0.0006634751734840097,0.006842088957861042,0.004591283922977764,35.22018735482964,6.974598775884495,-1.618671934401456
1574.5048245429302,0.7716620810101328,0.06672417132784697,0.06553466085590237,1.0716875353136406,0.024400539363072862,0.955841457314232,1.394009315964149,0.006738252194390414,0.06640308970138312,0.8851675584798416,0.012379440121842824,42.705630146817796,3.9265345134022134,12.704864130498223,0.03971064887661688,0.006139545969891963,0,0.0004821738564815693,0.007076524298853389,0.0045975701272505925,36.79179062158793,5.173399730546932,0.43826557798657095
1575.2998998044043,0.7650037593818635,0.06655568162022787,0.06548714644311772,1.0773678908183055,0.024553142133496714,0.9534556152242813,1.3937678621280656,0.006905283882904095,0.06682541758052918,0.8761852105325781,0.01242857044487926,51.85037294450979,4.081193247199005,13.216683508862083,0.03975647564216718,0.006591399579625188,0,-0.0003266699675713435,0.008827494214621378,0.006675923625938166,41.20782455091481,6.7928863951348974,5.162262837219632
1576.0776908210642,0.7666725070466182,0.0663899416533226,0.0659817057323418,1.0616140458042682,0.024354972997436948,0.9559359021388949,1.4134203223389057,0.006562442131236378,0.06665082009446101,0.8657638987430757,0.012034297961354981,51.29485069750172,4.026157340863248,13.16147829714852,0.04043454584774827,0.006623645208840759,0,0.0005201054113385693,0.013286622943320635,0.008491066373516298,44.991537586174836,6.863045023168824,2.7752538711021804
1576.872766082539,0.7625469489857103,0.06685748358725414,0.06587562354986598,1.1345599895258325,0.02422476730820032,0.9473636962101166,1.3906868501453928,0.006767423988048049,0.0667717376226023,0.8176710690115785,0.010344510583846762,42.325874443078874,3.849503535538587,13.537118328653058,0.038568928896839424,0.006580154628119506,0,-0.0002781157383580007,0.014228248724005193,0.007835928096050347,41.75826538369077,6.367597481245412,-0.20851624960628076
1577.6712981929766,0.7609484200923644,0.06669007874044185,0.06565993082312302,1.111353838746495,0.023900285377522146,0.9101936004551823,1.3842897298594024,0.006693279474726324,0.06626242906952881,0.8200945921110113,0.009134775207008682,43.59224663705807,4.0063581176622804,12.827359336611451,0.03832630240119857,0.00624713488793041,0,-0.0005315156860550401,0.01254281166830892,0.007886112652331648,48.098903536938465,5.007591435652791,-1.6331188177881248
1578.4594597565251,0.7539184320471006,0.06658035128240737,0.06592016485326371,1.0622852301129737,0.023965273380385673,0.9112647884190008,1.393522380497895,0.006980810253034425,0.06676416638556136,0.8165514043037119,0.010186959390576818,42.35849988396234,3.7909765547194296,13.417617702943152,0.0382251660323228,0.006541903758189657,0,0.0003956062389076911,0.013735600837846494,0.008302080673459326,52.590484182856194,6.227148914723625,0.20750332390036064
1579.2372507731852,0.7511389547322779,0.06685484783593328,0.06620905157973135,1.110524807188641,0.02403256780853993,0.9204852437023677,1.3895899189676133,0.006932821188606502,0.06654820625292149,0.8182518711497072,0.011748854594037655,48.3160553024561,4.080030457890693,13.218807432053339,0.03904787433203493,0.005999362296826684,0,-0.0007000104724816287,0.014135148542073641,0.00878622059374822,47.6645348271847,6.360759441750761,-0.012529984994919427
1580.018498638808,0.7517230360263182,0.06685055195364682,0.06583399684052312,1.1243566928382114,0.02383620624200302,0.9006113515529858,1.3366166570399434,0.006575046697969015,0.06659069836864477,0.8149487872017197,0.010664691709678847,48.758419585106665,4.112866221839304,13.223249235865625,0.0384173771158108,0.0057304082182244335,0,0.0004515787876273634,0.012997685375771903,0.008653760076074345,51.19969588956788,8.993122452947432,-3.6612138847847993
1580.792832806505,0.7495896780428662,0.0671570717929862,0.06572307927259118,,0.023519762826514145,0.8898590065216812,1.3040986727837842,0.006755032856896121,0.06650268731926504,0.79413365341927,0.010572873533592595,47.754076645890386,4.0471746123743495,12.9738457947988,0.03869727057327455,0.0063741681318265474,0,-6.225397456449338e-05,0.014864171228852713,0.0076680442363573145,49.72553559928782,6.225502911867756,-0.4455768441356816
1581.5637101252391,0.7473382880229551,0.06643553536344703,0.06575412454657811,,0.02290043260560637,0.8900004879326272,1.3154097843931511,0.00646196012693538,0.06723213461911746,0.7927537462764315,0.01073504198114461,39.63099721550689,4.1591823300586,12.9286469069194,0.03863731012277938,0.006269357317706783,0,-0.000635108744005278,0.012925934409545552,0.009245192262537182,50.75937294648122,7.8396826521227405,-0.6080950210140531
1582.33113059501,0.7510596950486891,0.06711932312276164,0.06597699965446037,,0.022696179446940693,0.8835762966104006,1.3148459935758834,0.006631982778505291,0.06696950325245962,0.7970633190200834,0.011883253223840255,49.841191305599835,3.8397248621210136,13.044276327742935,0.04157379413390735,0.007581259957497484,0,7.45488500690313e-05,0.013380465953990818,0.009217291356181396,49.645223618410476,-0.3941607696131335,0.050912553120612186
1583.1020079137443,0.7479516265737681,0.06656742027725512,0.06604069690063878,,0.022595515927591892,0.8946887121908546,1.2970926560350051,0.006685360527933305,0.06659123948303063,0.7906606161836431,0.011800978376884392,49.65982275495087,3.9485221346516286,13.501779722353698,0.04606702240900053,0.0061605838067240746,0,-0.00046316449617106773,0.014629760228903664,0.008868796359662201,49.79403739952159,0.4776532182223573,-0.5563226318961558
1583.8797989304041,0.7496289172202579,0.06643396637696122,0.06589942490547893,,0.023263979401029963,0.8883706129282166,1.2832227380534404,0.006512885293274653,0.06662964991239176,0.8110825382210063,0.011972624107725458,46.08008311698842,4.115236941321456,13.323820171112377,0.04160520926652097,0.005839907959164618,0,0.0002430428446350075,0.01307901061362464,0.008679791625675714,48.82849033625686,2.5137414776549636,0.1535729207740525
1584.6714173429157,0.7498132413181139,0.06313723587588993,0.06588291940396865,,0.02327152656404137,0.8887600939275029,1.2830211228848698,0.006860805532497665,0.0634420104055749,0.8208219545378158,0.011932493105324253,46.28460769263431,4.043844840158385,13.31068870561989,0.04657346025576962,0.006339486222786485,0,0.00013647619318111156,0.012778301813373208,0.009579829244275301,44.87290423012512,-1.6460210626961824,-0.057390275456014744
1585.4526652085385,0.7511927772562664,0.06324281162330837,0.06542188594452805,,0.02356756202659559,0.8953693325308796,1.284577989718478,0.006627274447742868,0.06336768724462917,0.8363385246572778,0.011901118906742185,46.54972326918762,4.0695174002666405,13.7082403396208,0.04608321252776422,0.0061942865610445305,0,0.0010784486474560723,0.013938578634617739,0.008239219464853748,43.847899111946894,-1.92289933884849,-0.16247568659969058
1586.2304562251986,0.7548110184506092,0.0630965203518416,0.06463233110402439,,0.02276795280165706,0.899939551594076,1.281794205369075,0.0064851025937727735,0.06342644878874515,0.8352020797498195,0.012011043338890939,46.12522519442033,4.185725153669577,13.500975608315295,0.04657781105465088,0.006106288173151089,0,0.0008684918762680411,0.012908190569898123,0.008774630689625057,42.898135089511385,-0.7957957075830159,1.7148128333671266
1587.0117040908215,0.7620855068785303,0.06280230884324772,0.06499629065335367,,0.022145478068059162,0.8870435806097245,1.28060429717943,0.006709578978767367,0.06310500206538133,0.8112095146978058,0.011859519735241053,44.132922115261245,4.003314778935359,12.807779923885915,0.04584869789858095,0.006545318840618065,0,-0.000628622131556569,0.013684155967406006,0.00746078779442773,41.20193054017335,-0.229535734308111,0.8323953029434769
1587.810236201259,0.7584302032215843,0.06353601150657726,0.06456506443451027,,0.022662917230362716,0.8876401501247446,1.2813550367478985,0.006881746978032882,0.06323779719248623,0.8381782325402961,0.011336784152190117,43.41135869644735,4.09603577734674,12.850090325314095,0.04652171010897228,0.005770955131604837,0,0.0015141620430171375,0.00899737784595292,0.005929636207775945,41.73893545291304,-1.1386438205002218,2.320571468779045
1588.5983977648075,0.7660208581158756,0.06359412903768945,0.06455852468137249,,0.023401905871352723,0.8875243156257779,1.2844323574760024,0.006503701168619186,0.06305218050888586,0.8657930926449388,0.011296547632945766,38.48838213815185,4.0533936951779435,13.416525050575196,0.04550427087854486,0.007471653469412796,0,9.227336755100442e-05,0.007552597320372007,0.005810235770117239,37.891712465677756,-0.4935005099138326,-0.981976306480298
1589.3865593283563,0.7647576155075931,0.06309208387418483,0.06488344579072372,,0.02356230735099088,0.8919349523939542,1.275975820221364,0.006607039716283545,0.06335488790623713,0.8675575044244299,0.01148976741815712,35.86826338236448,4.129371517049598,12.837153898307097,0.04619404713334443,0.00722316830461872,0,-0.00021875368017226034,0.007193047569353376,0.006925249830185775,36.05661365412607,-0.98446254214691,-2.4805778487986188
1590.1816345898308,0.7667618707068987,0.06678856669968716,0.0650864098762301,,0.023399874428179493,0.8958173947348103,1.2814473462711065,0.00658578311312556,0.06670355101002813,0.8710655437342356,0.011671621428563464,45.42843260358474,3.79523634589002,13.0858127989297,0.04631375051737398,0.006499382139672054,0,0.00042046514985698795,0.009994821143866559,0.006645553307341422,36.74615682151023,0.9496337433584937,0.3472964498251924
1590.9767098513057,0.7629779830042221,0.06647296472538139,0.06458845367672429,,0.023280567065550806,0.9015517729031529,1.27718074109371,0.006526070074752029,0.06688363814266635,0.85174788626143,0.01156731843823503,39.9724627074832,4.040755803289845,13.163045514205002,0.046050877144168494,0.006597848896237095,0,-0.00028633587322638733,0.007842978953981197,0.0059182925860482745,36.358934537423856,0.5710072898898656,1.9299201763680864
1591.7683282638172,0.7671601093622273,0.06682338196671893,0.06477669938587892,,0.02227083075918375,0.8973549738973002,1.3439009601620562,0.006486349705609639,0.06694355693082489,0.8316024332357835,0.011452584136037974,37.027794590165115,3.840232687874471,13.252987767723079,0.045056650318169876,0.006851873048416165,0,0.0003696125263704151,0.009628563322423369,0.006148926504242391,35.5787188037752,0.4798559986014973,2.499284255981291
1592.5703172232177,0.7602317893365859,0.06667321151774382,0.06510279688896342,,0.022105891867276965,0.905192813775458,1.2741811209788934,0.006513020345658962,0.06655386986495881,0.8276692700179847,0.011534776793437913,37.33752660970996,3.949924791335468,12.843891947736356,0.04552672850518744,0.0067704257689009,0,-0.00019027093117508526,0.009053650538315779,0.0055023114993994916,36.59596953354475,0.8197844079396771,-1.8124239594067206
1593.372306182618,0.7621296648566579,0.06666028834876805,0.06488035498446892,,0.02215308920355165,0.9001182373334096,1.2769628840383702,0.006619137363421546,0.06691272702448552,0.8262229781176541,0.010710900982312664,40.2891481468982,3.864172240973851,13.08011472373774,0.0399122517727056,0.0064857321357473935,0,0.0008685560872116489,0.010821168527753054,0.005558210211328947,35.48138649241791,-1.4195814158065747,-0.7238769716574441
1594.1777519909815,0.7648768650221597,0.06710319278180012,0.06489819921581928,,0.022093034092875972,0.8987883186790623,1.2716833168538395,0.006822952574475924,0.06680262235291032,0.8331908704187306,0.01141193667697111,38.5469930718914,4.138594613172478,12.967933065973241,0.03991472301682534,0.007103734167515748,0,0.0011784032041973196,0.008623828614614987,0.00479553246068578,35.219707587711284,-0.5065116526317248,1.1567232501801608
1594.9624567055673,0.7547170694498194,0.06652362703850732,0.06527468802072953,,0.022188434131229895,0.9143669658325235,1.2804538128198089,0.006627504061626912,0.06655555898093607,0.8241015786615256,0.01137130782933442,39.28468016857157,3.9283808665087796,12.918233546864354,0.040208615292124314,0.007140608939257857,0,-0.000723996551775954,0.00925090310844558,0.004664928297856972,30.250181104870112,-0.35622969027075146,-0.23711523208607427
1595.7402477222272,0.7569346490280845,0.06995903421404037,0.06541087922014423,,0.023295076650828195,0.9145637530329495,1.2912223788384036,0.00674245981978819,0.06962438787716027,0.8943315511774818,0.01143112262766855,39.19016118865374,3.988423027865463,12.59882055489726,0.03731381120898645,0.006565779763363057,0,-0.000769745069928486,0.009415959674302317,0.005225241189191842,29.896537158708504,-0.09316656426304323,2.173833188430233
1596.5111250409614,0.7589516087222423,0.06962366898274093,0.06558460299519643,,0.022540124975967767,0.897106079194508,1.2630190019326568,0.006669044898733523,0.06992335855769216,0.871051596941194,0.01155397701180196,40.7971022111988,3.9555294505675973,13.24244035839136,0.03680117796743663,0.006835295282270624,0,0.00037324310892126544,0.009141616381473693,0.00498376278293604,29.296495602152305,2.2281321405140897,-1.2849341447372136
1597.2889160576212,0.7516050930682181,0.069949262861484,0.06599569667849171,,0.02253501155078139,0.9134656822739214,1.2796109984214898,0.0066726309321865716,0.0699508712528235,0.8760627906057427,0.011691971358240943,41.315297913488116,4.149690803256259,13.046352910620262,0.03271385707744742,0.006717959211892215,0,-0.000784597869241636,0.010488295498332825,0.003934720935916152,29.161046574715357,2.7927902524033623,-0.7106817246531539
1598.0597933763552,0.7519157106590063,0.07017993987688259,0.06646303600903124,,0.023592914776988265,0.9169876691523344,1.2869493101977179,0.006627209297605904,0.07012315286252538,0.8892622578723447,0.012389311373389325,42.024190218993375,4.015665398512896,13.141447382904706,0.032473086662834764,0.0065547288480148755,0,-0.00023564479682315097,0.008672318930532764,0.005010280178572115,28.464174259024936,-0.29205841268632227,0.7545535251913557
1598.844498090941,0.7523811978935684,0.06942148340532113,0.06688308483590591,,0.023651277684381897,0.9162385288387949,1.283961350546475,0.009980307278973878,0.0703023971107625,0.8903200384450751,0.012670744259612182,40.81435203560855,3.828299163200667,12.94267973585152,0.032836569073378126,0.006344243377977624,0,-0.00011407198881291162,0.008117026573977462,0.003941781724075333,29.214609876222244,0.41373951250873076,-1.4218908110274568
1599.6257459565638,0.7518426757450083,0.06999888428149433,0.06769015336568467,,0.02260447947586871,0.9172690127576371,1.2994661961743221,0.009971628963421237,0.0703544176915863,0.8712027817253597,0.009861985787181652,40.268277623178804,4.103353018632727,13.416974708545531,0.032276848691170555,0.0069844441009536,0,-0.0003786264104463439,0.009041264520442563,0.004168782161453322,28.607912058455,-1.4638331330775098,2.3423294982509018
1600.427734915964,0.7554882836467816,0.06995998197294544,0.06810806962443616,,0.023553376227986457,0.9092603663955687,1.2977324186185544,0.006563325992569984,0.06966258511036884,0.8925080151018243,0.01260601056118446,42.26357961529766,4.033006986651869,12.63359334654547,0.033431662581587154,0.00686848585268884,0,-0.0001922259979526654,0.009752096965486205,0.004449669398943634,27.13850605061396,1.6864921223277944,0.002841083006635818
1601.2089827815873,0.7545291644470751,0.069970598048879,0.06840846597571197,,0.02286067713904203,0.9234432011742282,1.3063476857584895,0.00993124248415161,0.06983850339373106,0.8747154180626853,0.009869210277398394,40.44943650816839,4.076229798299673,12.853460234666796,0.03293936726279741,0.007182639648689731,0,-0.0002664559235055464,0.008879065351500563,0.0035093946433979164,31.132290821667173,0.957835419777654,0.11780947711415578
1602.0109717409875,0.7560082314193112,0.07001588208498988,0.06918697246523349,,0.023628343216445604,0.9444132005474007,1.3768394531176027,0.010144977138712992,0.06984055615599577,0.8727764713397463,0.010198545278653577,33.714861821625846,4.047289426459477,13.107971053048644,0.03308418169907171,0.006167281313700734,0,0.0007709684787096702,0.009330244212814795,0.004439990385700321,37.434308767301964,0.7700766940920007,0.05546287800080316
1602.812960700388,0.7543650496812163,0.06979430437564635,0.06954595066995373,,0.023544686874939946,0.9339367310030731,1.4549028221918383,0.009879541191245848,0.06986196184112889,0.8748864207815625,0.010097780854659094,39.68287088379217,4.120092948244547,12.920115157387007,0.033039336058731376,0.006124759995842352,0,-0.0002160867012443224,0.011404331210464207,0.0045473274380834535,36.25167011030125,-0.9676328501488564,0.9991120000827388
1603.6080359618625,0.7571383690830751,0.06978547540410793,0.06959714474824767,,0.023685690460339488,0.9334147146461799,1.4511202035446897,0.010103339436803927,0.07010325479015622,0.8810809222756328,0.010062410425906668,35.47122254710726,4.128370578304893,13.281118325600916,0.03250995179990972,0.005562163833414985,0,0.0004826546925804229,0.01172334542865422,0.005337845227991442,43.60556029816599,-0.7694980243362001,1.3011927288672718
1604.3892838274853,0.754566830952418,0.07041300759270111,0.06912277085643073,,0.02470939126869498,0.9798195506704022,1.472401540791925,0.009967376445638873,0.07011407205846715,0.8876885640052569,0.010409232707076064,34.212320678861865,4.02336596139386,13.656750040591598,0.03306179419940057,0.0061951064243407775,0,-0.0005111633341862689,0.012262976680490052,0.0052199041279036695,43.403165944139175,-1.4370510237139742,0.36805811744750855
1605.1636179951824,0.753735083654889,0.0667078562198498,0.06951884036293807,,0.026465986015929525,0.991527362454815,1.471872461423316,0.009955916823152203,0.06681107954121368,0.9161420788055287,0.010150114366980219,33.690665549020764,4.068895320640063,12.743024873341552,0.0331823460795594,0.005700659116558158,0,0.0002928209368686193,0.010759218774015956,0.009125298480486902,40.616193275985474,2.1297502595165207,0.11347027012081139
1605.9483227097683,0.7538950863247914,0.06663093032012746,0.06868898450353768,,0.025063146970153022,0.9787963047598712,1.4583451525060613,0.00987916417486129,0.06636764478494442,0.8620311160386421,0.010476976831566589,34.5594470306066,3.8593928289948916,12.64627325159102,0.037511917201712895,0.006518332461909139,0,-2.3356790197303788e-05,0.011988504874287981,0.008251071675148327,44.19450129879658,2.5341238495265754,-0.5594192466685777
1606.7468548202057,0.7555069937616069,0.06687874941703542,0.06930950954777426,,0.02361303669354269,0.9415084041685401,1.4476724053942633,0.01004107521721409,0.06687255540335403,0.8206096445122092,0.010195387476551809,27.685289423246267,3.8828456145419814,12.564249425354703,0.03698143428123207,0.006209770967084413,0,0.00028343950647884223,0.013491191019185845,0.008035662435493812,43.10898997366697,-0.7318923222431923,1.4633022815127554
1607.5281026858286,0.7546908431214998,0.07015525936982231,0.06929605087853456,,0.023997666108971576,0.9849434318190021,1.481815138937155,0.01005707789002728,0.0698674512319311,0.8253471342042433,0.01047336004224861,33.16842884264903,3.977420140811886,12.985741115776687,0.03728152413276925,0.006535135386988596,0,0.00032556288572816263,0.015234469015058512,0.00886084979753244,49.14213777212221,-1.2639675000688697,0.10660062001985501
1608.3128074004144,0.7566595867300611,0.06999425892158674,0.06900106961243446,,0.02492878383655235,0.9823592891282371,1.480595420552895,0.01010356350227629,0.0701264607517268,0.8660512686579749,0.010573408806493252,34.0056767230954,3.9689605730472173,12.519031599501885,0.03691122386088205,0.006591590397571638,0,-0.0004472716056292172,0.013880516681414889,0.009776984753562975,57.45732471511003,-0.9151032206056257,-1.102571362951857
1609.1078826618889,0.7627817330714223,0.06980960060315891,0.06871517450543078,,0.02417522565127145,0.9494942783021771,1.453491950374529,0.009878697686521951,0.07004402913088811,0.8299346603120802,0.010413060940911607,27.34545067028481,3.981075932840246,12.779975182244423,0.03700239771938752,0.005985209462440605,0,-0.00023465015507421813,0.014254548963647494,0.009444228896110041,58.68464793809444,-0.22885488608645246,1.043019107060168
1609.8856736785488,0.7656404466614068,0.07002084498945894,0.06874421424827193,,0.023839266479137318,0.939683015325374,1.40859092248592,0.010026297080398353,0.06994022621953308,0.8295708744678542,0.010453030339058523,31.39964002888003,3.8689863092890597,12.76005062288076,0.034899590493918,0.006147264457349427,0,0.00020353485177397352,0.013505340192264218,0.009279472720652751,57.94596480816065,2.104115637517596,1.200836735054277
1610.6876626379494,0.7680874885540676,0.06637133073072933,0.06862661452423957,,0.023505584606685462,0.9090397239486477,1.3728893651468494,0.00981563769791587,0.06645538265658146,0.8187353451838699,0.010366192770782916,30.463436652265507,3.9513315161829805,12.885950651016687,0.03745137288484897,0.006379722488027586,0,-0.00017905920405807282,0.014895495979989284,0.008829348921246063,59.5068501814002,-0.7588002377273091,-1.872612311776824
1611.482737899424,0.7625819016861208,0.06704828518733902,0.0687823740822756,,0.02375382984867205,0.9186161447937916,1.379048761905489,0.010008179941106065,0.06682358978672516,0.8240451480097521,0.009932963922873522,30.7644475149153,4.042645307785491,13.098914572353424,0.03399426423136064,0.00680407522290571,0,0.0006602241373701887,0.014047936950918822,0.00877934099915153,56.0152005599981,1.6264467335151978,0.0173783961914798
1612.2743563119357,0.7681721708243419,0.0698295955662913,0.06839958936345668,,0.024097186584585484,0.9265346043159158,1.3734622570769304,0.01000748375623233,0.06977408039778137,0.8269121526160502,0.00999380949053584,31.76920427371731,4.005039564703806,13.227440398943346,0.03258725615272748,0.005760021576080508,0,0.0002783102185173051,0.013186448995909391,0.009692327237179721,62.840615239744,-1.0982976987734556,-0.35712989462956185
1613.0694315734102,0.7646725575010745,0.06986881176529569,0.0682416509227939,,0.023656394061572106,0.9145902692920811,1.372108436822928,0.009893387285511724,0.06995663984827112,0.8267029398158744,0.010092452164958157,31.22570745453531,4.059406433065933,13.066912300241654,0.033305191458218766,0.0068234214842368334,0,-0.0004466075456521712,0.011410758156485989,0.009270767877210592,62.33448042063708,-0.4760670994734509,0.9656300411666843
1613.854136287996,0.7660397479211439,0.06985146754737633,0.06820740628475369,,0.023371640053205807,0.9145235655249289,1.3423602424367496,0.009951948588075054,0.0702972923950974,0.8111478780220245,0.009394248253046255,24.174670051062662,4.094938243643139,13.402655284551484,0.03286327079091586,0.006609521869609732,0,-0.0004953913406789513,0.01148706845124616,0.009834432391932943,63.936186733930846,-0.6331348485117679,1.6215185883605403
1614.6595820963594,0.7654669513897677,0.06995009906778933,0.06860649461306209,,0.02364683965986634,0.9137450178091687,1.346017561260393,0.013422872097136157,0.07034173134107313,0.8222091569667741,0.009041259126332543,23.40508744780973,4.104743552880538,13.04817565754231,0.02790232886570694,0.0069248745931949,0,0.0007125142282242595,0.012335911729175086,0.01013927482441319,64.91781851570967,-1.8228337642211105,-1.2174139201966105
1615.4097183213157,0.7700300588500081,0.06987086081176637,0.0684365725580526,,0.02403827723420011,0.9117536731497781,1.3810906022250964,0.01006885554317565,0.06999917399177706,0.8338822335048186,0.009478718834651977,27.40341597309916,4.036072786037601,12.784424485817063,0.03037768114903144,0.007976639842201646,0,-0.0002635472477272827,0.011788205814158695,0.009689445416971578,64.89779804850961,-1.486343763078988,0.7664831621006888
1616.2462757703458,0.7677848146044033,0.07002279914887544,0.06839507777370689,,0.025110717618301952,0.9110433812550176,1.3854757899096493,0.009977097061882594,0.07002942359098331,0.864094450637635,0.009689155809048357,27.192799177673486,3.948943040766108,12.376695020613193,0.03013690999332216,0.007962686508865507,0,0.0004315509810685488,0.011686535065793433,0.01020342480499776,64.77797261634166,7.114651011096488,-2.134861354676561
1617.0586352766347,0.7660733908685011,0.06652852327828972,0.06818073859026054,,0.023500678701791556,0.9264766015647949,1.3691498383665175,0.00996575721039785,0.06664892461419458,0.8241170000770656,0.009866763696388968,29.678695606508942,3.919635018554473,13.11204478522857,0.031409134918796405,0.007989869218976764,0,0.00010726738412239015,0.012690229114247768,0.009701264133061539,64.97553090533567,15.454997748549527,0.3089381987099145
1617.870994782924,0.7653295827368854,0.06651856136217309,0.06824890438574013,,0.023416956209160077,0.9315371704252559,1.3823546112680953,0.010085318925026322,0.06674898568896541,0.8232798640717129,0.01003541157420696,30.425053638607057,3.9411307691971027,12.785612378809654,0.031648235948040074,0.008026288329720238,0,-0.0005134214453813115,0.01264212730120643,0.009559331271016649,64.88381100168091,16.859098143448062,-1.5917491338066032
1618.6660700443986,0.7689269402196571,0.06706594711695998,0.06830903221975351,,0.024605032291469115,0.9447549495383577,1.3932019401570581,0.009979494590024916,0.06677814093522971,0.8865329415974014,0.009834959332414267,29.8654146972644,4.0078818316662055,13.828713211313618,0.031204395969212047,0.007867126006516205,0,-0.00022913178872621573,0.01360177030510821,0.009623167232448333,63.89428239269339,12.987966214788413,0.85397871377766
1619.464602154836,0.7657989658087268,0.06969597483389645,0.06814897408154197,,0.02447583648311534,0.9496624019211282,1.396300203912361,0.009856951079249101,0.0701848564736227,0.8788378412333017,0.009780625523302739,37.164126139800544,3.8214330785520048,12.899287071961334,0.031085698787412918,0.006953676018356866,0,0.00019514945682340892,0.011670599573448195,0.010405306334463085,64.4405280110695,13.048329650426908,-1.8773781206802127
1620.2562205673478,0.7685385071063542,0.07005335098623745,0.06838841916216115,,0.023320012737311272,0.9464160636409616,1.394652422005954,0.010024736006144227,0.06974016738425196,0.8274827007587517,0.01014892644217268,28.694216634875115,3.976717046716712,12.656100274789894,0.032469858412271145,0.007169345703868518,0,0.0010142530173780243,0.01153505431861451,0.010548675809238035,60.94019062300699,15.067426502356096,3.434794326491665
1621.0512958288225,0.763029113276506,0.07027759278995475,0.0683388400427384,,0.023182602381425284,0.9284996723432534,1.3651508073820082,0.010223336702772725,0.07032785815140782,0.8332738853415506,0.009984159588088235,29.474557109290135,3.982159926366505,13.72404904132514,0.03331343566980682,0.0068124454447098465,0,-0.0009859158474648064,0.013920746650238524,0.009679104017494508,57.70053829274443,15.401172594166717,-0.9399653550113842
1621.8290868454824,0.7645650983903736,0.06971975658963495,0.06876009933891757,,0.023564849242818736,0.9520433553722569,1.3754353954209826,0.010067582077658049,0.06972848840664281,0.8499479296878674,0.010505691635667018,36.20708678630868,3.931671671557659,13.256807125142952,0.03230631374984562,0.006931182764489379,0,0.0002535903000224106,0.01284943430670192,0.010135499189117917,55.481664595077255,17.73989945257768,0.5863784091992456
1622.6103347111052,0.7637225716342106,0.06970142693199338,0.06855281006036809,,0.02360694709882915,0.945985869646093,1.3634431373889415,0.009829490518869331,0.06983188085423886,0.8404552342360359,0.010415570974617575,37.373015476790215,4.075735598440949,12.323193097811538,0.035487238674719195,0.006958039857599413,0,0.0007491219935418444,0.013805738716921019,0.009948795032039034,58.29990288565026,14.171272149864697,-0.9590919120133263
1623.401953123617,0.7619074626244131,0.06982446140918526,0.06869758565066612,,0.023294763170830603,0.9373266726241862,1.3688144128930995,0.010005046542100998,0.06999055826511148,0.8461173717270877,0.011233392933967445,37.61147644892313,3.8611316418714545,12.941559263724292,0.03528876724261629,0.006639171551792587,0,0.00011590464832953807,0.01416397375927601,0.010281736987242482,51.37846786986812,12.621724512743912,0.2723482465631838
1624.1866578382026,0.7640316230709,0.0699691114306263,0.06824515813136164,,0.023350049581257276,0.9350628771507262,1.3673079838906577,0.009816161439200282,0.06952226760007686,0.8496881222820216,0.011372733160012504,36.179014559830605,4.070719546755021,13.32422592272498,0.035950613079331006,0.007259421065537354,0,3.868360633630356e-05,0.014332433758666299,0.009302077796805454,50.63313135406304,13.666303009725395,-0.9924850054436264
1624.9713625527884,0.7641198896582078,0.06984334135099349,0.06875417012460155,,0.0235117935656194,0.9389312052924571,1.3707210872003501,0.009925258422623139,0.07020313803155925,0.8418917202516343,0.011236257882945074,36.59899782348541,3.8661130221893614,12.898854340091953,0.03922684782534601,0.006323168698209399,0,0.0005142996210506925,0.013839518785509148,0.009799081619264693,50.80632501620223,13.733104535500662,0.03104198195398428
1625.766437814263,0.7693364941393487,0.07034058807058381,0.06862197819485316,,0.023735377159881933,0.926961623583248,1.3134477939577176,0.010116566278453807,0.0698267899687304,0.8463447270196746,0.011170881619920164,37.00502991940268,4.060881016224419,13.246140671413142,0.04172228950406346,0.0071112488255982735,0,-0.00021400863501671045,0.014010741318749714,0.009528829338525568,50.638087406586166,12.151830782783522,-0.7924709535326461
1626.5615130757376,0.7687258840623518,0.07021290905485071,0.06852183827580052,,0.023563150022613697,0.9178028527118256,1.3359989756285053,0.010021017383026925,0.07054615971437081,0.8514047837530132,0.011252801293386723,36.11735663467835,3.933520348528963,12.945505573965631,0.04195277792891612,0.0068332002502486545,0,0.0002253234163740842,0.015203020924705846,0.008351353576462175,50.05746874157724,16.781153127877925,1.2190956721237065
1627.356588337212,0.7640875550997228,0.06952854287497313,0.06842960502659036,,0.023499583133841973,0.9171561688752378,1.3377776708511482,0.009931371998592392,0.06996635221072611,0.8323332229571795,0.01173580624977449,35.944336968445015,3.9721806670998085,12.902546759616074,0.0425884798941683,0.006728970076888976,0,-0.0006515474787875294,0.012924233791859162,0.007830531987611335,44.08454252665439,6.112845290739517,1.3378707845565643
1628.1551204476496,0.7703520274144805,0.06975227670567853,0.0690631322231228,,0.02420836483625943,0.914440906865115,1.3265118958444135,0.010214011036197351,0.06978633523601971,0.8437337039285469,0.011129741460627934,34.65790816276751,4.033899506700058,13.202403436396398,0.03702166875264915,0.0067719366120660915,0,-0.0004571605497511979,0.014401372852857938,0.008834002717107246,35.117519770709166,0.9449291608165605,-0.509802953922664
1628.9605662560132,0.7739876488018551,0.06997934123173177,0.06928793516871048,,0.024307113880696857,0.930457979640243,1.3312889863811281,0.00993972564316605,0.06991339042266191,0.8513938140917482,0.011721720091785223,37.542878471240904,4.088932498617991,12.783311700875062,0.036549641249929876,0.007076647156627134,0,-0.0012100946119896346,0.012663092942531705,0.009372046190182042,37.32355875550882,0.8389140952873475,0.7313266808373641
1629.7625552154134,0.7733183381926,0.07014947197677145,0.06885644031659391,,0.02424021131170223,0.8933195839095615,1.3220079124580997,0.010109698141130745,0.07014896775276422,0.8453016278447401,0.011935750046064538,36.060897676436554,3.984918445100114,12.644511461194247,0.036764518434497205,0.0063271480164849925,0,0.0003950703311310508,0.011981758102405734,0.008631601670337495,36.344704792813474,2.2377796560880676,0.7571579336784647
1630.5956558154803,0.773708961163971,0.07009141780183505,0.06887367891820699,,0.02443477275766917,0.8856310509139519,1.295378123576202,0.010027183424066062,0.0699658516795002,0.8146749238131485,0.010326780507900328,35.312822947645536,3.9293245144370674,12.893162954470842,0.03882166689264533,0.006908347039172689,0,-0.00031735564185899506,0.011643161584432557,0.008407018413433399,27.80139049658231,0.5209373559173057,-1.648867849800071
1631.3976447748805,0.7708329812913055,0.06983446166799766,0.06881613396381334,1.9421350111994231,0.024022071032593652,0.8888792342386473,1.2971817490578768,0.01012304018882224,0.06987555104525915,0.8251952179984244,0.010179350838109771,39.827779899472034,3.907042641628823,12.659304505716866,0.03660066713234537,0.00710456190304417,0,0.00032061617334229334,0.009862231223450488,0.008460135885668548,27.336047490775474,1.0586415874903832,2.6412399716142025
1632.1996337342814,0.7717403651309944,0.07021270924750904,0.06905208602872535,1.9916692151106719,0.02319844574402075,0.8842308433674606,1.2955108099111903,0.00992597609324097,0.07014722892737593,0.822357078183389,0.010123789728071238,41.525454044186105,3.9752957190089213,13.062575664443646,0.03898622242769151,0.00670138208338076,0,0.0004453859504173471,0.01098555063091011,0.007559892734774557,27.982133052787052,-0.9317174727601369,2.0904692404370286
1633.0016226936816,0.7714955625248905,0.07006940416362462,0.06911577034162951,2.039603455413946,0.023202881306081568,0.8856986048784259,1.2920953254117213,0.009991653568331977,0.06987157605519126,0.8231958265259844,0.009625253741742995,44.76797303740185,3.9221720678125918,13.370438194010926,0.037122497316400355,0.006858640077251235,0,0.0010071478717519847,0.009654774003656805,0.008586988091253665,30.784519838280747,0.5194832230800975,-0.17861052007923311
1633.7966979551563,0.7659000575398396,0.0698917495073439,0.06910969916032167,2.138138341453542,0.023569986586003903,0.8728657238251134,1.2894008668344967,0.009913010067459998,0.0698146627865708,0.8172498522753281,0.008849238390579354,43.47063235997039,4.043019559427232,12.953370359995453,0.03769495119875982,0.007413471613692234,0,0.00013146654069411785,0.009281767721366015,0.009301289703372797,27.734152143639896,-0.09301539248000544,-0.584205748800792
1634.5883163676679,0.7642598200616889,0.07001950688838031,0.06932531023878363,2.05155046362194,0.023469660158658787,0.8538839830367654,1.280066983516249,0.009952375170379788,0.06981084350404937,0.8202383737594632,0.008761904608609587,43.574943749767726,4.110083307627473,13.145352420048058,0.030101475509799608,0.006932501181986798,0,-0.00033207214474742985,0.008601820062490308,0.010301630014080427,20.377122274052923,1.612470127231902,1.8003804172335565
1635.3764779312166,0.7564847728994236,0.07009037914379657,0.06896978463707358,2.0351016555338672,0.023463519979748243,0.8639377247041182,1.2960655712629907,0.009961835875842347,0.07012579874190392,0.7913270484846785,0.008833288354041369,45.13334297461471,4.195204524537069,12.784239126664227,0.03040121072193574,0.00811993122698619,0,-0.0002097870528486757,0.01003656041587978,0.009901824506975632,22.50482548785882,0.9846141966078512,-2.1267916229825876
1636.1611826458025,0.7598633690640403,0.06640354325470496,0.06880212129922439,2.118501173357913,0.02213272763794797,0.8500740181386579,1.2770072391561424,0.0099125982745071,0.06665870652323169,0.739349914593014,0.008664469659557068,45.519183019588866,4.118423949748603,12.831920766594338,0.03681589774915476,0.008696839160068475,0,0.0005503130772161631,0.009068140910015156,0.011379614556782283,21.51248561374997,-0.15241329367887807,-0.879288548219193
1636.949344209351,0.7614294217659717,0.06660583600077276,0.06917831553971522,2.008884541095579,0.021326544371279742,0.8425995507567118,1.227815293600966,0.01006797963377745,0.06681313663658152,0.7473564393372611,0.00858591319370908,44.201348633905944,4.071795096654086,12.869871287203928,0.038816039348913464,0.009411169147704512,0,0.0003631727043245769,0.009563281705421778,0.011979652014950132,24.19953817432203,-0.3994701542716429,-1.005856389695936
1637.7305920749739,0.7562489196702686,0.06618518291849118,0.069009559365486,2.0798735642656037,0.021233320488853194,0.8164434075898365,1.2271809073773952,0.009851145050961217,0.06637334216685632,0.7376212710234904,0.008830518909877478,45.4715672021891,4.0218639300502,12.918684929048277,0.039913375420690254,0.00971594533114712,0,0.000490316976310107,0.00931357266889192,0.011281487139814597,15.199525750800628,0.1643303988190413,-1.5021675725434327
1638.5152967895597,0.7591494906893387,0.06669549899768908,0.06894740471355927,2.049056076973456,0.021156826468076945,0.8430619862978397,1.2301893702773357,0.010058421037610147,0.06659008016535552,0.773336747562059,0.00876569876380593,44.70681474692381,4.203938975172056,13.36855176244284,0.04339532574019079,0.009671601569740519,0,5.436429350342745e-05,0.009838415183243288,0.011120841895052806,15.327471743592984,-1.402641648086115,0.1442679044618183
1639.3000015041455,0.7588622023764362,0.06674218320474151,0.06872098009643034,2.1178929504217607,0.022028995849041267,0.8426695993000732,1.296504809790621,0.009957607187808928,0.06650051629513755,0.7975893414188533,0.008998760571979432,45.90648623390956,3.893603353107697,13.573855810085991,0.04412148715133368,0.009503981852421258,0,4.920275314732763e-05,0.00997484656079387,0.011890029620733584,13.970714061861258,-1.6307310299219264,1.837191688799931
1640.0812493697683,0.7516717735262419,0.06667090214417856,0.0685093220589487,2.1242241797161636,0.022107449250280978,0.8669029236487668,1.2790704766682832,0.010032897648912131,0.06654071632814879,0.8003491665037291,0.008926995092087038,46.66212337681008,4.002982938068523,12.78219736804603,0.04404417967760429,0.008827189110117484,0,-0.00028783149170849136,0.010034811887699106,0.011432737587621757,13.760096171032451,0.14442050180230867,1.1389736210136516
1640.869410933317,0.7620419263745648,0.06698070293380273,0.06859199757583587,2.0598415394223357,0.022037954732726753,0.8457034835337087,1.298073423873969,0.009968440208514177,0.06667531584817477,0.7977786200814923,0.008931204559239578,46.89447547739027,3.9692475386195616,13.376644116864735,0.044197286810107726,0.00925900391340618,0,-0.00044134151090821324,0.010050014190059105,0.01119208609268173,14.356675135244862,1.9063874749648275,-0.24698923603444287
1641.6713998927173,0.7596453111920466,0.06709002090088612,0.06800454969685334,2.0894884277230195,0.022042390550086895,0.8578693711756393,1.2893493059310754,0.010131345176650507,0.06670353337114365,0.7994947674461534,0.00967693634077721,56.80330314802113,3.8793154332893525,12.666574576521596,0.044847938017603915,0.009678952437600946,0,3.1160657558175275e-05,0.010147280824349396,0.009824626546693338,14.390287174113341,-0.10668121181656055,0.9212510187695734
1642.463018305229,0.7619312792107882,0.0632198107774934,0.06743568509842204,2.0716865101919475,0.022019609269611207,0.8563597317478433,1.2879481132450195,0.006719175698053581,0.06326519641897728,0.8002329959997285,0.0102448925831095,58.3390236346984,3.8899371464717767,12.882575359602892,0.04640899734637701,0.010062785948543757,0,0.00026390466101349305,0.010726973555736721,0.01071277164507905,14.341868688016215,3.020049238205577,-1.471602488376039
1643.244266170852,0.7702717457592387,0.06353742633506766,0.0668459894180048,2.08126994719285,0.022118348864714914,0.8919830061141959,1.2917655481205332,0.006631895590008913,0.06320824524835557,0.7925520148059124,0.010148209266793077,60.07398193596491,3.9172039262106906,12.773414888573853,0.04581622462510448,0.009995229821254503,0,0.0004809227761015971,0.010007600119974112,0.009707139447459209,12.625124913989675,-0.3830525478644773,0.19918835362318746
1644.0497119792153,0.7721134994305948,0.06347541690787856,0.06670521290608904,2.0239731005462365,0.021185069504596137,0.8924019428307859,1.2694447170055936,0.006671437060387,0.06332017450485054,0.8017685934157175,0.010298694924928764,62.77931931949743,4.103046794320989,13.62034423299158,0.04645376663102052,0.00996499162066875,0,-0.00020407244340735106,0.009083093844634063,0.00843784967404251,21.547486580350466,0.8394639344923451,1.8868175166928218
1644.8517009386157,0.7692559701099941,0.06321033371585241,0.06580983086441787,1.8985322852576543,0.02200793086212982,0.9438999888194648,1.3171334891070303,0.006777281931257544,0.06374829371482758,0.8444404852118329,0.010757265592364285,61.43009852012137,3.95458471290881,12.517033463655784,0.04519088376112392,0.010592773142734407,0,-0.0004907978198005354,0.011624782651170373,0.009613565476573015,27.753702369854555,0.09991402732029663,0.8933956817473218
1645.6502330490532,0.7726935762911992,0.06314257317788165,0.06607524993657714,1.9734336208461403,0.02327365517885302,0.9460376219604503,1.3247716808551797,0.006421497763735002,0.0633407555385648,0.8948201776833707,0.012766174048177658,65.36816867372517,4.1389662316051306,12.787359260458421,0.04823916995157436,0.009943728665782558,0,0.0004778906624335529,0.00943389836605273,0.00887017570103697,29.201434306556028,-1.9584904084295747,0.12572681342626585
1646.4487651594907,0.7724212672865995,0.06368110019273858,0.06548325483157799,1.9767663618623597,0.024824713012242643,0.9693895984567662,1.4225721370755198,0.003663566060054062,0.0635551602333575,0.9002496727386377,0.01284581301686962,70.7187371956675,4.014859614589084,13.116684685654,0.05433220158790744,0.011058354480638414,0,0.00012863864409739208,0.010081167229872453,0.009210499943121932,30.18319183880451,0.9120903649235723,0.8462327147749705
1647.2542109678543,0.7693864833426091,0.063527355504129,0.06475240186221512,,0.025055437995821647,0.9711590959520304,1.432512196132207,0.003471413391679434,0.06321758638836836,0.9054483192153481,0.014001505223550228,66.83024253714888,4.085229948949311,13.581062945731478,0.04802809965162418,0.011434128224889631,0,-0.0003119462258817725,0.011596525400896812,0.009510120122419852,29.906120659267195,-0.27510545064927444,0.06837517096309861
1648.0700273231064,0.7719879234241447,0.06356186279214505,0.06489190483019784,1.127293830847103,0.025180296484097517,0.9756618733268053,1.4349298600749059,0.006720979006197418,0.06400826851320943,0.9014544465241922,0.013839095756315747,65.48325003831239,3.9879247351913416,12.801048760694666,0.04445698745050418,0.011390902374354937,0,-0.0007896705307706261,0.011173277123562952,0.009098516607844,28.223539770123946,-1.5470920465692342,0.3011525711978829
1648.8616457356181,0.7693424399106182,0.06361343734389664,0.06468364356774997,0.8498200350629979,0.02515567785597552,0.9448757681592294,1.2668975608015596,0.006822482344922637,0.0631659404539428,0.8847494034468519,0.013656530086818157,65.3935519436752,3.745275695964278,12.865809702457442,0.04858316804490099,0.015052629263885299,0,0.00012972067978614615,0.011037561070032521,0.00981343810022256,35.683987560373915,0.08328721903337998,-1.281460521544219
1649.6532641481297,0.763327994235648,0.06292318124935803,0.06506291984653005,0.6754134499461085,0.025143808435782546,0.934948031523258,1.2622458355245865,0.00661172378007047,0.06302905787613064,0.8876029993175191,0.013892759862494728,66.521855031701,4.122987526156115,13.121590579838964,0.048141560486726784,0.01754529938085705,0,0.0010221147569675765,0.016284198372768767,0.014171916352441253,43.075793350884304,-1.2620608795840584,0.8695108544976942
1650.4379688627155,0.7645638192461947,0.06335713462791308,0.06478677610236706,0.7158938689858217,0.024698861084961738,0.9416040181465728,1.2556519840878941,0.006643029413280627,0.0635058166337017,0.8879596942489526,0.013730924734342512,65.85718217882302,3.8135193301593966,14.073186911974892,0.04830871417591875,0.015474455711653361,0,0.0009973170071614391,0.0168663967887971,0.014253732556346424,43.38165206156787,1.3450583760081571,-0.19686576953187807
1651.0463742801917,0.7548298570809051,0.06354007973931541,0.0651682985734292,0.6429032965138686,0.02512000404426331,0.9391208633885479,1.2614460924519233,0.006792079039160346,0.0630707539822598,0.8773208370253788,0.014114912572408086,69.94547162098911,3.997279631889836,14.363202018093729,0.04984194122452173,0.021142933160829883,0,0.00017677497187021797,0.017964780733709156,0.014486647789441767,44.015887997228454,2.0035984209482516,0.12530335117823116
1651.958982406406,0.7580830699094712,0.06354841932310651,0.06847594931455138,0.7191021600728917,0.024868461198286722,0.9407794478871119,1.2368880816650383,0.006697325318916097,0.06357455036437448,0.8776820333781504,0.013873125217164117,69.92844714991195,4.075306779166745,14.010646886523741,0.051404457904058475,0.01862776036546431,0,0.0026078117144616216,0.016655490461653998,0.014433512875142485,43.745607563070315,7.899591412379432,7.040957220964894
1652.7436871209918,0.7543708265296997,0.06708742515847378,0.06908031086507857,0.6876795080606508,0.025115426343655788,0.946899706299229,1.232873595280053,0.006798624581392188,0.06652039436167273,0.8881739817745938,0.013888594454297914,69.8414936762217,4.187569014381524,13.831924003118484,0.04983986975812489,0.016195670461890632,0,0.0031635791432079036,0.018971148281497433,0.014438766896152398,44.22222187160651,16.69622106481347,13.206152308387493
1653.5249349866147,0.7554708328011823,0.06622981071312918,0.07144263219455979,0.6405723075691591,0.025243764237279996,0.9404018755204488,1.2218932934147069,0.006770960501214284,0.06623839572513611,0.8728090378656642,0.014230974485817753,65.76709976561591,4.0435734358900275,14.393667311216968,0.04992596692616939,0.015563762694449979,0,0.0035198923272913452,0.019012399362607263,0.01398120463422757,43.94563416551,21.281334994669646,20.658681890332552
1654.3027260032745,0.7564845677393411,0.06641941079838612,0.07237731010365947,0.7065443174123478,0.024405919288594688,0.9342742514560977,1.222514038449782,0.006560262626497531,0.0666745404501519,0.8575060550598446,0.014800203755506062,73.48221169803128,3.9774560361459983,13.96016653032049,0.0486998557133939,0.015129098080703276,0,0.0033651247159574354,0.017077953167014426,0.012634062635879583,43.1957806622327,20.72934063189079,21.497878567699132
1655.0874307178603,0.7564609889651593,0.07020438195566756,0.07252846327493599,0.6576366100056551,0.0228309584224607,0.9282484264777374,1.221320536537672,0.006871909818288715,0.06999787231998722,0.7948937432816724,0.014806752765403495,73.37807095164956,3.758124947613509,14.460309909929574,0.04383956143833976,0.014642127014860232,0,0.0032165370625171553,0.01770037607864799,0.012646087955887385,41.297152274910744,21.054565810061472,20.604681977819876
1655.8755922814091,0.7568878868662933,0.0700533137863138,0.07283143345536716,0.699736948902686,0.022497970514326726,0.9057167150226352,1.2300228928069552,0.006759764159778478,0.06983652076951959,0.7936488471209892,0.014793484481955357,77.70861248193455,4.066225434388247,14.190348112741829,0.04381984202089256,0.012770161596859795,0,0.0023351498191266284,0.018838214623270164,0.011106612073784576,39.739287911038474,23.72780834288563,19.604655193074496
1656.6775812408093,0.7561953915152352,0.07021378034989582,0.07298447348187198,0.6781264435410943,0.022311071703829025,0.9071346136704002,1.231764746316041,0.006429166631562124,0.07009488320692235,0.8202239049240029,0.01476122553893524,76.59810705947208,4.005683462206577,13.487005715178649,0.04280326930679417,0.012755298389032584,0,0.003143896958677235,0.018593580710171944,0.011214541977265614,41.27438268881372,22.126458320017477,22.68103444570773
1657.4795702002102,0.7573669567927426,0.07004854401044673,0.07272629001007752,0.7197614183503741,0.022395174826335178,0.9042921423398775,1.2089368539587515,0.00671419545969341,0.07008968132808044,0.818324613946894,0.014843764317240963,78.07098749125781,3.9552361169645915,13.745027242090853,0.037364826307438356,0.011827899149621051,0,0.0035788014750736544,0.016736938924476214,0.010967233122841855,43.450720592847155,23.028060604232813,22.777614378326163
1658.25736121687,0.7591091999224817,0.07374864285204022,0.07273999828001367,0.688763880477397,0.02243885562736611,0.8969700688632727,1.2090654667773983,0.010047910226858909,0.07308203426352738,0.8203283489658814,0.013886032065335485,76.73542873348977,3.859885879532049,13.872001575597494,0.03664070934850688,0.01178793915736875,0,0.0028390820562410437,0.017045555634979018,0.01123881584254055,41.67571329460953,21.47727254177669,23.872195331776243
1659.0420659314555,0.7718922107862625,0.07338558891488556,0.07298170347853648,0.7279769351347738,0.02233707932006711,0.903514052103797,1.2178453464568852,0.009904032147789319,0.07361787502536028,0.8298725087646744,0.01390705773178295,74.26687751223649,3.8945774909557014,13.631107930445594,0.037015818977320654,0.011025589925049154,0,0.003792259731846925,0.017494581926927516,0.010852634548658839,42.76829335378954,21.7878832415872,20.596651206973306
1659.8198569481153,0.7753288435750169,0.07332568627954153,0.07267061861811394,0.7625715492448497,0.022380083515142746,0.8678227017401475,1.2197514280075334,0.010047552534721373,0.0731440456685792,0.8215120494246198,0.013209009762673193,63.83881710415749,4.068841747576907,13.841248280572714,0.03697348490409547,0.01033255272046484,0,0.0031173276512008164,0.0183869496161977,0.010920452126019461,42.65857249727337,21.391618273276734,22.741506821507258
1660.61493220959,0.7750371265322874,0.07277187255746795,0.07262902873479334,0.7257955219294598,0.02248734369875052,0.8616762393310654,1.2043213936674468,0.010163706748802834,0.07372122187914319,0.8278827326658081,0.013561547169391907,57.97454236713545,4.0790244835147655,13.635305723771943,0.03700717063142077,0.010363026908581452,0,0.0027949179836015397,0.017532896795215008,0.009501924492250362,42.47665982130152,21.31384428448065,21.257927060151918
1661.4238348669164,0.7740458437545246,0.07319265273304386,0.07188337972179859,0.7690376800025601,0.022579162427553735,0.8693362455269941,1.2145159842424116,0.010032719487676388,0.07352015792756522,0.8559332808321252,0.012193225885051574,58.06137381347101,4.141391834709785,14.26769309224958,0.0372399016021164,0.011350267039971855,0,0.004320819275114461,0.014252599718652963,0.00776299635562703,44.06247199613265,20.71713476834562,20.587122373902453
1662.2327375242428,0.7677762327374802,0.07365539073347765,0.07190699106368392,0.7647752666848505,0.022436158404308564,0.8656490081732813,1.2128547153459517,0.010258742303919263,0.07337180358406953,0.8355594812004691,0.012090439743674793,58.037913225808246,3.8526815128920218,14.47840610922544,0.0369028912347531,0.012050464897041521,0,0.003491394550148447,0.011727053956654142,0.0072011512499281964,43.49619711243077,22.604756328915908,23.100662696478064
1663.041640181569,0.774010758098135,0.07338121862772726,0.07243943075137967,0.7469781403826314,0.022339999745052866,0.8478514259631345,1.2234035280338433,0.010114651380225468,0.07339401392766791,0.8303701477632757,0.0099344147240894,57.30116650078915,3.934906057412797,14.2157008041492,0.03974343847286443,0.011007757739907684,0,0.0031277059955742022,0.0093461307717643,0.004579280251054214,34.3928081564938,16.352179863763983,10.822579810539118
1663.8470859899326,0.7665088630610295,0.07294401122650132,0.07222665621494322,0.7663493393781433,0.022218801678042563,0.8502575563855088,1.2135007484002067,0.009784272590592696,0.07340402305763899,0.867909859901862,0.010090499101023647,53.91956556666309,3.99525805482203,13.9118646025927,0.04003061720040333,0.011148417018777758,0,0.0009574753575520189,0.00980000345105006,0.005314439405089248,34.37775223268447,7.95527832237565,6.972045753327277
1664.649074949333,0.7685500753986592,0.07019177336837101,0.07202597664746074,0.7446508376826797,0.022358197123569304,0.8499464166407131,1.2187850556019788,0.01001081217277952,0.06961735474426492,0.8831620097565802,0.00995749145916287,53.055070233746335,4.014692867981056,14.725785424022158,0.040959227671662296,0.01161518127486174,0,-0.0005541882998642469,0.008611122881379355,0.004319311924758247,36.30111837259991,-0.4435490722885263,1.3396027518302054
1665.4476070597705,0.7695478660113275,0.06995520357408772,0.07188451307173804,0.7335759828044451,0.02245856462945504,0.8605648764994286,1.2403364061848101,0.009872392197699668,0.06949261137839599,0.8936293601955978,0.009992389806991917,53.20530685920628,4.026780068479067,14.623220721400646,0.04155996243959937,0.012306408391097994,0,0.0001266357134959428,0.007065292180382832,0.004548779875876356,34.20599968891737,-1.0438320371307719,-1.0990856275368623
1666.246139170208,0.7723611783287638,0.07007072679749159,0.07176192792547784,0.7433030529883596,0.023451025764624527,0.8716005735477211,1.2327575453404906,0.010258168742760112,0.07018483153778438,0.9106188619602053,0.010010280375020634,53.159128167289815,4.110116481663058,14.064700666753172,0.04109232512543605,0.012217111001956929,0,-0.00011682048869200763,0.008132893715155892,0.005392439809240943,34.85844071949185,-1.359440331872389,-1.4411617751395793
1667.0343007337567,0.7671046567039622,0.06988528368537039,0.07233169112317785,0.7698648122496499,0.023257141000312724,0.8728297734558943,1.2369318224387018,0.010007288426742762,0.06972110233900164,0.9142315954652527,0.01012533673630028,51.89138962654595,4.1718992751841935,13.742857825554308,0.04191579589284725,0.012240577885722715,0,8.404854014428799e-05,0.007399758460948683,0.004603766875665151,29.551018489044136,-2.582594377274107,3.2192231681418275
1667.8120917504166,0.7641125455263479,0.07023148690648211,0.07235562244401635,0.779604259318411,0.02329833034236379,0.8036256817208612,1.2119799521016679,0.00997671205784993,0.07005395364594208,0.9125698811397847,0.01051346630439667,46.667079597650805,4.106154523267108,14.032081684957427,0.04054434449395014,0.013085082466933773,0,0.00033133392973554236,0.008006437212387705,0.004703815721453376,29.851126216811625,-0.8062818294126007,-1.4960522147642688
1668.5933396160394,0.7577920587615424,0.0702652564587393,0.07250676618802535,0.8518022487546301,0.023347285066514418,0.8000248584541462,1.217674742150646,0.010157002454191988,0.07020519074375454,0.9256548041585857,0.01025695908533763,45.96856328083506,3.80582168065292,12.979434704998358,0.04054674115686825,0.013109733045005258,0,-5.8247330764486425e-05,0.009927232988753271,0.005209050858746144,28.651883466291885,1.3771867071711643,0.004605431373831648
1669.3711306326993,0.7550688575428077,0.06989967779587589,0.07197290492329408,0.7988390091114528,0.0235204861324914,0.8035699725334169,1.2350509230315723,0.01003794723219949,0.0702056579725886,0.868171115688865,0.010434086738130083,45.73950989230366,4.128566117040354,13.759645409782255,0.0403206692745832,0.013487982226370127,0,-0.00035462607451153114,0.009201369459800077,0.0048451510971327,29.222277204997052,-0.18054665582414406,-0.49296099076976846
1670.1558353472851,0.7519852425495694,0.07015132981210084,0.07225025436542822,0.8692180982055512,0.023287845309299157,0.7799922841641808,1.2333318776095392,0.006809435963205747,0.06984975524534032,0.8230784460843944,0.010403675376273083,36.66553157564648,3.944306156212837,14.431953551522911,0.04052656726122875,0.015753561608003466,0,0.0001164371374854477,0.018311376450495676,0.012608555888836987,28.89071299775974,1.3096896117515862,1.2151556796924012
1670.95091060876,0.750473468878733,0.06996907030044014,0.0743815656600877,0.8773052717834056,0.02342331272842385,0.7736965310233745,1.234771169612477,0.006735633286520527,0.0702067262123234,0.8284213859547018,0.010431177785629242,36.833662439572386,4.080082449429108,13.91855769996852,0.04265698442838839,0.015197502365669868,0,0.00045546387874671106,0.018839246750267588,0.011406475772586747,28.971032537269735,1.001760984148437,-0.34393544563425626
1671.7217879274938,0.7411779693027006,0.06695734086480395,0.07512542217670957,0.8577820018019926,0.022254099652175743,0.7805123955260421,1.0758117554230817,0.0032812500216016526,0.06658977724098211,0.7810991272659996,0.011091850862449107,38.054966096731626,4.0322176466759725,13.934085621438172,0.04314567022607955,0.018752446497886488,0,-0.00023212941780334788,0.020087725792676262,0.013692194507599547,28.57135327389697,-0.10674440775282366,1.8029964843719404
1672.4926652462277,0.7412470326454224,0.06281449038432738,0.07525401051582956,0.8938042410430824,0.020058097928913592,0.7679900894000385,1.0777941912432683,0.003261995291617549,0.06352418435412613,0.7030594396996264,0.011155556380823852,37.21969756823009,3.8237043481096444,14.398573407718077,0.045260821152443544,0.01864332389651872,0,-0.00044271091416129063,0.022144170886912423,0.014987602657695236,25.827515870134537,-0.12163756631499846,-0.4572084804268627
1673.256628867036,0.7355416716240948,0.06322113307882765,0.07539593777497806,0.8769198520300684,0.020050406344980707,0.7629934855621625,1.0649864447228554,0.0032916581496242677,0.0634625679207878,0.6988630070441284,0.01109589426326162,37.52455896721717,3.9137629177483517,13.761751549322476,0.04531901260482869,0.01447638208807419,0,-0.00044931681149482756,0.02799262182437238,0.017300873146270736,29.151561870758062,0.868586189074954,1.6211755020085776
1674.0171356388814,0.7355485389933342,0.06311662133900042,0.07521732591454601,0.8639085053093133,0.020050814254778383,0.7556948949874746,1.0910913586112738,0.003478860037492652,0.06351919306858579,0.696962734041498,0.011056305941478294,37.212763277492144,3.919828045849605,13.927157280104568,0.04594886349985735,0.01439095016231644,0,-4.9637913732598156e-05,0.02947419507860558,0.019274072257611977,30.888035935564787,-1.6577716068747104,-2.6616494002293325
1674.7741855617637,0.7296235252622663,0.0631953363639635,0.07487401496009684,0.8722895296640919,0.019909792116070794,0.7594059955611602,1.0844968702738285,0.003466722907844563,0.0632045376638601,0.6953284691481013,0.011127625625290634,37.75039507457921,4.073839016957249,14.058480672938277,0.04554248964933689,0.014354067038077515,0,-0.0003875678972543238,0.030532895957923877,0.019171109624930974,27.255271998403963,-0.4133233096906751,-0.29800800700160196
1675.527778635683,0.7280113794017478,0.0635326502964538,0.07478046334657112,0.8115237321204171,0.020173356005320418,0.7594104042322168,1.068856456047469,0.003247104307148334,0.06334777617793509,0.7841972441790954,0.011184446865749495,36.0684374257714,3.9379216334667624,13.905484809057949,0.04718251948834933,0.011545629690146175,0,0.00017037027844823245,0.03540693716839955,0.02166218931725965,28.47291160271094,-0.961578434534217,2.591134345265203
1676.2710011627137,0.7259208542076487,0.0634748771915009,0.07447992086125163,0.800303137750106,0.020598834689660256,0.7610906659091619,1.1499351435453922,0.003199198691764562,0.06288473166969255,0.7938973403181552,0.01127765628180065,38.170233125612505,4.06860480718883,14.395839410873101,0.04646515345898089,0.010277165019828234,0,-0.0008741230793522976,0.03570603826326079,0.021168417158502977,28.369509268611342,-1.8228973389581273,-0.8654957295659808
1677.0107668407811,0.7135848969320768,0.06308829444302866,0.07400485133468222,0.8708943706101836,0.020664841415222814,0.7964108387827986,1.1629703367497168,0.003235705529096438,0.0632331818243629,0.8014685716749762,0.012193224946080756,47.28509338698121,4.147400543628464,13.95154193252912,0.046774779646041556,0.012279639936713055,0,0.00017317088701746032,0.03575024955479688,0.021357093208936227,30.228541146385016,1.2288041626736401,0.16979978146506805
1677.743618820923,0.712030965829278,0.06346746735251767,0.07351492840168744,0.8254019619448822,0.020471839160209143,0.7913084273952408,1.1568047301192406,0.003213311423546887,0.06329921553777129,0.8158959656329398,0.01224504424439403,45.98881950808318,4.040204778465727,14.166954401286636,0.04687927094118667,0.011602020156901226,0,0.0008279145851135506,0.03599466328550048,0.021204460454043863,27.973277507354535,0.6288535932779683,-0.3834166101568971
1678.479927650028,0.7099340845225919,0.06341119266976601,0.07275328085187059,0.7955371023340425,0.021637064298249156,0.8133463259950953,1.149414814276815,0.0033109203500750767,0.06318575612877969,0.8068156073914128,0.011512139243481649,53.657870050592045,3.9315309766971773,14.211207625277554,0.04698498678875627,0.012041649451121196,0,0.00037636781796832346,0.03583769625727383,0.021154977970653466,27.154820210642445,1.642117522167461,1.0566396465482724
1679.2162364791325,0.7150345077694572,0.06341543116955296,0.07010774221878308,0.8234380590014921,0.0217581699893138,0.8344080256782015,1.1617364078077257,0.003248879027241106,0.06345290398015127,0.8146224845215886,0.011785559752790772,53.014500017331045,4.041179776993978,14.77101333504888,0.049383773432591795,0.01220400237198174,0,0.00011737280123959372,0.03840114435654227,0.021757386087883485,30.584580231559332,0.5901503458812235,-0.6923566189282183
1679.9698295530518,0.7133927053239164,0.06315909789013271,0.06943320123765663,0.902945751166627,0.02184061551784616,0.8318769247573251,1.1676833089446934,0.0033481860972566467,0.06306702437727668,0.8106570138095633,0.01231906669168423,56.25508463795878,4.037993866090549,13.433902692374415,0.04548699021108582,0.011604775500430792,0,9.611623501282749e-06,0.03563607569804386,0.020971267552164642,27.67901668449887,2.1059835711683954,1.009883726680353
1680.7095952311197,0.7104123085011808,0.06330896644402176,0.06929303034395116,0.8305330422710374,0.021877362390650107,0.8718141327658571,1.183506054561866,0.0032138315356190516,0.06314886689632562,0.8441206850970118,0.012871196178626143,65.56016427066042,3.9575559706531696,14.224378735247578,0.04903998162221961,0.011466436627489713,0,0.0002955218066432109,0.031939554077430904,0.02031316474488232,29.564147733463013,0.8459084730232134,-0.16197872288259915
1681.4459040602242,0.7108998995206148,0.06310553229419698,0.06559930295949769,0.8419803855823971,0.021770107060804105,0.8889025008930278,1.1861166505218443,0.0032148949208311117,0.0630620122446206,0.8495882765126952,0.013278155213762619,68.98312844827778,4.017610860991079,13.897996395033301,0.03994636376935983,0.011516211076726878,0,0.0002270953876698407,0.019776757439685617,0.011337806943553987,30.556664735425546,-2.361238301182581,-1.2213900683380452
1682.1856697382918,0.7274823970653775,0.06375758449643716,0.06552912551562784,0.8502989366930439,0.021789954341960162,0.8917773233600365,1.1717804729287395,0.0034815269888562317,0.06352530161118598,0.8552421132492535,0.012765458282504527,70.66108533064154,4.2081278333731555,14.244466800329354,0.039897160532187094,0.010413944317741479,0,0.0007689233429075331,0.018795084966312,0.01091011791279203,28.027094574156468,-0.39251431014568516,-0.20907629356977142
1682.9392628122112,0.726654864808435,0.06272026634795887,0.06539296576344353,1.1445544828175596,0.02177718364194424,0.8899352445798023,1.1851166561719377,0.003214380040616701,0.063762872035825,0.8168684399756176,0.012665791840879813,71.25407965209233,3.8707410387780734,13.505861010467225,0.04000348208991463,0.009763640957919205,0,-0.0010299175718838888,0.018190598367999824,0.01050478339837554,27.44149910086646,0.6838205755079029,-0.5202979048153383
1683.7032264330194,0.7365744433756073,0.06319049066638575,0.06530754476561797,1.1332606606082385,0.021662422043616132,0.8886461866774411,1.1839585731890545,0.003325160357009603,0.06323030232070236,0.8178150840931895,0.012988859021235966,71.7783625960062,3.9692590463028754,14.660438853959246,0.04008821236009505,0.009906515019642124,0,0.0007658743961711551,0.017210530665074227,0.009886941020087154,35.76068199671565,2.1897292644806976,-0.7867789503973562
1684.4671900538276,0.737106103730328,0.06320350323363357,0.0657684108035328,1.1472355854898018,0.02156669876145157,0.8908111720364285,1.1898847435565587,0.0034448684566824777,0.06362120670761374,0.7878530050722802,0.013197149974366334,69.46912106435475,4.134080245678535,13.597013421055248,0.03884128854317003,0.011150979879336272,0,-7.968229582018332e-05,0.016760470275745266,0.010262194362884027,35.90383461712666,-0.8983216976509647,-0.2099863783046537
1685.269179013228,0.7697205288029154,0.06371601565196816,0.06522184243526245,1.1392740823700223,0.021670070251722632,0.9034959473392831,1.1844181520034438,0.0034583059035240764,0.06337877735576769,0.7862999594292726,0.012816947668200036,69.9164116086443,4.289642825911133,14.346232246359865,0.0396034057081009,0.00984129351219285,0,-0.0006857606999505657,0.013418117853171613,0.010560045156231709,35.4481277567689,-0.9481851174609238,-1.4927065383259708
1686.0780816705544,0.7697531958538666,0.06296022612543146,0.06559755307841392,1.1626565516709397,0.02170299039473465,0.8996566149907049,1.1996846949837983,0.006521636785006223,0.06322957688015508,0.7931746545211924,0.012733194346502653,68.849043906681,3.9443835892513337,14.182794483009403,0.05124228562431185,0.009992410918995191,0,0.0004659540471192568,0.015330586944495288,0.012111889105014748,38.303974836170006,0.7604311294586721,-0.8098387643997637
1686.8835274789176,0.770594676697085,0.06311760382792249,0.06562794981462114,1.0954565823274698,0.02157179976168262,0.923184666450364,1.2054203844898725,0.006438727991884471,0.0633814485921435,0.7724958157058658,0.01277206750184521,71.10674113109206,3.9247052378937988,13.374886668220718,0.054439546501500236,0.007524402323000544,0,0.00024045118789029667,0.013564696241437094,0.01293862190405807,36.61043574565837,-2.8546313255843883,0.7582689737287618
1687.6820595893555,0.7696604050458762,0.06319142161221075,0.06334251772706308,1.1454869520304545,0.021855230451054263,0.9242314412883157,1.1988582851227751,0.006713341748102087,0.06286869115311731,0.7747251067132856,0.012693190924816924,70.73078829198536,4.078012940696886,14.358758990764112,0.0511676858526652,0.007206829330640427,0,0.0010303072998403989,0.011490681835530836,0.01306994393186139,35.8599918893596,-2.6170435489122954,1.1134886008052767
1688.480591699793,0.7673443549073019,0.06318810365216698,0.0633212469124198,0.991884953180042,0.021550835845386283,0.9514318750596964,1.2205772836854158,0.0066291437381231465,0.06342185815515027,0.746332952326048,0.013152818668849701,68.5934586080549,4.005654805893634,13.922031389285024,0.05471291234098693,0.007162718244327229,0,0.00020336601071615156,0.01080309608072482,0.012995907802088818,35.95429607880458,0.48138011860263297,-1.4930980895236576
1689.2860375081564,0.7691175439766801,0.0632821696591941,0.06377932048987536,0.9868325566608703,0.02167250743201895,0.9377671197669926,1.2486553814247559,0.006665537714022059,0.06316267348927436,0.7506315143315244,0.013183770659682612,69.08863745871416,3.929605326529346,13.87060877820092,0.052451172837233495,0.007065059596650694,0,0.0005415839921914159,0.010897088760781814,0.013406631368894157,37.098176495948785,1.2913188180388184,1.5411469726054596
1690.0983970144455,0.7736165827912456,0.06400780638089087,0.06351862898971013,1.0098128884836686,0.021600704369077444,0.9411185627897044,1.246942451561948,0.006763135991762312,0.0631360496441279,0.7556495121820641,0.013287069411144457,65.97100965300724,3.9969088550436145,13.43368697929781,0.05162890292512567,0.007695219359334334,0,-6.301643115560541e-05,0.010001430459932835,0.013627275565998355,38.60110507898506,0.2756275071511774,-0.2656246775568038
1690.890015426957,0.7624411268085344,0.06320264392837915,0.06384151487560641,0.9353484933058147,0.021737298533788155,0.9501446312089054,1.236861424653257,0.006630372681762794,0.06317130929219773,0.7616120143616187,0.01307169331008929,69.69139205762113,4.062417760452506,14.135432935131599,0.05156034206356478,0.00994181017174457,0,0.0008633354967325566,0.011092485107989528,0.01298053619676779,33.87183070894312,-0.8473111917871498,1.627505356212215
1691.6850906884317,0.7646576194232493,0.0633311056460086,0.06342396121085835,0.9308558535323747,0.02255878241793031,0.9536384869311675,1.244331788835617,0.006619142839805624,0.06319224885434954,0.7728523022875585,0.014099661170065796,69.75318399683358,3.9285542817249226,13.815346694152362,0.05212028639292746,0.010193855553735861,0,0.00011622677294425491,0.010666489468506828,0.01319560748841534,34.36940375885923,-2.5472656611672067,1.2553102257201432
1692.476709100943,0.7667114926358405,0.0632505314387788,0.0640764170475505,1.0153729831769143,0.022611647275583718,0.9603129765127314,1.2515526121950469,0.0066874914479338665,0.06322216782544711,0.8027571966932047,0.014031230624589284,65.89795221249318,3.970689550003046,13.404417210091685,0.05025309481194151,0.00974896360185438,0,0.0005022092487877435,0.01208840717143146,0.012787429758193108,28.43739668067431,1.0997165785582066,0.2711541665350511
1693.261413815529,0.7573651754510782,0.06331925978498996,0.06360107744430335,1.0099983571734659,0.023560165892169724,0.9479603820973891,1.2723059975061985,0.006612387248872412,0.06355960708941158,0.8326159537547878,0.01411491708269448,67.73284836260338,4.0614257117265895,13.837914024680362,0.05082669220982489,0.008869070449580923,0,0.00012301089663198605,0.011050403433178358,0.013857005508658742,29.43609974920613,0.10575285727270593,-0.2886296229518902
1694.0495753790779,0.7585319429677451,0.06352203671341192,0.06354579625866538,1.0210531161141618,0.023331161762375163,0.9549424958003644,1.2693109925001433,0.006647152181243187,0.06317773443895855,0.8308584534023986,0.01389787102472896,67.27723247490161,3.793487238748353,13.971181489216926,0.04844454024049063,0.008623210309253254,0,0.001155444278956023,0.0104166474552663,0.012934410270254843,27.035692920790215,1.2231806400670795,-0.09042302135115979
1694.8204526978116,0.7419497608431095,0.06984175107783135,0.06359706694625043,1.1722624870171447,0.02351214967748712,0.9360337432807881,1.2686232259920678,0.009887290739263449,0.06989068407868776,0.83078191803618,0.011655896216617142,63.21870646685302,3.948768354089683,13.86103815945299,0.04695508249441022,0.008656479083648687,0,0.00021783547906906192,0.011411048751345479,0.013358106699223446,22.080480316921193,-0.5441006457606978,-2.113566645442335
1695.5913300165462,0.7430428478898019,0.07021164418365894,0.06395784917346155,1.1402133927066302,0.02325074514869922,0.8988593558170028,1.239028756145342,0.009969867855736251,0.07028691813681907,0.8329476921676641,0.010874221678019574,64.19956822548214,4.038289157549303,13.693104317298058,0.047304045945090516,0.009162558039250819,0,0.0005053169771024141,0.011208035733215561,0.013593299187993261,21.1107149244936,-1.3280925333448663,1.4972672943362142
1696.3587504863174,0.7460245537448624,0.07003536421723004,0.0642077592366933,1.1159025368531916,0.022851511142981364,0.8885127528335746,1.2424280769898226,0.009957764566940785,0.0701164401010457,0.8369763101684802,0.010983168349179274,64.49102079163903,3.8741018687879594,14.024884387490362,0.04683045608449006,0.010270235829879537,0,-8.879769353426338e-05,0.011097493793531447,0.013649194832869882,20.37588324239138,0.3829948311295809,-3.1069580339488616
1697.1192572581624,0.7395317783118801,0.0699903716040803,0.06490016935187934,1.1944613177902328,0.022689983274815504,0.8801027971222889,1.2438429719686532,0.009971642923674955,0.07029846241968651,0.8371313843641448,0.010938877615244627,64.30066871183372,4.068006297241988,14.338219809917963,0.047037886926595655,0.010105841241470152,0,0.0010076372598271702,0.011142270353139984,0.013293487233838965,21.672652887481828,0.3028654280442469,1.7252520173208075
1697.8728503320817,0.7365481768292237,0.07012681963749408,0.06596606395426934,1.1109223348895698,0.022171336111318263,0.8473149935258641,1.1678288267289432,0.010091259548948989,0.07039374573964241,0.8307760855193105,0.010434570148337652,62.925687724976406,4.104183201033741,13.953617772446176,0.04687260713809976,0.011090138033969953,0,-0.00022623640177125623,0.010976985825938805,0.011575160741308457,20.75765120181536,0.5917483732393396,0.8935682599018453
1698.626443406001,0.7335129655543452,0.0701703602440793,0.06623587551465478,1.1582305379014906,0.022097156372081064,0.8338273908229857,1.1636381542352239,0.010059555663880705,0.07042234655166991,0.8672239075343776,0.010484960912293879,62.30160677074554,3.8803788438700417,12.975015958926202,0.04286867805906549,0.010389402041008609,0,-0.00025391481211706294,0.01277021112796858,0.00975086468407069,21.758283604256043,-0.14012266613528296,1.534570332517394
1699.3973207247352,0.732153925328847,0.06955349236010129,0.06682158560169564,1.0945722975873622,0.022386842316782483,0.8407969677903739,1.1632028270819736,0.0098801027978027,0.0700236631315601,0.8689539116603613,0.009771755978123228,59.673605459168016,3.876115382109897,14.00958119598196,0.040969300151699015,0.009745884674134949,0,0.00023592899104510882,0.011983323321565395,0.011076096994298497,21.53938585041688,-1.6807344348208493,0.8472511347465896
1700.1509137986545,0.7259187528020318,0.07016003211128763,0.06738984261411016,1.0487213995559,0.022166642455139142,0.8405545718581218,1.1699382913798742,0.010119087782090107,0.06994700119798157,0.8576485817198767,0.009635313129624425,58.950108692803674,4.0413820210075615,14.084754654487229,0.04159555253123346,0.009255322969751076,0,-0.0005548315796162194,0.012656179809149754,0.010393268588359265,22.96715117064653,2.1835893664342167,1.8605567323607966
1700.9148774194628,0.7280154092461845,0.06965858418323387,0.06803835340209277,1.0413733498038158,0.02219762377646645,0.8411445334516892,1.1679293498416459,0.010039059306419207,0.06999366627592915,0.865398391744434,0.009698211367812378,58.96708767285458,4.005395192212387,13.808245333961535,0.04044364100709734,0.009979726462766243,0,0.0006160207626077475,0.011851860858465665,0.010663335178673738,28.49165347247092,1.1787233793475007,1.4503064334262044
1701.6719273423448,0.7263256701553009,0.07035436436550116,0.06855164069400957,1.1120918208767097,0.02147061281794853,0.8228063174537452,1.174056232963927,0.00979433677370738,0.07000103129586913,0.8500309044613559,0.009457664613405583,58.1212073977393,3.9685500396005233,14.330519400485112,0.03981808999750998,0.010708646384069345,0,-0.00025149712809912267,0.012851603346295927,0.010209138447578031,27.215700791916774,0.2737206944063559,0.9926967064856205
1702.4255204162644,0.7285468158809799,0.07022534858584385,0.06916685261504463,1.0589892853179161,0.02150891210888381,0.8088019608368071,1.1014952997602196,0.010144810297609119,0.0700512235744064,0.8391373440015834,0.010936053023084386,58.18263142601636,3.82208578381307,14.244060707219896,0.036044260599066714,0.010622746771963074,0,0.00024971077047864155,0.012161323906937048,0.009496312611514273,29.766777104744833,-2.230814068909071,0.3432176769220953
1703.1721997922577,0.7311652363848551,0.06985553044712561,0.0693456543365804,1.0322751086416022,0.021300730083040897,0.8083511858030035,1.1098885458330183,0.009942926799098754,0.07013751859483128,0.8393216138289626,0.010912186656146414,63.980669662457,4.131788164342134,13.80417324543101,0.035965869348275455,0.011910927385594489,0,0.0004164744086647929,0.012260548721737617,0.00873664786942785,25.802812899472205,0.3665785107022667,2.5364400631233663
1703.9257928661773,0.7317498202652196,0.07004513220029893,0.06902479603334004,1.084943682748869,0.02171311274080025,0.8317992795881126,1.169829739694104,0.009720488805476572,0.07027012251921841,0.8421015638676759,0.011308816263854493,64.80263326873765,3.9102814074725147,13.982163926952628,0.03632397277402917,0.01168551611723801,0,-0.00029233161026096183,0.012289431393947966,0.009879680948813231,27.930015639866063,-0.3178362024859274,-0.26912527800232333
1704.6862996380225,0.7338567330768491,0.06987003594672973,0.06915430638617495,1.2294664012577508,0.022217908492412487,0.8213553835981632,1.164935893841391,0.009885548000286345,0.06995570699686299,0.8432599080687435,0.010959056143391427,63.246669585602284,4.148022107838395,13.971674414627929,0.0353179389437198,0.010702122416942812,0,8.273439321415194e-05,0.01218467152226645,0.008473255849404114,30.317562705459167,-0.7294353317212886,-0.05471862069940586
1705.4571769567565,0.7342906504313335,0.0698334246649387,0.06919434772584403,1.4141914030186231,0.02168994856015867,0.8074162019417307,1.159705804889118,0.010109330305744105,0.07042160597376942,0.8430352330544245,0.009994868812466267,56.55222289377927,3.9473901024097975,14.371731331062886,0.03572451530106818,0.011416352122581231,0,-0.0002539261260161968,0.011284613284290966,0.009175106045069012,28.58828681863677,-0.7594565456753752,0.5378294044743208
1706.2418816713423,0.737425965356386,0.070162053948572,0.06944705156201084,1.4891954091491257,0.022211241156075007,0.8219661924276411,1.2146435385849825,0.009775964403212706,0.06970303402515798,0.8500935057422843,0.010795485310166655,64.41101925558414,3.966246849055138,14.239179829366641,0.03460590334504528,0.01059475740041994,0,-0.00018357979836689572,0.010039705446984359,0.00906238485869879,27.64837665238735,-0.6164601799571366,-0.0779860597972128
1707.0058452921503,0.7417431657125492,0.06995988794452719,0.06940695748064978,1.5352914974779015,0.02180866310049823,0.8255243601999913,1.2101016152667619,0.009872637055421544,0.07012112198379718,0.8396487002804603,0.011371869035201076,64.2699464541217,4.034622795374284,14.294634652926923,0.035186734753224765,0.010745119909993422,0,0.0001687164987082041,0.009575733080808222,0.009201319727114847,34.674257519238715,0.21305018603054265,-1.6686294312835726
1707.7732657619215,0.7519460637412857,0.06685281559856543,0.06933443545496867,1.6197586532811308,0.021681821486206305,0.9056639933753569,1.2310837563064791,0.009994564607613365,0.06665402723092279,0.8402688625635298,0.011217741875266295,64.38229018533347,4.015413339578672,14.039493442296477,0.03609552321482351,0.011108996375648364,0,0.00016456156517915434,0.009700159911003266,0.009071372667899322,45.21327179128188,1.5070842553390784,-1.386043764960013
1708.56142732547,0.7524257558774754,0.06726624976595205,0.06916901114087233,1.6018611594381997,0.021808126757087674,0.8949005606895732,1.235956090326016,0.009954375631119245,0.0668638765527813,0.8292432865721595,0.011420291127163307,64.55302836693738,4.062733512448657,13.655438267913606,0.035545576641978285,0.010596923518213945,0,-0.0006416241281944756,0.008373953162982726,0.009697099936044663,44.52216577501187,0.3272034558104915,-0.9349892498713276
1709.3392183421302,0.7462500058748879,0.06650253949988802,0.06913721198766241,1.5984514915293468,0.021500899210345956,0.8573586340606272,1.2275929940588075,0.01002125983349332,0.06672264576371442,0.8100260571336834,0.011236676546316854,62.76642294796415,3.906434352539283,13.724208411885538,0.03543433117951985,0.010181566896314075,0,0.0012324745165275253,0.008656279596331362,0.010009443333936104,41.01800725793235,0.4364673427134144,-0.7568468489277499
1710.11700935879,0.7520441217269491,0.06660141563499196,0.06877304608511783,1.6480713682113484,0.021821714265881108,0.8567903247582772,1.2415973202458674,0.010184545537512017,0.06656372919154387,0.8279005189859696,0.011354284250512069,72.41653502437549,3.9794178771735953,14.340168021969056,0.03384325477400368,0.00973775413943736,0,-0.0008569011340451157,0.010196775391581935,0.009015299489127559,41.5527882922726,-2.803977211693643,-0.4027140750713353
1710.89480037545,0.7485181613016829,0.06675276589585775,0.06881431437854207,1.6141576375165256,0.021967582706890955,0.8590956678497845,1.226754944319477,0.010097349132097302,0.06651770840228007,0.828119053323831,0.011316987862515112,65.89665332047375,4.083527983515202,13.655024448294721,0.03527089079815959,0.009779973568815986,0,-0.0004419396650764414,0.009202436709002969,0.010377014645855198,40.94066576253262,0.5997725114028329,-0.2828792580258545
1711.6725913921098,0.7471923516515889,0.0669892369807384,0.06813364638683543,1.4881381926473622,0.02205987824290219,0.8966428295367388,1.2228490148252502,0.010076601048733754,0.06644891405857135,0.8213117036765765,0.011296886182724543,62.98538968208769,4.023570945422355,14.403604005708651,0.04032660124390152,0.010073927638481889,0,0.0008121647839580369,0.008889448237014147,0.009582809951983212,41.7556343810361,-0.09355448087769343,-2.4445364540044503
1712.4572961066958,0.7525977090885971,0.06653342383069677,0.06807140409960186,1.4971343066487048,0.021951233491761694,0.8887230968230432,1.232053130163941,0.010087189771810046,0.06699275782674756,0.834860752676795,0.01114814612801007,61.730562418988626,3.933751695745548,13.321791520354795,0.04056013299329893,0.009836753040570755,0,0.0005696355664311153,0.008551434392604347,0.009799495244287377,49.741842151840274,-1.490982162100053,1.3528701396592313
1713.2281734254298,0.7431898428917715,0.06670739240128372,0.06838557263029316,1.548047586001122,0.022248610763353903,0.8861006513934478,1.2298682330909776,0.01015370493484085,0.06673409170221638,0.8313237918090789,0.011195157363260431,59.147635586840615,4.112923615224334,13.865729548957356,0.0361103162070314,0.010194007193856564,0,-0.000369330665517243,0.010085525488959161,0.008887246725250564,49.41491048847521,2.3789358304135813,0.4273104614766636
1713.9886801972755,0.741458273095289,0.06679427049749033,0.06850744191703775,1.4503041763562277,0.022062947332435037,0.8969860321975561,1.2315671093183853,0.009736827775825583,0.06650572912980088,0.8275640918719293,0.011535615145280497,62.064731448613266,3.992286283384073,13.968089734553116,0.03923767582974835,0.010199766518749613,0,-0.0006025515676435324,0.010413609998616987,0.009650707623114046,52.47029761439334,-0.6938612870977235,0.8107302058541953
1714.7526438180832,0.7404187337210677,0.06679190753897593,0.06789822384632421,1.4389665622722103,0.021467743304149526,0.8561802716788321,1.231497954865732,0.009900595099172523,0.06694949972350844,0.8287404504624217,0.011295281199559993,57.983256914748,4.005399285607552,14.537826395334664,0.04005668842731296,0.00991971688080504,0,6.490258551869662e-05,0.010235859355370337,0.009589595667150752,49.140667792771985,-1.0490039116882517,-2.873628834096924
1715.5235211368174,0.7438521078645267,0.06709952397685548,0.067348205682527,1.4431213978360198,0.021513416336483567,0.8413834636474281,1.2107886426530425,0.009982034013005119,0.0663985679698305,0.827576892826693,0.011022336515325828,62.57161848046098,3.9514403990225775,14.664248406342168,0.039689496583145786,0.010465156604887947,0,-0.0001243510291224463,0.010117821643362728,0.008672547060330325,50.93310033893145,-0.9840133101406905,0.3161923403704261
1716.2840279086627,0.7410743645525145,0.06671801260534278,0.06723931439477038,1.418474500663547,0.021116033540029888,0.826081882716308,1.097308628710472,0.009972875589137033,0.06680171929727495,0.8087533726942023,0.010147298936498949,58.67651993334052,3.977235820123899,14.271021043396836,0.03971546323019588,0.009351633573213279,0,6.0652527211639906e-05,0.009749354070850055,0.008961260027253934,51.482175923509175,0.06019468836945895,-0.8800260030593481
1717.0549052273968,0.7362735401347005,0.06697168075165698,0.06722734897877194,1.5491112877467126,0.020954503315337554,0.8245131009077961,1.1266560602755884,0.010037603744495138,0.06698615611875457,0.8248309647536085,0.010279881034014038,55.504824601177056,3.9974939693232168,14.618997583832499,0.039663300962378564,0.009727473042761272,0,0.0007033130079378353,0.01248473122187638,0.007266859193146677,49.96366704381249,1.1004672348252547,-0.08238648289553578
1717.818868848205,0.7365245484367372,0.06660279992119197,0.06779679568391493,1.5023651868365824,0.020871194042946645,0.8296556082418454,1.1156306813147587,0.01003806920492231,0.06645638484272003,0.8308327457249952,0.011072754036348852,61.74385311482187,3.8042413414171135,14.296353217684828,0.039900183062083434,0.012192753352485201,0,0.00026757252182420076,0.011433189789952518,0.006900363494583455,51.71010183488594,0.6680713736572914,0.8552415190538947
1718.593203015902,0.7375376679603332,0.0667212122761667,0.06706394938671398,1.4627616718395913,0.021193330834118902,0.8288190871117442,1.2279531278919733,0.010149506004848482,0.06669696780521607,0.8537881055014375,0.010919103486494932,62.98460979314956,4.110263463783254,14.09110444651587,0.03974857108574862,0.012407109438783448,0,3.025244553763836e-05,0.010441290348341122,0.006607651946394663,49.5829695021665,2.6789905069614908,1.8515719840713203
1719.3606234856732,0.7389777538460955,0.06640974740809034,0.06750003462418139,1.4617887334034396,0.022013856264070656,0.8973815073119075,1.2342732229031663,0.010064284858082872,0.06616475598653687,0.8889905307503078,0.011338324264702887,65.88979475594215,4.0901430464149735,13.793523996165172,0.039801071310085596,0.011654646115218397,0,0.00036280610461827414,0.011022458247499435,0.007626309518563023,40.620945678033415,1.1880975628691308,-0.22529674543606268
1720.131500804407,0.7356115349735872,0.06676824101484126,0.06717685191215927,1.4565417002834655,0.021125329228502816,0.9022547764775203,1.221699702592063,0.010197428179507237,0.06677020822281772,0.8835361583693354,0.01136604430886657,66.90993738920855,4.029768777896027,13.514722307733578,0.03939780490670389,0.01164987174695536,0,0.00022092255095544427,0.01194504207404083,0.006497364619756164,42.741184673662644,0.9328443490812572,2.3795526485839296
1720.8920075762524,0.7342799650713978,0.06655898826511088,0.06649564285908105,1.489829483278556,0.020883942460347627,0.8264778014775078,1.1740228094304388,0.01009885350919947,0.06631196971682864,0.8924215306325953,0.011461594917670903,67.56109765273176,4.156382022559024,13.649325181819316,0.039897300459300726,0.012098174709882911,0,0.0004919638080984913,0.012865867018946256,0.007201401325111337,40.44871303748671,-0.13517159225456518,-1.9107884703832214
1721.6559711970606,0.7407682175290572,0.06362537659617823,0.06684412857008241,1.5201111305202197,0.020768686888501794,0.8184464842078067,1.1363069482164831,0.006807582102641698,0.0635638988589447,0.8173423264348068,0.011528632970429564,66.99986223564848,4.128025626838826,13.970289654984384,0.040130738364579574,0.010795126534640515,0,-0.0010291769567001262,0.012229119327854723,0.006347508695870115,42.97747339435434,0.8781086312324029,0.6921108346932631
1722.4199348178688,0.7351593277809592,0.06334015397993495,0.06635216901929174,1.4998209652727374,0.020777766299333058,0.8063711358209048,1.151127257773618,0.006375310226202345,0.06350475317637276,0.7987869833054257,0.0103399787402297,50.633542130393366,4.15298836667355,13.636950335765835,0.04371532372430834,0.009551796083441897,0,-0.0005678173852319669,0.01152270911355038,0.006892889913427535,44.2423406323166,0.12287429283685822,1.568547337041351
1723.1838984386768,0.7349104126600737,0.0634919905878598,0.06668739271610498,1.5067845589808793,0.020723969792382103,0.8063282957332014,1.1484077287347458,0.00655671037429845,0.06377776509006931,0.7842861138234505,0.011445110519849042,66.45286248719674,4.075931926853601,14.17347198113313,0.04395270247274647,0.010812995217736335,0,0.0017706664842393027,0.011825669632917134,0.009404417785923214,41.93472895973799,0.1165794921350416,3.1416044355512933
1723.9305778146702,0.720849471050287,0.06360958144897332,0.06645781109314593,1.516057764617543,0.020779036609247105,0.8980098813481323,1.1660205968290474,0.0033296795380977308,0.06334683193020717,0.8003878158781417,0.013086796402839083,66.69114252727171,4.044179952375941,13.849686367451536,0.041878687032243365,0.010622133652426358,0,7.814702625662652e-07,0.01265079660582046,0.00967031057743206,42.54970326166326,-0.3815477070860232,1.8478402897589044
1724.6807140396268,0.7264020525488557,0.06336572445179912,0.06631281289630293,1.5386381571299486,0.020685463364451432,0.9048835745976237,1.1593986782446417,0.003305768972610458,0.06316558244002085,0.7961349411136359,0.014654173003874667,68.68145173301028,3.953555518555415,14.2460715959401,0.042039025954812584,0.011784521382636057,0,0.0007572816806110888,0.011028291122437833,0.010890968210288112,34.62015133530161,-0.33015969158684666,1.3902622701351994
1725.4308502645833,0.7218931884326134,0.0630916811389322,0.06522690012613482,1.5130034366539507,0.020830991081837412,0.9067029473236822,1.1721390180490259,0.0032642109800467113,0.0634165375955591,0.8063207829407806,0.014745881482587491,69.85537622893852,4.019645398412703,14.110774575500955,0.043638857803277344,0.01030093101789918,0,-0.0005229345792481468,0.012856847641758137,0.012219271052305341,35.42545808612362,-0.44380916134239556,-0.1703035868371176
1726.1740727916142,0.7205455393172358,0.06349990432576907,0.06560493252959879,1.4877242715643912,0.0212214187343284,0.9154143781054787,1.164804854565591,0.003536073563846204,0.06372834878174487,0.8046852994065209,0.014557174648124897,69.44254797713131,3.9861419267951645,14.228665455347553,0.04502126755570293,0.010673891996313502,0,0.0006311402915407522,0.01232399274592352,0.012471489515989935,36.83805708126796,-0.6452724040413985,-0.04432402012269184
1726.9103816207187,0.7058216244550711,0.06308155935238766,0.06538906110785023,1.5257772008305541,0.021136405515916428,0.9027508300952672,1.1770919652663132,0.003512452348012267,0.06334520509626451,0.7917094676955286,0.014551969155749156,70.22466026754408,3.9551117692426727,14.27530626638591,0.04510755832767282,0.010343992888149918,0,-0.0006777129179280034,0.01244932241268508,0.012608295464251518,35.303317358237415,-1.178610689029143,0.46460475565764836
1727.6397767518974,0.7092508493933035,0.06324473115942339,0.06451699709197346,1.4941341025468238,0.02124831951621253,0.9032790423187453,1.1751401299581001,0.003231342980276875,0.06333548343423151,0.7956584621334358,0.013287415882253474,70.6751597680238,4.028701510027264,13.944792741178226,0.045980685813324956,0.010041982088156825,0,0.00026136374423061455,0.0118182551956165,0.013528429096305411,27.68994430348,-1.5563447606039424,-0.007625100272817539
1728.3760855810021,0.7057284073895076,0.06322257166155036,0.0642823828943526,1.5291555208369083,0.02092535397370198,0.8822417575962876,1.177879828344713,0.0035595046423724554,0.06361569556433892,0.7862553573948388,0.012108521661032174,60.668108386535614,4.059159413549453,13.894864655981703,0.04477855967445382,0.008281163471114673,0,0.0008235622682749425,0.01153665868306962,0.013267536773416818,20.667053375263365,-1.3972694921463424,-1.8209364990168193
1729.0985670142552,0.6994148924030211,0.06299683303525852,0.06445119872026045,1.5486775160160156,0.020754347363791417,0.8735219174934856,1.1586856639218208,0.0033663441662109554,0.06327808033127182,0.7926337863945284,0.01308426022405898,63.54520085423452,3.7975025733779026,14.218130807623725,0.044887254897674415,0.00819235892454037,0,0.0004438739650280308,0.011776956778237804,0.014730718467683578,22.638755384371045,0.5337926088553956,1.3552623203488274
1729.8141347495825,0.6982199097191994,0.0635191812137826,0.0640539676964824,1.5565220218179439,0.02095917539151879,0.8860862999773076,1.1697332573864614,0.006345939943812799,0.06312425266295817,0.787553338807991,0.013138902676532758,64.48656481249961,3.8421512485857066,13.85605048161856,0.04485589742194034,0.010039169902422219,0,-0.0003903829223062669,0.01403692713230773,0.013995892100160945,19.96545172310275,-1.9695375387327552,0.7742337823678691
1730.5262456359465,0.6993099016190377,0.06999938353785021,0.06400235256328714,1.485434122593117,0.02163713742255086,0.9141818652869607,1.2687105872964688,0.006553632196403679,0.06973332618643363,0.8255904497788858,0.013209249563871539,68.32524964749204,4.074740691317314,13.949151817593226,0.045244946555916044,0.010267171903470474,0,0.00030669942272171214,0.014761009989953812,0.01345711800702041,21.98987993430891,-0.6617462094533213,-0.8334495887402333
1731.2383565223108,0.6963058366754131,0.0702032224034955,0.06406244094177176,1.5148394541656947,0.021534389322055078,0.8880873114293628,1.2694748136896807,0.006606613845026946,0.06999298479802704,0.8273089132168421,0.011918751542152035,68.63465004892521,3.91892826699164,13.776182119042197,0.04474333479413132,0.010512722002139353,0,0.0005771860639586941,0.014211925739607422,0.013240451512410273,23.33573770844377,0.7440364325557725,1.8912014039987826
1731.9608379555636,0.6977358303114802,0.06967760024021472,0.06403414616529109,1.492273955619909,0.02169772683665118,0.8902937633932352,1.1971229134451344,0.006736857309617131,0.0699239322352378,0.8150155567035499,0.012158695393094473,68.08502472575518,3.946599006841948,14.426986439518043,0.04512146832184539,0.010662927220004293,0,0.0006653607032947382,0.014165742580003205,0.012713140490365756,22.992302860303987,-1.3500386710276953,1.7381163250878293
1732.6833193888167,0.6949087597803466,0.07014413352519151,0.06527498504344553,1.4380531586223937,0.02265891566853542,0.8896338876118097,1.2406254270191637,0.006635246751502407,0.06999602224248525,0.8200016089689243,0.011477755367743243,63.527853576008425,4.102327034807944,14.627796834915504,0.04476930183904419,0.009936610035025096,0,9.4734169822934e-05,0.015100942192039994,0.013673797589762266,23.547733653722435,-0.421063650403672,-0.20074838409682913
1733.4092576710325,0.697325130967697,0.07008594631610013,0.06555358048818469,1.4108211451679444,0.022160642826455964,0.890303629111831,1.237594878097778,0.01006143522809228,0.07002167210020474,0.81121529954101,0.011533322618824882,67.1198747333935,3.9156566146853047,13.183880020076138,0.04409544549521005,0.010475456206242031,0,-4.9998317104181446e-05,0.013441612079661392,0.013393543219031145,22.24740594932439,1.863879197741726,-0.6722790128094326
1734.1317391042855,0.6978531781977425,0.07005999465892213,0.06617361467991453,1.3656668800784204,0.02100883582815857,0.9413563030407543,1.2396227669398383,0.009963638054549766,0.06999442698635133,0.7614637503493735,0.011508536304520155,68.73895100345008,3.9535334774107875,14.200512775557266,0.04759255830933183,0.01049240467805563,0,-2.383359085081935e-06,0.014995952521747733,0.01416815178912147,20.86862773760071,-0.829560419742483,0.43364556991709363
1734.8784184802792,0.7215286719187466,0.06977259485441496,0.0670286845668233,1.2734108033198912,0.02083704256889692,0.8976975311003554,1.243296930675453,0.009891252255062223,0.07031806775838946,0.7558908047949212,0.011453433754802348,67.76293765130706,3.979112909540457,14.375344367709763,0.04805838769816211,0.012867681176834678,0,0.0008133668866588538,0.024538020898441842,0.012939932669856494,22.58476792341954,-0.8168494808631446,-0.912426505329
1735.6389252521242,0.7212059641265105,0.0698339762339611,0.06791548594970394,1.3499310419422,0.02095471917831334,0.8523695423847583,1.2034973094826074,0.009936686400051206,0.07007705734197138,0.7508136001792807,0.01158205014749472,69.28995639701152,4.077735073116739,13.94261664370437,0.05214006837016732,0.012734553930382565,0,0.00103937003083602,0.024234775032012282,0.011938298258294993,20.3831877479078,0.7582802216243227,-0.8742526765852872
1736.3856046281178,0.7312471123881972,0.0664970937836293,0.06760661908947911,1.2866003747810826,0.021026015975759853,0.8846960831529,1.2448713398925542,0.006619215788188472,0.06674253681237326,0.7505229587182697,0.01248837754018498,74.30316645046133,3.9937444556425894,13.800451777453299,0.052330964761675786,0.012652744460861216,0,0.0005766290897309162,0.024592216305331805,0.012035287735952646,28.921333592324725,-0.649307849680914,0.34166032180117956
1737.149568248926,0.7310916907710119,0.06645786629843788,0.06741483017706612,1.2886783694229111,0.02146075830966532,0.9424695408636232,1.2491771203506592,0.006706098014570835,0.06704604932864067,0.7587075131282693,0.012522233929100015,76.38782322733918,4.058392082452601,13.973264560971284,0.05793324624452821,0.01280670385127341,0,0.0003244025649081506,0.024736835167855967,0.01216914935238308,34.91202354252171,1.5469121094998086,-1.8607154429702
1737.9135318697342,0.7296150953326044,0.06639355756017541,0.0676789544094757,1.2871799272633475,0.022034249919926766,0.9470653972428338,1.2386013471819939,0.00652567267894134,0.06690170355563942,0.7529695321666589,0.013192189988482024,75.67261183341043,4.003605188683611,14.125009587342932,0.05793124091903962,0.013050934729613535,0,-0.0007384085165475729,0.027213322185201363,0.013020565196790252,37.24385826637176,-1.6399040020729179,-0.05555229538269238
1738.6705817926165,0.7323162969653764,0.06651305481457506,0.06771577476664287,1.2590186391918823,0.021444611981971243,0.941185813078537,1.250296351989367,0.006703465093979069,0.06667043152176474,0.7476766772836789,0.013152398971907106,75.05158784408759,3.9074019400937345,13.91750652013861,0.05766936434990275,0.01106341907130928,0,0.0006987254478841241,0.027922788651662048,0.012393522708730108,36.46194516774452,1.0509699315325476,0.75041395188138
1739.4345454134248,0.7361979718720568,0.06702788254685206,0.0674351349217556,1.2955491927346334,0.022045289487870386,0.9493922939955919,1.2515920329544827,0.0064991148762295415,0.06676306898060179,0.762049318697971,0.014492860608671675,76.34875850598435,4.249811844253657,13.403183413156372,0.05724183372794651,0.013758399492679972,0,-7.092248886048921e-05,0.026868980828340803,0.012007152852879883,36.62369204834703,1.3067612856212023,-0.20559166820129043
1740.1915953363068,0.7269638689593206,0.06663862562578753,0.06739727394365246,1.3245413668356754,0.02210753035664055,0.9462955935093158,1.2453367620627986,0.006616907160357294,0.06644373522149061,0.7426949134186756,0.014628495702094024,75.93996446356363,3.8522335071937084,13.977415988365353,0.057366800260945115,0.01354412546877188,0,0.00023149490539305873,0.02628658437019598,0.012136754679013123,37.06135873198836,-1.561945322024036,-1.7841277715887927
1740.9451884102264,0.7324747328782726,0.06689834370735921,0.06714245273798135,1.3134276173370691,0.021926058288180346,0.9433156189478018,1.2629284910985235,0.0066396181769575536,0.06657855704386839,0.7433930775454267,0.014768608862660619,75.0222447658496,4.0354251143588575,13.845913840924341,0.05746001591291801,0.013578722183523751,0,9.936261293631095e-06,0.027295178970941636,0.012620473436574334,35.85492542606612,-0.5285392239576542,-1.926250126474121
1741.698781484146,0.7298666843791023,0.06669754828897267,0.06647723294799689,1.317739495566225,0.021657229772439536,0.8823293914674423,1.2443798120298966,0.006414407142987521,0.06670959301719998,0.7448094392948701,0.014516719896456193,75.39424486437916,4.0160127215289805,13.636103536034913,0.05571255510902816,0.01162617065171575,0,0.0008006019397450428,0.02656918159562144,0.012553102240251747,35.245289716746164,-0.6418951999863095,-0.014212386263001323
1742.4592882559912,0.7282070974638811,0.06661270852156248,0.06662030764044055,1.373291873971415,0.022157822893746668,0.879328517386155,1.2122050167775946,0.006869348972138153,0.06639564292654934,0.7382797577774513,0.014232993426817948,70.9201702849594,3.984905070625691,13.955503080556483,0.050981911073105776,0.011910193346960318,0,0.00031696490165199556,0.026230772654130995,0.012551554555427369,37.205357550145656,0.9563904893164114,0.9159246114046057
1743.2128813299105,0.7312145926857891,0.06653578923070846,0.06585080036318176,1.3462930134296123,0.021761557443682304,0.8815772956545695,1.1925676536331113,0.006799816184822023,0.06673919632760726,0.7355193119632613,0.014283499070316574,70.7333792723546,4.182364191117505,13.94151992826795,0.05227613653475483,0.01163238531776669,0,0.001330593061188205,0.02649099350933398,0.01263834772587772,35.49482903179315,0.14046302094757382,0.27318540276879616
1743.9906723465704,0.7322952479446556,0.0668614983773263,0.06584458026152079,1.4000856974065319,0.021784316743263525,0.8821645545391928,1.212242970499168,0.006550581286951415,0.06645519933588162,0.7377116825225146,0.0141098173176897,61.835512200994,3.902000341085498,13.898033952684093,0.043327476225921965,0.01111464168416391,0,7.03288841364128e-05,0.027396651153210758,0.012607162031553583,36.18869197476069,2.610725509900979,-0.036505906267576174
1744.7511791184156,0.7322774495911593,0.06654468036952338,0.06579770836761717,1.4485141585068437,0.021669096232823266,0.8672406122914618,1.1592561654539377,0.006707397169011592,0.06690320422394977,0.7271679258100227,0.013036480094876825,60.56467710846451,3.9568188175230943,14.019608089245516,0.039372320763569724,0.010700462326174885,0,0.00021665768301686478,0.026464721720023024,0.012613897866040509,36.153499520978315,-0.4285775461016487,1.9055139667074819
1745.4978584944092,0.7328991259466351,0.06665585593374426,0.06530750875493348,1.4762096825798252,0.021838201461526117,0.8431591951973879,1.152415604029117,0.0065929606537769156,0.06641815886018693,0.7321912708133648,0.012944265003841353,59.788151836444726,4.0478098659843065,14.142293353608315,0.03935402599666023,0.01129287136763336,0,-8.94645151117277e-05,0.024195597846213744,0.014263884290456622,34.57431582124486,0.881769356394115,1.2227990875501153
1746.2583652662543,0.7340292304339318,0.06655392623098641,0.06578357240783828,1.4518719048731945,0.02078395120073143,0.8063445714308577,1.1581831151895128,0.006760375776655144,0.06681360253985286,0.7159893695625766,0.01209510909022664,61.088491398493886,4.038771590946898,14.24429689472032,0.043790329238670996,0.011029677519531933,0,0.0003785025620499913,0.01712375980106235,0.015113389951411786,36.38137407870301,-2.0049318789564707,-0.3639837346368742
1747.0223288870625,0.7291919796094016,0.06653891747939197,0.06568715718507304,1.4438650800844146,0.020162634835693246,0.7794016553988707,1.1157782750238552,0.006709846108433545,0.06705015867823555,0.6792930106710576,0.011989946907383676,58.90160336090449,4.141855599632936,13.977851743280905,0.03946986533501074,0.010233100803901244,0,-0.00013912819611535483,0.017802168599109176,0.015236310504514258,35.2274942183551,1.1050025472607898,0.5689848880608644
1747.7897493568337,0.7351914923210369,0.06658373956619514,0.06535330254592321,1.3701147088763077,0.02039708133708851,0.7659119128383082,1.0687686340270823,0.010023358159178725,0.06656265279859963,0.6748014214434839,0.010482761300456674,50.12811635470298,4.013131532521455,14.262730035591124,0.03921324336885516,0.01043348803316947,0,-0.0005196252132597739,0.018114508528167334,0.014606431280117606,42.94405526492447,-0.44355479413111215,1.9245606141937304
1748.546799279716,0.7374580450763406,0.06680350446364905,0.06624426371481834,1.4048864871950948,0.019391667341858106,0.7636647628773651,1.0654312031697193,0.009986633315674343,0.0665264742455561,0.6682283968799603,0.009677397260750422,49.68547509083482,3.981561257330811,14.152233269038643,0.038684562580333585,0.009610918816687112,0,0.00023983946056323866,0.017785350724121466,0.015929037340509173,41.7813692870392,-1.7065774489245769,1.5129601654921112
1749.3142197494872,0.7370155213032028,0.0669895031634549,0.06619795807378238,1.3592984694150168,0.019132123351100726,0.7546520612732391,1.064600788186613,0.010300014130146319,0.0664024733750309,0.6752579488538492,0.009790597440662819,51.70870084827829,5.067559227500673,13.810550778615472,0.039173823285017076,0.00955765040216705,0,-0.0008470147872621924,0.018305251658087454,0.015072368783651724,42.18534365852952,1.8545296538952527,-0.2509718134094902
1750.0781833702954,0.7340243069457021,0.06641427667481767,0.06612692908296712,1.389093348393361,0.019349306472357723,0.7613170759863124,1.0671018886799035,0.009856923330226482,0.06694115522139307,0.6833783775917758,0.009939578296116539,50.19522693833325,5.066198982467594,14.269616694209075,0.037716681641422695,0.008495266058992545,0,-6.912740297143619e-05,0.018440970195947506,0.014644995803622588,42.40762497519721,-0.40751135256348664,-0.8761421754105931
1750.8352332931777,0.7340527791890752,0.06684158719845633,0.0663584991168282,1.3619605767978527,0.019508020841539797,0.7628194473646881,1.0607137180282469,0.010044230589089194,0.0668853130981114,0.6765273160516686,0.0097607569941703,49.732223862356676,5.007785180257008,13.97545852294741,0.0376902792950891,0.00815597135452735,0,0.00016506234539245335,0.017702786132389143,0.015918122901551923,45.2862536520827,0.6297593363532843,-1.3381058376106876
1751.595740065023,0.7290235328530384,0.06649924819157786,0.0662238059125846,1.3391087167724773,0.02006388111920341,0.7603089191419015,1.0615778929667041,0.01017175886248744,0.06672127886184659,0.7250961386689511,0.009711402997483042,44.3545328740814,4.969851972972301,13.795720041952949,0.03481558672883562,0.008537972339656056,0,0.0006882516597283245,0.016582415187625866,0.01647851205954171,43.70717356674012,1.0385632430616993,0.003572907859624179
1752.3527899879052,0.7319685672923681,0.06655739376248243,0.06621193640861735,1.3336703356686348,0.020323919820350762,0.7573187200004162,1.054606155913478,0.010032366577772444,0.06643522115087734,0.8240150424181701,0.00899366005510199,42.4673227241288,4.9588739787405895,13.738630770418453,0.03469243208698136,0.009346244912130293,0,-0.000374579128991285,0.016737440283444916,0.016630490605011733,43.190384398626726,1.3106555906272046,-0.9528011484424564
1753.1029262128618,0.732840993898511,0.06667759399423626,0.06631860416890586,1.2824084308987138,0.01916062187063429,0.7571527371972784,1.059847719582136,0.010115534954003512,0.06641762966641515,0.8409544327787848,0.008388738150303315,41.044308106104246,4.919727700853292,13.95071866349441,0.03529980082734711,0.009684326621568266,0,0.0005180987606291846,0.018641891342112492,0.01537522931518146,43.74456737385877,-0.8593035739173581,1.248659737345222
1753.863432984707,0.7368456059802729,0.06678981048175396,0.06668132842039415,1.264404434639141,0.018683156864854236,0.7411435739127955,1.033377343986543,0.010057716780207832,0.0664126138061796,0.8454926859462192,0.008226884778857281,31.689080937736655,5.051050903966426,13.766328651859787,0.03514860267276072,0.009564825683056428,0,-0.0006184712630454703,0.018844806655226087,0.015245994585697085,42.41104480596109,-1.668885897419847,-1.4319263417042396
1754.6170260586264,0.7303513066137652,0.06655849680047922,0.06670858835158995,1.1199106980423927,0.018621522378770978,0.7066659766597827,1.0508150490008492,0.010120527812787718,0.06658161384898395,0.8519113837315052,0.00835920143948932,30.473475036702567,5.108706377379486,13.86830617114344,0.03498533894062651,0.009105290491823912,0,-0.0007659639028731314,0.016829627078404533,0.015811776282000624,41.632354624083035,1.3136878397018343,-0.25387939256034725
1755.3740759815087,0.7327515703126658,0.06632214915747305,0.0666459609903997,0.9787672751228794,0.019178412924732543,0.7131183079560394,1.0681270758442547,0.00993603910848945,0.06677468680296673,0.8681649278897171,0.00819778368713602,36.31624869801651,5.028240184441654,14.292438243885215,0.03615150631246707,0.007959739845431453,0,0.0010798517779850305,0.008485848813518822,0.005262617622140523,37.84593781089624,-0.21972038220808188,-0.07855384569910966
1756.1414964512799,0.7288474970005582,0.06643695501369941,0.06685075384694858,0.964112314484331,0.020812044844565884,0.7089595757348264,1.0761927076248372,0.010177674555030679,0.06654773925802006,0.866453919367503,0.008237663033782813,44.82374251943899,4.879840639340236,14.360012754575715,0.03598526264067839,0.007049609059720571,0,-0.0007604011266470192,0.008796578724553097,0.004320919683502176,28.219234474128594,0.789681841783533,-0.4879580577017244
1756.912373770014,0.729344797632307,0.0663606029631966,0.06643951712145015,0.9932072989901857,0.020696010976773264,0.8133568861810252,1.0589370641585,0.010003110559604763,0.06677595866800014,0.8700510368606151,0.009805723181456191,50.65434573713008,4.9745955882299295,13.711928111677345,0.03579278663414524,0.007918071770005683,0,-0.00010256885620100233,0.008104565839983997,0.005057022684188835,28.783830738697926,-1.4373051335139788,-0.4930485920092436
1757.672880541859,0.7290081737773366,0.06672923132407624,0.06673526579450074,0.9508617132545232,0.02085765455147838,0.8445251315258953,1.0676098848721995,0.00998531530206343,0.06635461392439176,0.86542349393226,0.012491591129042556,59.653224646546015,4.718596759326274,13.484853761077657,0.036308127759284485,0.008934675975648503,0,0.0002014865823958822,0.009300002151845175,0.0047770004668944875,29.718417350698424,-0.820187086946875,-0.5988336459151961
1758.4299304647413,0.7276589153110998,0.06684035602159508,0.06680644335207914,0.9300170876762094,0.020730270599004723,0.8461455208342146,1.1107263930463374,0.010239679812959299,0.06669566027170881,0.8509494500479033,0.011625398327181511,59.795068496444976,5.103732298612112,14.153419508556752,0.03611441485070528,0.008509920358722375,0,-7.961769519853677e-05,0.009849399071943161,0.005061938952780803,27.83850660867316,-1.4544924686662426,-1.4457574278817342
1759.1835235386607,0.7333261300619189,0.0665725440018039,0.06712956624019949,0.9706257269385059,0.020765417733558698,0.8368579417069044,1.1129972683973244,0.00977667401439255,0.06674286513222379,0.8437454420038095,0.009885015928733445,49.60840469169746,4.997243299785935,14.867782112857347,0.03623494390301237,0.00911801898988402,0,-0.0001376099311070787,0.009860375940272557,0.005254478303221734,21.643977209952844,0.5121007481507431,0.03687089608619798
1759.940573461543,0.7347307703575602,0.06660903763352836,0.066860330539332,1.02497722770953,0.020664972344184643,0.8407603405311707,1.1073364362509348,0.00983611679582621,0.06692941036482719,0.8434410804098599,0.011731886464657539,53.83473397462104,4.909640759780904,14.63016955036201,0.03747291844225177,0.007600086869187621,0,-0.00042919517355329874,0.009818052182465745,0.006839906927111014,22.517476167986597,1.613349876929136,-0.619909117158044
1760.6976233844255,0.7362762387619151,0.06700491250662767,0.06703234739663949,1.0079202375976526,0.02086220632678698,0.8258704233312999,1.1194666690797792,0.010064255835239694,0.06727389120560388,0.8361426721361275,0.011536503415150534,53.727699126375136,4.946118200683931,13.835413967497354,0.03655278674262667,0.006020171412939494,0,0.0004990714746054201,0.00983171421204865,0.006488948281484213,22.207733695090138,-1.2228467566038028,-1.1575292253001483
1761.4581301562707,0.7352024213387421,0.066171807180438,0.06712601000902362,0.9673232476503129,0.021037440271645794,0.851750876257013,1.122957468495612,0.009898226256269602,0.06678584473126993,0.8417661588716384,0.011582583488282653,52.700445618864116,5.0740784373409396,14.186428724626031,0.03636473096608177,0.005814789964272155,0,0.000371208856731927,0.011727836076571501,0.006875039454758656,24.23337139551888,-0.803113355153471,-0.41480624648329867
1762.2359211729306,0.7360143950686571,0.06632426790756364,0.067240643456452,0.9167174480459721,0.022425264267279185,0.8520957714794487,1.1733545731498194,0.009955288960297843,0.06662259139899286,0.8394281828039977,0.011652825438863198,52.901738974721184,5.101197413281767,14.608675019453779,0.03587108696897192,0.005830674189230602,0,0.00042638356009178357,0.012619439755491377,0.01076298229410253,22.78102479564451,2.4210351630755773,1.048109769718206
1763.0067984916643,0.7406198506563169,0.06693165465646998,0.06758052990937582,,0.022502253795389247,0.8556157220650009,1.1757263366690223,0.010044381246345654,0.066324103953953,0.8458023110720672,0.011714248650042345,60.2284573721039,5.151016018211026,13.848583671694348,0.03535681669621991,0.007303639099416826,0,0.0010862077931752061,0.014370781107171554,0.010905779396618557,22.14948709350533,1.118068481204175,-0.33200572893082436
1763.7742189614355,0.7408873252062904,0.06665631866691454,0.06741407250253977,,0.02155725785068593,0.8481585924430975,1.1462035024274193,0.010068712365494756,0.06683880173944685,0.8094757623726447,0.01155203753808642,57.736422799876166,5.0140265395877766,14.159431624402535,0.03561680184612989,0.009163434517833443,0,-4.356004244838359e-05,0.017052740363661223,0.010791104383405305,21.085046087099897,-1.4099468389808192,-1.8080993092641333
1764.5450962801701,0.7353069510023738,0.0667420796722801,0.06734288540045999,,0.02237854292601414,0.8649525030312215,1.1799139812973922,0.009900586638751787,0.06680254430616568,0.8499595218001595,0.013253397314133877,59.84085757733125,5.092400776502301,14.201509821143993,0.03715504037494435,0.009786753631280553,0,0.00010057589585678873,0.015211492416936475,0.010033232975673103,19.901444205595133,-0.7009083229752024,-2.539061783703025
1765.3090599009777,0.7387157337195334,0.0669749881491714,0.06768536442141362,,0.022642137379558214,0.8669129652588509,1.2257700688206783,0.010187298548524012,0.06708890779561949,0.8519939802501466,0.013161447657549152,61.63179907361399,5.077057408195718,14.38342010228533,0.037262722139289516,0.00891549994441808,0,0.001143948308819884,0.01506562998417808,0.010217961901374945,21.06925570808816,0.9625036845671164,2.2008856088579742
1766.0695666728234,0.7392270857144642,0.06651253234309573,0.06727867017325105,,0.022512902552517783,0.8499630624318594,1.1727434687471578,0.009906233102949549,0.0667399651057005,0.8396028555053,0.011696133249712162,56.9750925174301,5.125465005559553,13.845052748372328,0.037418479908394676,0.010362864867570631,0,-0.0001227172309659719,0.01541638601335429,0.011333585679703393,21.193566640666198,-1.2213304198451258,-1.3643368432027958
1766.8369871425944,0.7406780373856994,0.06607486809564037,0.06759514877252921,,0.022297670280100598,0.8618109061594282,1.1709231379348946,0.010056951587758984,0.06632836329169996,0.8429797884622372,0.010986592674803826,53.51364257974005,4.940941556285198,13.37728859197731,0.035586213410847806,0.010488890386358187,0,0.00039981404397864204,0.015589890236767255,0.01106388606042354,21.790554352114842,0.08283623793465,1.9969895441004535
1767.590580216514,0.7328305384647488,0.06687024959225149,0.06781174395396854,,0.02154620322903383,0.8550524826656457,1.1343149763018416,0.010060638943125496,0.06673561577058551,0.8106683792379309,0.011467871506225124,52.11659229249692,4.945515735437015,14.062070430992994,0.03586933679579341,0.010399305373551344,0,0.0004476845227038877,0.017651799570420075,0.011229006965569065,20.433945136766546,1.2019196825153435,-0.5379599830927513
1768.354543837322,0.7359171737358541,0.06669981926977787,0.06771175782611898,2.1400404510171165,0.021270553239963668,0.8623756032875557,1.1266905347036056,0.009840446433531767,0.06670707067559778,0.7941801729755376,0.01097863694998283,56.623074225953545,5.004564472276339,14.063676161973827,0.03540688473425504,0.010877867967148734,0,-0.0001669889192933888,0.01663321122005024,0.010191401753556529,20.157450405422182,-0.3339521005195611,0.5885132862855235
1769.1081369112414,0.7365120689935345,0.06641168965456169,0.06755261340828167,2.139785218431858,0.021528964253981035,0.8667654944427101,1.1852012054891439,0.010028520641927994,0.0667382482375456,0.8102014478178919,0.011047249506085108,54.318517179107005,5.060316486327066,14.018295412112735,0.029988292214336642,0.010454529846630183,0,-0.00040958487104745563,0.01597519501729404,0.011106971783505773,21.300233258109373,-2.0928898082683522,0.1004330596126185
1769.8755573810126,0.7309822723692859,0.06661974883923392,0.06785076523237567,2.0704282301186514,0.02148115961794791,0.8674128822264001,1.2109798121263222,0.010043962736362553,0.06667328019971425,0.8127535162459172,0.01022007770615024,55.577771031486336,5.033830352807399,13.68314724688943,0.03011000548162945,0.009508242414255944,0,-0.00017012744328119558,0.01444930379368705,0.01171824149528455,28.53908396297962,0.10385083127481883,-1.2782799545402481
1770.6464346997466,0.7294287784026133,0.06650753029323242,0.06823727918932329,2.075218734761778,0.021413197953488398,0.8559595829805858,1.1245907625863247,0.0101905355985637,0.06664734137380195,0.7988541979565267,0.011831228095777909,57.61760236388977,4.935478436542102,13.971183554597156,0.030163190092044292,0.008907110391694693,0,0.0009261890319554262,0.01436972083877244,0.011322492371352157,35.1397035238537,2.3093415603370637,-0.34959269292222844
1771.4069414715916,0.7263578659407561,0.06960077915452227,0.06786241657458272,2.1021231457494123,0.02135777835684156,0.8665875047304288,1.2160277099872459,0.00982531144842952,0.06986882720006157,0.7975939646582157,0.011547128569495715,57.68586497240091,4.951051237772074,14.239064045654311,0.03525757406812187,0.009578754966963834,0,0.0009407363802978046,0.014246702317769182,0.011322944921344644,34.74103408934608,1.2416011826395925,0.08813285469150495
1772.1570776965482,0.7282828766078426,0.06977391963534464,0.06790967922995507,2.0497960839752887,0.022702250895811037,0.9388896980361257,1.2164183302727143,0.010090159091153147,0.07001132977245803,0.8348956161346711,0.01159976410125748,58.48194986935752,5.016281315048502,13.947251816374372,0.034756540451683894,0.008967318077317994,0,7.619767728224385e-05,0.013930194244207288,0.011721822794095936,36.01443696776838,-2.096545909194513,-0.8816697154633245
1772.9141276194305,0.7270632612573676,0.06992578804005846,0.06754589311848817,2.0790749713957375,0.021259039209776072,0.8615189515288365,1.209296295020039,0.010096434366405132,0.07001044441749017,0.7881318605370102,0.01038253437121298,57.01113037024568,5.0999291381140885,14.219741169000665,0.034999083581041875,0.008716234837001884,0,-0.00017533757795611132,0.014888015808604526,0.011763414043585262,45.38579979812221,-0.4495069108376552,0.8648693091833285
1773.660806995424,0.7260498048493456,0.07023302946537846,0.06820478656227479,2.0516366902682677,0.020946259653812502,0.8501960784731527,1.1775553604565125,0.010181503483758547,0.06994220677612062,0.7774231502647945,0.010387556037292151,55.92726823117484,5.0229612716758885,14.192417359638048,0.03682425366757413,0.008495644727894398,0,0.00020364745763619136,0.015465878287985992,0.011643209650801864,43.13751029728758,0.35199351923014843,1.8776476400295836
1774.4144000693432,0.728456592154807,0.07027409742314171,0.0683312188722121,2.0510186378610022,0.021167118665146655,0.8564166303451752,1.1658960997990124,0.009993909712972909,0.06998526787260806,0.7791498975783021,0.010413718718557266,56.72898973285522,4.836617136055596,14.186744246842348,0.029868469094882895,0.008809565383739079,0,0.0007147125710945093,0.017726960587334452,0.012098416592671378,44.56200854994645,1.7608344352336882,-0.22626645066931741
1775.1679931432627,0.7298785723935782,0.07016095420169996,0.06853928785280515,2.1192458136779164,0.020908196239496767,0.846773504370494,1.172306276765551,0.009881083500569276,0.07034128512549068,0.7774784832849703,0.010420908368098341,57.67424805232998,4.915243201522195,14.365838776177393,0.03620070154402239,0.009114068326379926,0,-0.0003693012354009922,0.01728074337284299,0.010951929053758774,43.467188039058115,1.263808356984677,-1.61330019414954
1775.928499915108,0.7325449992784249,0.0701305749561887,0.06846887549324193,2.1308243193628558,0.02157376986537817,0.8527477299059717,1.173249048930578,0.009857218871727304,0.07011814015521764,0.8242663521722549,0.010171472870099412,59.486040293914996,5.111044537311543,13.78616666510285,0.03645932591388934,0.00863631663193109,0,-0.00041923163278810035,0.015459008966922224,0.011820147017280841,42.9742297075602,0.2913728552027221,-0.8211000354293401
1776.6751792911016,0.7342391233489469,0.06993985670641811,0.06833113246839936,2.127972205110152,0.02290027058970809,0.939065441260141,1.21840482215715,0.009847504343014558,0.07010941787597205,0.8595578338370815,0.011578666661351721,62.26435861347847,4.905437521375217,13.690532314841489,0.03883848441962537,0.009485477288303176,0,-0.00020026311775181872,0.017711177573089824,0.0119859131108562,42.45006045124906,1.057255226425219,-2.1480291675573295
1777.4356860629468,0.7310609270789221,0.07001531879551214,0.0689573255605545,2.073884132880499,0.023362622954306037,0.9365554631406308,1.23447300991621,0.010013150433294975,0.07010971517157817,0.8757563302458498,0.012890885473051322,61.041693963152575,4.953643620436495,13.749945798050645,0.03840634684715453,0.008340770101107443,0,-0.0007679508592112668,0.01925002455774507,0.012126362004217687,42.946342814394065,-0.8445985769298235,0.3698745193078661
1778.196192834792,0.7367958421009009,0.07002203603985992,0.0690985364492608,2.1036070421455135,0.022164038253009825,0.9422451610947337,1.2095095986848212,0.006851924762434588,0.06975872927335416,0.8151118752534693,0.01289624535411217,62.46675685444645,5.022407321350121,14.01881818851934,0.045234855319149066,0.007530243971816308,0,0.0005962520948869233,0.02012341932961759,0.011025364923401889,41.75843773478401,-0.5204750263754748,1.645379206676874
1778.9601564556003,0.734566138192579,0.07041784199436808,0.06905856416502731,2.088838688624101,0.02238539020763402,0.9441631025691165,1.214403433875972,0.00665842543744094,0.07003107272767396,0.8187166323581165,0.013011390902426985,63.09619989386171,4.935584793828096,13.88666038867397,0.04531055755274937,0.008197638827010518,0,0.00039225580269788737,0.02133991917110516,0.011102355377167729,43.5038790374953,0.6694524434140772,0.3899256427477873
1779.7379474722602,0.7415297382990303,0.06672113972440315,0.06926904082681112,2.098329665332913,0.021733381701829767,0.854379961170684,1.1765310273645493,0.006736948645055263,0.0666715321301957,0.7779482539921179,0.011582395408491522,62.99194719598646,5.053729281213905,14.394148121407616,0.04509023905026159,0.008243816303920137,0,4.0546120308398715e-05,0.01953981393821499,0.013173250462442497,41.370013560571486,-1.1288612172508938,1.3363910457867068
1780.5157384889203,0.7414429242910768,0.06626984640496844,0.06873027394733248,2.1236257176529105,0.021407691671753076,0.8507800556192437,1.169782770007272,0.006625015858774424,0.06709470833564175,0.753260966444283,0.010760103547161256,61.11712106285178,5.033311204646045,13.816443540467256,0.04158187154067344,0.006908566571177696,0,-0.0005156912213655641,0.019219166639151374,0.011661465219562834,42.60383513577472,0.9233964125238683,-0.1554839746935358
1781.2831589586913,0.7498556779160258,0.06640757481627356,0.06927981793164614,2.0289887495939816,0.02152702680451682,0.8060233167007499,1.1951808569216034,0.006552823930244439,0.06684702292973851,0.7457582907253434,0.010661232842444206,63.35358856273698,4.9746313135239655,13.771630480353089,0.04004218822243279,0.006865274919729986,0,0.000445828572441809,0.0201128634498206,0.011818998321144646,41.44334843647607,0.9632668675037545,0.021512967553383392
1782.0540362774254,0.7484385485320171,0.06715686426712333,0.06874720099880567,1.9636270997477365,0.02157268576707156,0.803418278610343,1.1874098184028912,0.006710811173967137,0.06698021490186636,0.7470532714224872,0.010660032841122572,63.65928443473578,5.082744658672713,14.647320702631374,0.03885336399359906,0.006679879291733693,0,9.912267695759739e-05,0.01996301783733267,0.011337185761368555,43.36477878107696,-2.8228872434863117,1.2373109531250344
1782.845654689937,0.7599814394177271,0.06304460044198242,0.06951200560903732,1.916033501448292,0.021697904656246998,0.8335505801626977,1.1869398780057683,0.006763134390488519,0.06338936914789692,0.7515781949500491,0.012925577438421815,65.37834412530181,5.04562782996395,13.625631860509968,0.04233295249166167,0.006751360443124335,0,0.0012100453533571368,0.021920109795784265,0.012406833657760982,41.03006264831897,-0.46466306079290276,-0.34915475510929506
1783.6338162534857,0.762612015441616,0.06342212359183262,0.0688785877335128,1.8777595395818694,0.02168191861420378,0.8357413397688074,1.1877945457885628,0.006637423411229185,0.06315225710054619,0.7434308263684899,0.012797345636051873,64.22076820395152,5.126257264502529,13.946972488456094,0.04086758318094351,0.006888614987117275,0,0.0001367345805621003,0.020914494470595457,0.012745897007340674,44.28865340549738,0.568482574016322,-2.432322257230961
1784.4358052128862,0.762844818237813,0.06318235935762125,0.06861655160955712,1.9280131834292704,0.022250682156633644,0.8354612904552322,1.2097444398122297,0.006661468507934138,0.06339104699333832,0.7499490184950691,0.01271550462446009,63.48544531626319,4.978818655868855,14.282329098009166,0.04020644713229131,0.007663644483734901,0,0.0003308373491213932,0.01900776485498974,0.013252911130730545,42.5460600717063,-1.2852111177353573,0.9962408203111595
1785.2274236253977,0.7670879716978038,0.0633664729617948,0.06760005285751727,1.9991972354727272,0.022096232292179142,0.849357031407969,1.2118574723239341,0.006594466189105577,0.06316177587729081,0.7471395190601556,0.012931948035486467,63.393678808954355,5.1015450282827395,13.851989556884455,0.040709708098272145,0.008119115413607447,0,0.0002780934157782795,0.018830084967185218,0.011951038466798082,39.45024407472527,2.1181094676719896,2.5828292488308793
1786.04323998065,0.7736527777010949,0.06349774864424193,0.06715343258890238,1.8562165140988713,0.02193675743623867,0.8450404971300768,1.188314772156649,0.006613502139641055,0.06324834250951021,0.7411182426313938,0.01281981400453248,62.527784240928675,4.936266861656351,13.600899390019686,0.04185688492058369,0.008109743894555823,0,0.0010015548828073834,0.020205423779518852,0.01165364698734074,51.90963688262104,2.1496030574485223,0.46228543645731673
1786.8625131848653,0.7725696149729327,0.06319068787081213,0.06691889100541627,1.754162320177625,0.022013828443386552,0.8380318044861016,1.2081914880504652,0.0066287638462859105,0.06334014601110456,0.7513237834507233,0.013593074938552422,63.83519712024904,5.070068308880083,13.75936035164255,0.04257664617993801,0.00858410829238473,0,2.739990678814403e-05,0.018707284600133683,0.011323154035593804,57.235743241231326,-0.40036826786361884,-1.6999703623454636
1787.6679589932285,0.7747840446384966,0.06334617251282623,0.0666394073708379,1.6094992373690884,0.022444380829890354,0.899160627462852,1.192709355415125,0.006740501359192169,0.06336253709019722,0.75376402534397,0.01384558354147573,66.20914433106674,4.73736008949501,14.232938540496367,0.042038164022244855,0.009176735791457608,0,-0.00016246018963124589,0.0185894041542983,0.010791905216661946,57.23171977332453,-2.67497994589613,0.42843893045347503
1788.4837753484805,0.772881838899185,0.06312988402847342,0.06623268103127547,1.3157751176828005,0.02256069387936797,0.9390643517745333,1.2462857257308089,0.006653483115506843,0.06330527468396273,0.7587682125161426,0.014361753247577588,66.40985683282378,5.035179293589506,13.948265885155678,0.041122461614714,0.010510409354923908,0,0.0006745927235013501,0.018534455279164103,0.012205836552250821,55.83165581610909,-0.6602301754672045,0.02485111366615855
1789.278850609955,0.7742042209014615,0.0633736981686568,0.06534667867303787,1.2372426381526387,0.02311282718339663,0.9462200716542033,1.243084704673062,0.006572898483469698,0.0633709761498989,0.783929735988637,0.01418338861951585,66.12370527533903,5.19016983553011,14.149232520338556,0.040803217056628385,0.009972253317226091,0,0.0008885679371156086,0.018596410299155982,0.012206135482932493,56.47074377773153,-0.57409535857803,1.6194201785240596
1790.0808395693555,0.7735338182592026,0.06298935974139999,0.06496878636156124,1.3047202873759225,0.023744954304903487,0.94553735066194,1.251834956670631,0.006779446551164768,0.06336712707669763,0.8185040276107702,0.014110344240898059,65.60756974467803,4.897856007408658,14.313959869672091,0.040533407893235736,0.0105779431668828,0,-0.0004585455370820651,0.017943868444365112,0.012249034043089094,55.802370340483904,-1.2609607905799765,0.16802146581276625
1790.8759148308304,0.7726171252295806,0.06648537078888046,0.06541599859813903,1.3036835844336103,0.02406926113019368,0.9467187518230334,1.3676353123032707,0.006717607588457307,0.06711814652940694,0.8621319513330279,0.0143013272865134,66.7411005588141,5.075122789644087,14.798824645110738,0.04065482387346015,0.014132928280863596,0,3.4365135011132876e-05,0.01682324848622178,0.011790976035776996,55.79474294701923,1.5436205642083822,0.919840011803746
1791.6779037902306,0.7689542939925779,0.06631859730685875,0.06510176414881748,1.1605172250327143,0.024446848333696668,0.9628902452680373,1.3820066310779426,0.006738054734353989,0.06658654691199545,0.8915787623775122,0.014543865088461547,68.05088572670962,5.078964676259961,13.793552725950946,0.03902790479129997,0.010237855900100125,0,0.00012811131738841317,0.01831831771775299,0.011484537719384177,56.064616809689994,-2.255560164709535,-0.2824536843296475
1792.4660653537794,0.7683386886326943,0.06659982113344172,0.06503898176767196,1.2156227783428757,0.02433479505725945,0.9540849971346176,1.313998776643297,0.006482863878190227,0.06669897635822439,0.8970941472179216,0.01428098682315378,67.90038652897783,4.867255190705895,13.758812042256144,0.03869654759979519,0.014014933424212526,0,0.00032435952186634916,0.01718452149132491,0.010330992618485359,65.22207010490078,-1.5326341329225426,0.6354976466115116
1793.2645974642169,0.7660174106331245,0.07003540973244275,0.06522952381906483,1.203398993412893,0.024499134132770047,0.9576581066899664,1.3025309803878635,0.009938020054890188,0.06959114271327138,0.890857953165143,0.014239670151730173,65.27550122051065,5.001415583449366,14.701262410704997,0.037489734064310644,0.012817510226050299,0,0.0004412555593135741,0.016573837403233413,0.012053350549888776,61.917798016800084,-1.3326831409897062,-1.4614781843865212
1794.0527590277657,0.7593148779713247,0.06999393517157504,0.06518950388401457,1.218547386823406,0.024479515849969845,0.9454739668730687,1.3137190018949512,0.01018810177271797,0.06980873263925265,0.8864179066303554,0.01324150738716599,62.554165392819215,4.922741241970007,14.038955690421838,0.03734775638577495,0.014130975918763184,0,-0.0005154027291823475,0.017334012125344335,0.01069491773835589,62.59082779065165,0.39069241218860945,0.12953000834549575
1794.8512911382031,0.7590728382816752,0.06975144858641381,0.06546572239449017,1.2939849834480737,0.024486575026275614,0.9410608330232407,1.3145940283636275,0.010042650349894522,0.06985873760222006,0.8955264170748816,0.012988656558179861,63.06881165992982,4.881090014534256,14.022376924951676,0.03697057344987282,0.014021467413404301,0,0.0007299646367382016,0.01831720546303369,0.011023298339808769,62.989708044084544,-2.5149958658624874,-1.7430927338647573
1795.6256253059,0.7546771853491818,0.06994962540877446,0.06580911365651367,1.3421491862728319,0.02443887219194483,0.9434528934810761,1.2921705105770362,0.009829551872218224,0.07010274165611378,0.9006792659250606,0.012747650567547002,64.17121001141223,4.992248940078232,13.626114583690098,0.03680628754068613,0.014405069127949735,0,0.0001538968422892019,0.016760617790347185,0.011029590537194232,71.47530431519044,1.0778823910193929,-1.2881559013443882
1796.4103300204858,0.7463875683442375,0.0702195101909133,0.06661181244246003,1.273675345808936,0.02387550700110576,0.9436053491559679,1.2817873006595066,0.009956773269754918,0.06999665495762884,0.8631539066958578,0.012830466492934501,63.37180103699555,5.1079356105592035,13.437068842340437,0.03644884080087411,0.014143632172719144,0,-0.0008800124586902991,0.01768680238712693,0.010664095834337573,71.81889175856777,-1.4148372944443621,-0.7909350394309589
1797.18120733922,0.7434319000086381,0.06993323932840444,0.0662575850432996,1.2763779102737651,0.022619345064876492,0.906265361873792,1.2627843996697963,0.009966788578781471,0.06997002615086186,0.8253090318045152,0.012238848219378264,62.26933535627444,5.10508684314792,14.164935851464964,0.03665743621786079,0.013707069214095525,0,-0.0009801226827399832,0.0163240172452164,0.009310011784288892,72.67348351821991,0.05315131188524095,2.1910213669841716
1797.9417141110653,0.7341001629751632,0.0702099405254488,0.06904356014796026,1.2222268797740132,0.022275882572529618,0.8721081279189069,1.182722694369607,0.010078409948416757,0.0697857608373248,0.8086743900205099,0.012667575630591055,60.97214982887841,4.949236594735185,14.309200888495317,0.038786740466413255,0.011777482249153355,0,0.00023050663654181059,0.016158791248066757,0.009281239611142507,70.1840946034534,-1.2390880024118942,-1.737217726050428
1798.6953071849846,0.7253182538359559,0.06981405878978965,0.06964040876509436,1.1657773148255433,0.022462926263999636,0.8699161350758052,1.1706382595130767,0.009991402853426912,0.06995230822516312,0.8145985635033917,0.011928768711750982,61.06693531000832,5.222596601004658,13.792235480028795,0.03862895210306229,0.010016819031587269,0,0.00047653001316639296,0.015412237733952743,0.011087821550957284,69.60172937223926,0.015446423611189595,0.3208816070258636
1799.4281591651265,0.7178141044427913,0.06978873244939993,0.07035450114020302,1.2450857050009745,0.02179305127090944,0.8574109082388741,1.1683607556767208,0.009951664418833436,0.0703332667239914,0.8080457252395525,0.011914424686041343,62.19629092492664,5.00479275901286,13.956677779392264,0.0384952281157356,0.009987413712669806,0,0.00041067255294109433,0.01539164176927821,0.009712983488769795,71.1930487988638,2.586671912686491,-1.786868283087059
1800.171381692157,0.7101205960992187,0.07010555077037606,0.07041240604757398,1.2127174082829228,0.021815746515774854,0.8233496270646536,1.1500515551496977,0.010023427813928214,0.06992674420936017,0.7994580220239081,0.011926576735079974,60.91149222529571,5.0588711776406585,13.48511174962252,0.04012212240865539,0.009433339871382942,0,0.0006257925821461325,0.016315162703050556,0.009968936785030209,71.58287141176464,-1.6117450712819748,1.3944679763683732
1800.9076905212617,0.7110987163750929,0.07029059000369656,0.07024704639261334,1.2233283771302927,0.021354070630000905,0.8218838710111587,1.1511410950609768,0.009913465560834948,0.07034305508787263,0.7990705329195471,0.011313181351387248,60.504630673365384,5.041057268373992,14.078908718014695,0.03852310804354058,0.009325786201822926,0,-0.0002612966348169308,0.016118367350973835,0.009454968714826859,72.84568333366505,2.1235377119471686,-2.1114258594977944
1801.630171954515,0.7071248293658495,0.0700847300832786,0.07067601091350528,1.219731925126921,0.02164260713615668,0.8247576002013625,1.1518079469865607,0.009910065615314207,0.07000952460711568,0.8069938269749485,0.012095392037315885,62.2081366602841,4.973613470623666,14.013563588459563,0.03944004855700374,0.009563132362657292,0,0.00012725024467719021,0.014726708223006785,0.009428364307608518,71.89099080636403,-1.7143950837427164,-0.5838586244708606
1802.3561102367307,0.7069392713837955,0.07036626040825096,0.07032039790616948,1.4426419313507113,0.021596804573607565,0.8300293690157132,1.2294660978673113,0.009968971213481729,0.06958432792383545,0.8094564753260064,0.011881349836849875,62.83126647563453,5.025537649257363,13.44703774197635,0.03948606067608692,0.009523587385883032,0,0.0009395419583812429,0.014860520616430848,0.010592698287090177,70.64360732782907,-0.6040629675284841,0.7188143025666826
1803.0820485189465,0.7094304503408297,0.06962339892661124,0.07069062613767416,1.5013909699254875,0.021788064044166566,0.8398495904248391,1.2281236148333543,0.009887918934924059,0.0700511967932613,0.8318167686963612,0.011778169741159732,61.657096814937965,4.996075139691731,13.87584837777044,0.03974841270619805,0.008599335916964174,0,0.0007671732505544549,0.015852185519143264,0.00969477844980948,70.92919803472527,0.10736194195520414,1.5187775409101902
1803.8149004990883,0.7170994301760911,0.06656183412999409,0.07075980979831636,1.4929971601709706,0.021583515808821944,0.8308667777587447,1.1604208881312708,0.009976733511330292,0.06659239488717576,0.8005387003544494,0.011383715353107756,62.60484999547739,4.853432034162205,14.59722922459172,0.040008239489155634,0.00959924802241694,0,0.0006957619187845173,0.01440133065104347,0.008898743566293523,70.71592672306018,-1.3279074543375318,1.3556438113602194
1804.5615798750816,0.7180576800915549,0.06658182127170517,0.07050849219072118,1.6017418607560718,0.02142637208515361,0.8217946491393102,1.1683248331961151,0.009934060535179349,0.06645271815897691,0.8327256251605286,0.010254088673907018,57.264794343490166,4.832783927396637,13.643777199222688,0.039898083445033976,0.00914121176088282,0,0.00048474283848140337,0.014476951756254835,0.009991096762079424,63.35142824507519,1.7009537657689362,-1.1941347984803674
1805.3048024021123,0.7206808770575452,0.0665208593864166,0.0700163320561496,1.5440355732547189,0.021394092041452574,0.8190772625097454,1.1711472189143326,0.009923752056976827,0.06656772099299084,0.83236044928354,0.011013942872061864,61.91123538282386,5.029477864326837,13.22977623891544,0.04194877930925467,0.010337415878019396,0,0.0010314501996296203,0.013370341382226628,0.009713214665309564,64.59391897433684,0.3546550999832366,1.1589981459931666
1806.0653091739575,0.7319793948095527,0.06683029847158611,0.06920766327353448,1.595335310487542,0.021643622345462268,0.8240960498725728,1.2245150664004143,0.006723036124925022,0.0669616001962373,0.8410511855665725,0.011205235865416453,67.91262664127508,4.977729465803673,13.979239994710843,0.04182384137794848,0.010383815843418522,0,-0.000815526833571126,0.012917293363140568,0.009553200019939725,55.817108583736946,0.5255631840545762,2.1839389115967043
1806.8292727947658,0.7364267204372273,0.06644264556476885,0.06894343961473083,1.585689844336088,0.02133608794908277,0.8170336445976484,1.157837423282372,0.006759209754024034,0.06676557507408391,0.8346288085744958,0.010532809555571945,67.55461273630664,4.95908087574658,13.589007817513238,0.041294425354195786,0.010108273471864085,0,-0.00010049241004818571,0.01183810901565245,0.010080787113366046,54.92462617227894,-0.8160907767608145,0.9739533911992968
1807.6001501134997,0.7383275103320942,0.06662660191534353,0.06877144459512793,1.58356732286167,0.021499232733733806,0.8258106592249072,1.159699812744805,0.0066441118067697815,0.0665805684203673,0.8578385803828674,0.010587626855757612,66.76451688436951,5.033869115087455,14.150028606258399,0.04163007516208215,0.011516315623447015,0,0.00042897018082508704,0.01116133872455863,0.008876937236645472,50.7094284982459,-0.3010257868128505,-0.42794732980014005
1808.367570583271,0.7433908970510401,0.06656403103164735,0.06821875064751938,1.6053823031239625,0.021604801086891254,0.832981243603367,1.1713666024020624,0.006703428081687896,0.06672498651378529,0.8676749672270205,0.01115885305512986,67.68841862857383,4.942064145902892,14.281759490158716,0.04461584968012039,0.011574726146657806,0,0.00033533094334136423,0.011721433966083033,0.009754201919051426,40.89624051883352,0.49027770589920355,-1.3482551238179636
1809.1626458447456,0.7433431820721814,0.0668394450566586,0.06828968548577427,1.446106185482611,0.02162017975557985,0.8101629259713312,1.15332932706102,0.006565994321613323,0.06635577389183564,0.858821041059833,0.0113330046761033,66.49467662130708,5.006545639542669,13.866801805561071,0.04762579143803067,0.009631596921417023,0,-0.0003051026914972742,0.01204920346821901,0.009396393607906933,42.024459117660626,-1.9170871999165382,-1.4625332522117656
1809.9404368614055,0.7420939051138571,0.06681111003363328,0.06820542789853778,1.459075804738395,0.021582121672295694,0.8162399708370197,1.1613510392544253,0.00644849361368237,0.06593682370542236,0.8582555259549934,0.011144509149118334,62.167942736687735,4.951208087054782,14.03897669338809,0.04535465711508466,0.008299432977541286,0,3.686989607795248e-05,0.010427401262014448,0.009361021430515247,40.29959197609281,-1.7023212247291322,3.453034931228513
1810.7251415759913,0.7486740789567324,0.06631517978453233,0.06811665539571793,1.340297983485607,0.021487184670133306,0.8148957451954791,1.1625004178228846,0.006675923224750223,0.06682135525558877,0.8553796980465335,0.011017261397538109,57.648901594582014,5.040150505196225,13.967716677737116,0.04474395766760609,0.00776044630566303,0,-0.0005272669210593084,0.011427079177354967,0.011161114062940345,35.785195532143696,2.3071705894625727,2.5543269419937524
1811.5029325926512,0.7485896611231991,0.06659232859018614,0.0676341833417424,1.3667671755362745,0.02133742290957251,0.8133183667076637,1.1543848725150285,0.00667118762820391,0.06650792323283461,0.8565604170269037,0.010689314660001864,57.362903533174446,4.948676764382698,13.99979921571813,0.04714035444100262,0.007189844287566101,0,0.00028595949530753356,0.01243201458531262,0.01165741948415698,35.11142568365704,2.3824482167682888,-0.32713476645940576
1812.280723609311,0.7490915816034425,0.06684421921777972,0.06751817848362325,1.4712883604124423,0.02159788514462706,0.8378205954943932,1.1437579236794784,0.006609651945850707,0.06696957578256607,0.8585293045229101,0.011266364404040163,58.421067309737595,5.004268802346594,13.97423622690863,0.04507257285249504,0.0060440950216978226,0,-0.0003256665069147985,0.011232966923731933,0.010589338835962232,36.497090303050264,0.8371894871191382,1.3435103878682524
1813.0516009280452,0.7490885473346367,0.06689296131641814,0.06721875085138411,1.3580898303332039,0.021458067196769643,0.8352804661355769,1.1647761264934893,0.006651270472835001,0.0668863185230242,0.8630574639617776,0.011066931422378334,61.69922459625559,4.8820018206074485,14.24626665927318,0.04705441581519379,0.005852173100185091,0,0.00025738271896151674,0.011481277663204635,0.009882537071249208,36.153446787520174,-2.3021978656501014,-0.919353904133407
1813.8155645488537,0.7500102928761129,0.06637747902767402,0.06688803339889304,1.372965638942254,0.022320191073689523,0.8450972602348029,1.168935029094769,0.006748471109872674,0.06656276134080459,0.8641521625528835,0.012679937859897617,62.461449107796334,5.100818108592185,14.069886851971951,0.0469883861200062,0.006112941547739138,0,-0.0002327316922342942,0.011539823000288808,0.01020881383513574,30.353432509607025,0.14110548764894337,0.8223966873462468
1814.6002692634388,0.7496379514491712,0.06702322575944664,0.06703057521390739,1.3610092243745386,0.02192754576781896,0.8482636977112084,1.1612746937634697,0.006669538094155427,0.06709695841600613,0.8652016835024838,0.012847634871841268,63.575935116299675,5.05443314178398,13.826246239226686,0.04722917174097422,0.007669512802153426,0,0.0010450400321482603,0.012889954306544191,0.01059517255549718,27.98639423836104,-0.3374984335527732,-1.6589013758736495
1815.378060280099,0.7524146514542888,0.06631145008728144,0.06622647126346014,1.3970015985043307,0.0220794127365867,0.8485023172075267,1.1876559901384027,0.006602375538535692,0.06675618849180538,0.8756137055426604,0.01295419421958035,61.95042732486849,5.037234263546678,14.110281082583269,0.04505068652964051,0.00838403749604611,0,0.0004726114316451204,0.013744516724547894,0.011369861737662591,30.15801421358863,-0.16124920498828754,-0.5683108287415026
1816.1558512967588,0.7511941094444257,0.06681677587012723,0.0665520160151295,1.4908788626542777,0.022667065828634116,0.8551382380335627,1.1781307271590404,0.0064414483071358304,0.06646331211189202,0.8709959171446646,0.012915675303044915,63.38216582895852,5.000983660591736,14.273259782163558,0.04458433407566947,0.00803767268364179,0,0.0013586124955695614,0.013146205951197028,0.011143194837320737,30.750859521037704,-1.6597024131562232,-1.4807206576671919
1816.9405560113448,0.7509286759440008,0.06677777075793072,0.06622808057149619,1.4635535258458976,0.022488162571479887,0.8536531292816668,1.1820552265304305,0.00688051616100191,0.06665499663347461,0.8582322216494321,0.012737584077905534,67.19227670102059,5.074326678506977,13.888636160750204,0.04453434064669689,0.008658545184083809,0,-0.0004462775685056822,0.012595949085190699,0.011129769971100776,28.43424469369821,-0.5415242894305154,0.16785130635901185
1817.7321744238563,0.7495569424247598,0.06669641597512575,0.06625533008161473,1.4096019135154343,0.022610958608157636,0.8861020962837596,1.1834279199611606,0.006876690021267763,0.06690576833918835,0.8764782400302347,0.013051931503014936,66.58051868382181,4.869113850131459,14.040918030255323,0.04462736603046838,0.0107583143056131,0,-0.00031973664517907807,0.01308620978637398,0.010207775681728056,28.055597659332633,0.9930458230690609,0.10755887204726453
1818.5065085915535,0.7539090130486633,0.06687314259119875,0.06624453547442039,1.4500840978227103,0.02259704548031043,0.8668574255191661,1.187758259493439,0.006571643351503001,0.06685526892437468,0.8652747787579109,0.011597075682563279,70.36470485149631,5.0756923376177285,13.829007906356438,0.04527727569669108,0.010932798132557401,0,4.576534784217132e-05,0.01523952058588848,0.010358163227868556,28.530328091734035,-0.07364900746998738,-2.3362210548464994
1819.2842996082134,0.7485992264087846,0.06648318307670159,0.06612654554601459,1.4615839548291238,0.02157970322015694,0.8561241036720098,1.1797446478888471,0.006680441944738451,0.06620965846650595,0.8390052133419698,0.011930959780160238,68.7187901247236,4.971457298496466,13.784986480494338,0.045532461485272055,0.010978252741560153,0,0.0008783013171809332,0.01651335695567958,0.010013383925553976,29.64099372797177,-0.61318714040476,2.305397662980894
1820.072461171762,0.7546357906816832,0.06681414344233823,0.06613419048083695,1.4411852381147225,0.021536206321199777,0.8488476275709853,1.177614124094484,0.006476073382566833,0.06708776425676116,0.8340225882739947,0.011828464903278513,75.06316727126142,4.9549846896269845,14.014288866048453,0.044717996234337185,0.010867464097315533,0,-0.00039346443211613936,0.01578083779941517,0.007314018623038994,30.91476124306148,0.49919956424511247,2.270971880622252
1820.8675364332366,0.7561337630519964,0.06686359167385256,0.06615745657816231,1.4712187119020845,0.021965413962820337,0.8527109258311045,1.1884628083486861,0.006671039943249253,0.06673065471884565,0.86911205082134,0.01209101277226406,71.62534824946523,5.0176724937760495,13.7855839793852,0.04569859865262646,0.010529729899576618,0,-2.4366460908768742e-05,0.015133454052112793,0.007020558143251433,29.71725185991986,-0.6996397486973558,-1.22954053705657
1821.6487842988595,0.7549997609836269,0.06688219458554306,0.0663768537619304,1.497317219354624,0.022443181622155448,0.8816956635250353,1.1943761242590456,0.006760669561996535,0.06663564899555169,0.8724588258046416,0.014155558485966325,71.4635678104214,5.034050923574306,14.237652867034315,0.04509119221546527,0.00971747024403475,0,0.0012281949653161696,0.014887061301893146,0.008669375414879995,28.529183083029277,1.6863389435871956,0.6770025180958071
1822.4265753155194,0.7597154959568274,0.06648866208023618,0.06615915521864951,1.4991580012314532,0.02167750466070869,0.9022552828707002,1.1849842371867285,0.006672231605026995,0.06669231690132042,0.8677685310651547,0.01406268027828255,69.69813320755956,4.9716865409703495,14.24296383970666,0.04746211532017387,0.009103177452826591,0,-0.0006848742692470435,0.01675687102343339,0.00767040582544994,28.177582011682084,-0.07682085460350913,-0.4772917958710156
1823.1974526342533,0.7541521046306228,0.06379608415251899,0.06580749630380928,1.5642576022161525,0.02161981463037036,0.8966748823705553,1.1715274620584541,0.006503014961404628,0.06344741988326014,0.8336219937466602,0.012000459967978888,68.49597512172892,5.050496494350848,13.815822617698814,0.04698061683497199,0.007705743656939479,0,0.00023065619606707797,0.016609018985658135,0.006938775931336985,28.35848480818625,1.1761146171136367,0.5234678553425863
1823.982157348839,0.761246230895769,0.06328435249079559,0.06604787616553834,1.5617458450461397,0.021720815910888733,0.8815758554764562,1.186949348391462,0.006813665217032726,0.0635572224164334,0.8481678384446323,0.01202853893155643,69.8132770852221,4.944295942211385,13.692907392664251,0.05148282291420191,0.0077610131059595916,0,0.0005802236403798576,0.015249356073349807,0.00809474324522237,26.427190551440457,0.6674656186326444,0.36241084307049787
1824.766862063425,0.7611322886227251,0.06308010920530034,0.06614374564799841,1.577191327038167,0.021573356121856846,0.8875078481226646,1.195977229794659,0.0033968983403234445,0.06310909880293798,0.8326856108067168,0.011923643815729495,71.06401463453132,4.892102073619356,13.795264029228822,0.05174926918998057,0.007028277759938475,0,0.0011267497351468375,0.017953520112173577,0.008156425247425166,37.17638405179064,0.20785693517027407,0.3303458347550613
1825.5619373248994,0.7624178838063917,0.06328798558347493,0.06520776508046598,1.6197944551730235,0.021744815153600897,0.8740838341842623,1.1788855819353523,0.0033423709977071538,0.063533910930957,0.8468641859278722,0.012075964411778647,74.36859852711257,4.912977063465678,14.013190848358812,0.051982597138060964,0.005547831625543982,0,0.00020725489880313644,0.01688693183865662,0.007137001627241011,35.04786673164014,-0.4760101300018076,-2.278305555915252
1826.3535557374112,0.7672367501677609,0.06346875904708302,0.06581090490626237,1.6205570602184403,0.02170485655258841,0.8859968035774071,1.1979313518278796,0.0033330607019973106,0.06332708712836047,0.8506886174314937,0.013941322398654846,74.55980302036208,5.026798160546187,14.252127737576462,0.0521865466632527,0.005604527415824718,0,-0.00019836018539356632,0.017203774571446125,0.007910996809773665,35.24971859788599,0.11156161733498098,2.685958036804361
1827.1728289416264,0.7681582163713895,0.06341525214340105,0.06525140121056278,1.63748960822099,0.02150179016968712,0.8965601855449701,1.203461294672182,-0.0001283227757690544,0.06324441909435372,0.8664200342101711,0.014099973813292076,70.49123054544219,4.982798144185823,13.607195977908079,0.05181145410402095,0.006064305268135766,0,0.00012890854652354076,0.016559056085259552,0.00707828160312836,35.48918686625796,0.8646363582280905,1.3101262835849816
1827.971361052064,0.7666876973140068,0.06347648224525142,0.06521980206286952,1.6108346461542054,0.022016529452581916,0.9040834769761527,1.2517083320857054,-2.162809761630985e-05,0.06339036942648438,0.8795085727543092,0.014914464375585954,71.27527191967826,4.996888596837616,13.597089581905461,0.05191539571394939,0.006321572025530927,0,0.00022572428471102316,0.01462092918070542,0.007891613907433644,42.601143351717575,-1.243792564352709,1.8009056953195974
1828.7664363135386,0.7679930128535933,0.06300481405399774,0.06460139896618988,1.5600713132173873,0.02259858045927381,0.9720008231177535,1.260013375307245,9.86008672283616e-05,0.06311751793392333,0.8980544527126252,0.015453071627538756,62.69624777036063,4.991217005305759,14.185229768091927,0.05187970839897173,0.0063003975532691615,0,0.00104790836797871,0.015660957032646805,0.00844166643337017,51.00100159412413,0.6986216081130305,-0.7797001346750855
1829.5787958198277,0.7692157502784692,0.06366356936759894,0.06456075827947488,1.7160870267116715,0.022015588119428005,0.9046614265589527,1.2147011468919202,0.00014996853697555592,0.06353458930507908,0.878756401925488,0.014937336934181823,64.28432590238346,4.955355875442902,14.1339264456463,0.052048671254661893,0.0060209727517970164,0,0.0003745742035151492,0.014475142942919803,0.007861980982363908,50.5056761244511,0.6726835464055417,0.06995943660322809
1830.3738710813022,0.7695510828282435,0.06312463050584223,0.06437241189873387,1.607509604191511,0.021189645090818256,0.8939450787160753,1.1508992617527711,-0.00011320617751457627,0.06318014825887958,0.8472461700721483,0.014097656864012981,61.71860943815096,4.9824680752299555,14.360432148471947,0.04753621771415115,0.0070877839327976285,0,-0.0003937789030820317,0.01363134169582754,0.0070387845858808995,51.53567615594377,-0.14112070156149764,0.8490191822222392
1831.1654894938142,0.7713321088485623,0.06326861375894172,0.06429888915480676,1.7265280392803268,0.021137252398669218,0.8262204784980999,1.1485249586311546,0.00020342670483386842,0.06306727058432013,0.8413212545990875,0.014019835541089067,62.122574941735174,5.019304180858433,13.982459087709316,0.04781819655512457,0.006661873300831758,0,-0.0007430827421088166,0.014952795817748053,0.007345860659232961,52.13323083095039,-1.7881719634982824,1.319721004908434
1831.9640216042517,0.7713869168878508,0.06350732130187643,0.06423555291882327,1.7027613190486284,0.021189838045064326,0.8238442710927325,1.1587915292585078,8.501496037964404e-05,0.06309924613523255,0.8545817808804881,0.013766138260716666,63.494176503151344,4.9573402030915386,13.968483720380485,0.046325752091713045,0.007525239090471866,0,0.0011571972750957673,0.01317028199976252,0.009096809516578973,51.07210023930675,1.0123406487816622,-1.1657088915732716
1832.7694674126149,0.767255571646378,0.06672278275888585,0.06418351728439958,1.6178262575030469,0.02083769009852699,0.8321465106069518,1.1372556447309459,0.006698593181017129,0.06680688992794086,0.836134583756738,0.011843553049239385,61.59704792958641,4.98171151439017,14.218812783992444,0.04459700728949809,0.007945768815540703,0,-0.000241342197202061,0.014651647704388942,0.009221974862847954,49.39399636864027,0.48031071328777525,0.8366881712896805
1833.5749132209783,0.7626294725826559,0.06671963457705161,0.06436277294465477,1.6379655047283028,0.02085605155634367,0.8234622630047522,1.1249244844762578,0.006695788789107608,0.06650975771290736,0.8214247198232711,0.011931810824525723,60.89397144537397,5.072760913511236,13.957057588805606,0.04414682701184802,0.008566513135760206,0,-0.00039853214167711194,0.0146383354306595,0.010254055086772214,49.71620683252733,-0.985284324793608,0.5246639669193185
1834.3838158783044,0.7657233517835152,0.07004773980613704,0.06412681089814219,1.5983937528078613,0.020409041283252105,0.8288160837315113,1.1037691221055113,0.006621653155044668,0.07005508857101164,0.7760125600282004,0.012182679325962167,58.47522833767102,4.949853976535724,14.02447917149493,0.044506065700483016,0.009600078138055674,0,0.0011635299633673472,0.014699298255534347,0.0115657061453027,49.240559505470465,-0.892064184431678,-0.8778170774934871
1835.178891139779,0.7650552265537652,0.0697245074838083,0.06419604921970629,1.605467079296252,0.02034681133760206,0.8276860881688495,1.109953032531038,0.006803896331123399,0.0697438312359218,0.7719679122033665,0.012084968081078713,57.84124552349442,4.882002879592414,14.24509267362186,0.044123606020482764,0.009592913847477054,0,-8.317898901390801e-05,0.01423848400933092,0.012282742506820574,42.09872927835794,-0.056000732792445614,1.3438116438092977
1835.9635958543647,0.7641510463136237,0.07033007796940696,0.06495914400533892,1.6572028314623348,0.019998189842624248,0.8340905687242485,1.0756337623484933,0.006908730341488063,0.07006273397280664,0.7685652681080049,0.01194120233223763,58.4309976696226,5.017871149185416,14.102443442079913,0.044931780092053675,0.009382600516035084,0,0.0005625813392230695,0.013754477347464324,0.014187137804489932,42.74749013460883,-0.4160812999586845,-1.1673423308734732
1836.7517574179135,0.75884821383781,0.06994711657098543,0.06589844191793923,1.6050186878050934,0.019820997799307922,0.7510419364913612,1.0860838704965343,0.006428724156164656,0.06990143025932456,0.7509061445096016,0.011423408891424899,58.71634836529021,5.138448737735333,13.82540003643675,0.044038446473948965,0.009671642949628603,0,-0.00036952389752539756,0.01467858684898365,0.01621874191955201,43.99768744292242,-0.5345341723243244,-0.06488790333990971
1837.5191778876847,0.7369624713019475,0.06956715990207606,0.06617924802095711,1.6004235130431725,0.020140409275033234,0.7496340708262917,1.0650273650192508,0.006740031794957618,0.07014237765572724,0.7660601252843452,0.01154329346912993,57.82599970345292,4.9917055713170395,14.496785737875891,0.043400406306607416,0.009674854274367187,0,0.000980734224842341,0.014185806056445371,0.016828301082936065,43.10202055173488,0.7474932295934545,-0.9789018904261366
1838.2865983574557,0.7408017229145024,0.07032206387086055,0.06712403054106016,1.5938474031767633,0.02005936590079752,0.7279480969971851,1.041828354210293,0.006685310777560585,0.06987702398428361,0.7629109467755395,0.009822092539377705,57.73925761925864,5.026379560522112,13.761325140211845,0.04153122474444606,0.010404397798317115,0,0.00044901904637389837,0.013988538179762394,0.016719942176183063,43.63823570213304,0.5747582074160779,1.2794556835361526
1839.0505619782639,0.7337299736473475,0.06656209557778085,0.06773982118627474,1.584373454232715,0.020189457094982634,0.7467992718036138,1.0560096899003066,0.006771793183547858,0.06664768437655702,0.7614109304766957,0.01217690306541454,56.151335818450384,5.101836251689119,13.925377560014766,0.043764155091672585,0.009887647777297181,0,0.0006501269578416715,0.016105965914927158,0.016896620295228638,42.17161727067558,0.8473436878209083,-1.4045248473376932
1839.8110687501091,0.7360671066349531,0.06660285389117936,0.06782952102306969,1.6004407264442557,0.020341594364613202,0.8464424112787753,1.0749914527345048,0.006769761586327928,0.06654294203159958,0.8155314725844424,0.012321221846470958,52.5471996290431,5.034827505477022,13.807603114178134,0.04382628323178177,0.010370241855993226,0,5.32222766935406e-06,0.016167989545767827,0.01767718268240533,33.060088687911836,0.8426778371497208,-3.001416218336148
1840.5750323709174,0.7327585147045506,0.06674083073949805,0.06756252550715926,1.580240130137081,0.02084869537282493,0.865331247604272,1.1305732887128626,0.0067466631467137436,0.0668592487505359,0.8591682405642861,0.012757888172886138,55.69876244438249,5.0444540660983535,13.986649662205739,0.049147804498959516,0.01014363865228113,0,8.716816987620695e-05,0.016194345880572433,0.016842850985495997,36.15228606445223,-1.4190426454615854,-2.894070307001231
1841.328625444837,0.7349741670949681,0.06688830773001071,0.06774334278310479,1.609158412534834,0.021323451323773678,0.8699078821515208,1.1632955258216149,0.0067239045136406285,0.06668438675426266,0.8418114300072759,0.012891571157129522,61.90547536664041,5.042428934882371,14.263413309088996,0.04980405423729136,0.010017478149191619,0,-0.0001231903951361057,0.014473790309440848,0.016784510193436592,27.837238597490906,1.2009314015414312,-2.3562782700954736
1842.0891322166822,0.7237953612234488,0.06624694512492431,0.06773240455492245,1.6579297565137183,0.020771641216618647,0.8623695880953883,1.1569466529811334,0.006637441057451533,0.06643699050850277,0.8495046492995494,0.012090308761435714,56.557612228096616,4.891251084379774,14.317828209289468,0.04952415892452112,0.010232214453758085,0,0.0003927464109609508,0.016718162131675235,0.017786623040169848,27.409166302424044,0.9645940599019205,1.0818005574385778
1842.8392684416383,0.7227934571396827,0.06653754529272189,0.06881217836823629,1.5547347558106102,0.022474163602542792,0.8711797429953085,1.2648176480530557,0.00669615189911423,0.066318312195805,0.8618336259351536,0.01134116353425558,62.0623699539461,5.095715282655006,14.391907459334353,0.04343340359316661,0.01029184675684796,0,-0.0005320565395171839,0.017239098292325634,0.017373035599600826,28.57747350254542,-0.9320936210671013,0.15500926789651603
1843.589404666595,0.7238653521679622,0.06649133265633864,0.06905268824871864,1.6266519614147843,0.022602304066591434,0.9059510519712469,1.2683960218825263,0.006793736113602483,0.06669627619410108,0.8631793645565758,0.011400497163779862,55.82006678768939,4.97360441163895,14.030239825254746,0.0447781551595494,0.01027646609293675,0,0.00029584278853835944,0.016964830948128305,0.017744158087102353,29.22616725683658,1.8684580459509104,-0.6176723572021503
1844.3395408915515,0.7260249297597101,0.06669836129978832,0.06901038258772506,1.6041743900960455,0.022513535492236877,0.9035218732485772,1.2732146877760218,0.006657059065538368,0.06675153564078996,0.8771366942293675,0.01117706828272042,56.88112862979777,4.95166776006559,13.91742681490935,0.04401853877223006,0.011487245094915827,0,-0.00046157973781007356,0.016156865256883507,0.017100003648412982,29.288960815344087,-2.796062956534355,-0.26240960919644024
1845.0793065696191,0.7192452184813053,0.06652087756773035,0.06953013747892338,1.610375056774663,0.02348416955616408,0.9316198951160987,1.2737023324817733,0.006715252076541567,0.0664703781464419,0.9115227720932867,0.01130812063541211,55.745357766887764,4.939707405952704,14.254627188764387,0.04547181567123995,0.011577083069260303,0,0.0006149382239877444,0.017088891536397758,0.016601857031042742,27.354520745361302,0.9364254418755802,-0.29611846183038676
1845.8259859456125,0.7121279180883419,0.06681819597503762,0.07014606049364301,1.672313492896177,0.02346415506985458,0.9258236462382627,1.301186832786025,0.0066482341697204775,0.06612510490031381,0.9204251168884212,0.011427404155118857,61.74556084623613,5.123065192093464,13.867578396211174,0.044778996922499315,0.011509739659505119,0,0.00018563148711158285,0.019371479048238098,0.015346671307633009,29.632093063284426,0.5262972511214361,1.417480335367285
1846.5622947747172,0.7087864845897258,0.06659906667754399,0.07031737852644739,1.8913267504575146,0.023619599714223238,0.9288661469506465,1.3071936975348253,0.006716107299840078,0.06657449184640907,0.9188090925929506,0.012935053517491095,62.009562261092846,5.148591762965922,14.066551991754348,0.04490929852140987,0.00996958563096121,0,0.0001744969793448083,0.01913195391949421,0.014184845236685865,28.49011292152621,1.8165570003344278,0.9147768608444085
1847.2986036038221,0.707276755940612,0.06641512762890424,0.07013875715461251,1.9537525034575354,0.024161351036772215,0.9072681961085076,1.3392654105204607,0.006615896997581426,0.0667935033740204,0.8765819059249891,0.011316556306799638,61.68121987934171,5.017640531676717,13.59337544683208,0.04154878671947628,0.011691334241311835,0,0.0009436000637177955,0.023336969020292475,0.014824397004323704,27.87854619165343,0.9061516782127533,0.5386937142005473
1848.0349124329266,0.7103934967598449,0.06683590591947071,0.0699028930948476,1.97726110039917,0.024663312677684956,0.9264265742689498,1.3537048373374976,0.006972649341816111,0.06655648700618036,0.9168087776471943,0.01122751963650943,62.81834026131555,5.187623925878173,14.087439144156287,0.040887696357370155,0.013008010053116928,0,4.4438395767146184e-05,0.025829504133046854,0.015429802919136497,28.405979931414027,0.5820667352553651,-3.133749877028442
1848.750480168254,0.7045355837274433,0.06673835385410093,0.06976428192367468,1.8882048710123973,0.02427456779470172,0.898497161750692,1.3496991984732183,0.006694586038881816,0.06675028826842506,0.8611455897353705,0.011092048340876598,62.48750844757594,4.917888334424325,13.901302512842515,0.04117748605251816,0.01178239345267143,0,-0.00026438368273844096,0.024963735219688324,0.014336267960436924,30.78613618478085,-0.8420092405123978,-0.8471215829219646
1849.479875299433,0.6998860096210098,0.06645648272414637,0.07015689845752948,1.9511956057079327,0.02415726344358707,0.8883729608004753,1.3076341516374839,0.006620279363127993,0.06672472669616443,0.8627983650374568,0.01108593150162467,59.90299217314279,5.021606800849015,13.88618063001639,0.04429148128134097,0.011873017577121793,0,0.0006814385400102999,0.025424643539896243,0.015368761127938545,25.84506877207555,0.09856757386189169,0.9663552656299118
1850.2058135816487,0.6995618372712034,0.06649817311296466,0.07004069558252456,1.9975261471485615,0.02408816741360046,0.9055238304905505,1.2975617614580068,0.006595898241366795,0.0669770053260763,0.8594873650899809,0.011543988857624178,61.90960867133837,4.954675993922901,14.017696082675958,0.04504840763088661,0.010749866355085772,0,0.0003388552273868307,0.02505365446583516,0.013592079856774025,29.870532715989732,-0.328505312582297,1.323251832982471
1850.9282950149016,0.6986645423370272,0.06669462402444802,0.06865844543128462,1.9758597684175414,0.022677594052140922,0.9249296223333163,1.28177829215323,0.0033698454016234257,0.06665774307964221,0.812564527050041,0.011649535400302254,60.35695780053377,4.915864227328733,13.952177681414529,0.05651789640896797,0.010636847326159321,0,0.0010514473850153179,0.025181361261467087,0.014589954540619733,35.17371361737706,1.5789003557982655,-0.5470456122141363
1851.6438627502287,0.7038677205110387,0.06608773155874266,0.06816077225523805,1.907480311119107,0.02268935789983289,0.9141467861716814,1.2857552777805645,0.0033058664413855017,0.06674399210672953,0.8133872560644252,0.01379982144023237,64.11617100934413,5.118300015588434,13.947081553139947,0.05708272753550953,0.010702756784273591,0,0.0016101455833585172,0.025591488294199723,0.013233828992946409,34.961135367938596,-2.4852716991280714,1.557025311771535
1852.3732578814077,0.6996638758784556,0.06660741690765162,0.06848664778238067,1.9019539687743432,0.022595753051533763,0.9609235693963697,1.2741768938019005,0.003400530883353307,0.06674641887998876,0.8118822786145868,0.014261118544987579,52.56105873266298,4.9429002444462045,14.421375658046014,0.060169123095728715,0.010715586048688525,0,0.0006412622213990812,0.02340276083258782,0.012808463687235401,36.31822534231459,-1.4659920391963461,-1.3616113569264883
1853.0991961636237,0.6990195239957612,0.06693473219590089,0.06784488245531031,1.9511155945277456,0.022777515448055882,0.918808057208553,1.2737122794592146,0.0034580026866548605,0.06711049560084485,0.8099590690826125,0.013775313871188277,64.16633216917107,5.0458905640864105,14.251272566526717,0.05745282880583266,0.01119677431975277,0,0.000227181329876752,0.022652858243728594,0.01156440303208263,34.703007234317234,0.03286386979200735,1.4486706951102863
1853.8251344458395,0.6999865863231253,0.06672289061963821,0.06787457852063154,1.6568776318198437,0.022722529291161406,0.9216752876933321,1.2822966835127612,0.0032618586601107953,0.06674273554559293,0.8118094635630204,0.013820466165095557,,5.053866658059364,13.878453138763199,0.0598564277583718,0.011549848118971468,0,0.0014689259249567428,0.017297146149339693,0.009855863149014016,36.967150347519755,-0.9743742916741512,-0.9404905515484784
1854.5579864259812,0.7026334097273584,0.06642822168783231,0.06622075606083665,1.513767231657937,0.02204484980258603,0.9283997875382688,1.2719823821072196,0.0034421239310389808,0.06691179839630687,0.7949107235322109,0.011845906004093076,,4.953008514030192,14.150133726825569,0.06268112239458058,0.011905996713422686,0,-0.0008534334504744668,0.017669463745789548,0.010105136493451723,35.113290415732976,-0.16417363191785725,-0.4003931473372639
1855.2873815571604,0.7021456696745283,0.06645196783723002,0.0660902720143624,1.5787322025998465,0.02197453331851544,0.9191249675959446,1.229461439794531,0.003261646561110793,0.0667723531945552,0.7822950116527612,0.011789473427932283,,4.920244643737012,13.921603547753417,0.06189138777964264,0.010591708507065456,0,0.00035928639531429215,0.017866347798045787,0.009652879289228016,37.48386273136219,-0.2393156247454165,0.617382026929965
1856.0306040841908,0.7081111132111726,0.06719059015495824,0.06633814603000183,1.55902696608841,0.021695307685768186,0.923348287480117,1.2087526092875909,0.003362924604231301,0.06702288943711883,0.7682549563558264,0.013744968697536277,,4.780104515797698,14.2312906171646,0.06172572124783715,0.01063677522156636,0,0.00024726805488139314,0.016598695263658116,0.00920644763090195,36.86138800139907,-1.3253430769057033,0.18322345158318357
1856.7599992153696,0.7010838302865162,0.06681322227542554,0.0662430643659985,1.5309919880957668,0.02154517718672044,0.9233315802827986,1.2312986784824858,0.003609487432880259,0.06650579779981376,0.7673519309495509,0.013815495544782811,,4.925163259012421,13.601515983838363,0.061286578390438884,0.011324274544794476,0,-0.0004699973589665519,0.016427695263600987,0.007890281777732648,35.919405161110824,-0.7431021380043495,-1.1178933776938473
1857.4859374975854,0.70654612113817,0.06673371764047635,0.06625216374265509,1.5824045708889491,0.022031219814834527,0.926342433508534,1.2374943448100777,0.003360596397470827,0.06641071822827214,0.7812717560242844,0.01377478887902066,,4.972273806603269,14.495116033505141,0.060699616057225354,0.010633639619252708,0,-0.0001571533148130421,0.008862541130543675,0.008047679807125166,34.241043226414206,-1.2894959089900242,0.5309671676882255
1858.2187894777273,0.7070361399112249,0.06663307647322735,0.06620908783425158,1.6241159889715249,0.021574800317765812,0.9343747424365966,1.256646345994839,0.006603549281341903,0.06655705630822782,0.7706620690926035,0.013491198201327248,,4.916753129727687,14.094575546240906,0.0604739373877391,0.0108656168465554,0,0.0013592781818862795,0.00901170311635444,0.007538923320393232,36.67556680097621,-2.082120365372078,0.036229872557001726
1858.9412709109804,0.7089348775626764,0.06643099275603201,0.06567664161384726,1.5862027360056004,0.020922559229266856,0.9043211512775249,1.2529077021340562,0.006781918280231422,0.06701664971515278,0.7684813062488675,0.013194797667443293,,5.114337851077436,13.981670785161327,0.05218144961558473,0.0101008791939932,0,-6.74252901893899e-07,0.008675261793704413,0.007007514684301248,36.16498673644577,0.4120278304499269,-2.9500712234878708
1859.677579740085,0.7113718231750104,0.06701571141007816,0.06623840705281724,1.5353784813541416,0.02109104769581922,0.903806101162839,1.2672616880318623,0.006476084097597096,0.06660257790357961,0.7703492501071517,0.011714610837642823,,4.823567882980178,13.714536371533121,0.04532943419047909,0.008481440041415517,0,-9.76698974411084e-05,0.008389111414042763,0.0074526251978898755,35.52979915208188,-0.47210546250429725,0.06677011134033045
1860.4069748712639,0.7128202987330648,0.0702584714395966,0.06564892022745869,1.3977909032405753,0.021060719003162292,0.8912478926576719,1.2409075345074614,0.010035486955407074,0.0700486442509613,0.7674004537331457,0.011213355842151208,,5.02637007244838,13.444914635297527,0.043677996972067264,0.0082394872846591,0,4.88402017528509e-05,0.008000740928436154,0.005423415495469145,36.23141058719723,1.213529429508946,-0.5488941951758736
1861.1467405493318,0.7100260605119083,0.07015841012570231,0.06580058084745148,1.3953184683818034,0.02093843719493867,0.8861646045803181,1.2245286636179686,0.009887732457504263,0.07028029510009813,0.7667206601791033,0.011085179556647869,,5.0192609607398415,14.377341028507143,0.040651025703316655,0.00792753474250139,0,0.0003347183190772877,0.009298800942995592,0.005140685701547277,33.512156387887565,-0.7294507863202095,1.696849194171595
1861.8830493784362,0.7051455168749595,0.06976804203367197,0.06686980163435013,1.369645627905379,0.021113057299293,0.8712605881629026,1.2241344703056167,0.010082440894340326,0.07017687793057723,0.7654612502121377,0.01093482672469248,,5.042345311530824,14.305957104533807,0.03878149073398508,0.00799673764250584,0,-0.0006884847824802875,0.0076759868988700046,0.005647646297981083,34.81131127566084,-0.98845413015463,-1.4339080543884055
1862.619358207541,0.7129597409634422,0.07022463857723783,0.06738473755155798,1.4066308527154867,0.021141463175480713,0.8766796891349865,1.2358700721565354,0.009966638382244248,0.0700115692040263,0.7679757033617872,0.010511877616897267,,5.018075345583809,14.076314460330147,0.031084786377840058,0.008303473625650055,0,-0.0005967198121601236,0.008020910597517049,0.006231793060534245,35.87365948094985,1.0254446697300346,-0.587023757608362
1863.3591238856086,0.7142610226776114,0.0712331217662375,0.06744087611829795,1.3212779256745155,0.022068469467699595,0.8772698566022574,1.233870523950463,0.00995687579600826,0.07180874098841265,0.7926588977082697,0.010484068113544567,,4.81283382948656,13.372512847297429,0.030416919130064522,0.008723174439305198,0,0.0003315041215583825,0.007428896413311129,0.005090442068417173,34.66648909260732,-0.6813234147253898,-1.9984713332133295
1864.1023464126395,0.7146306221573989,0.07341378938684658,0.06753632983645988,1.3501021375308984,0.022806224398874635,0.874189458617365,1.2616249571666804,0.009972098299721758,0.07358142823651452,0.8321486284411859,0.009766889346817152,,4.897369732272284,14.134221003433884,0.030445310781977142,0.007759487129814492,0,-0.00011409556268765207,0.00581172196267829,0.005035238238043747,34.61089838138215,0.7277677453385711,-0.5631667475396269
1864.8455689396699,0.7142221268079901,0.07337413046759016,0.06821864561912667,1.2873975798394033,0.02295681791547659,0.8758030408882401,1.2361313619773096,0.009925514236689269,0.07330405537541906,0.8333836637203526,0.009455174891329486,,4.954991599908853,14.218700666036938,0.028645038359758828,0.008155974327050957,0,3.520792887625432e-05,0.005350874487276005,0.0053858139986441905,34.403455131310174,0.5810833983258664,2.4155380052205
1865.6060757115151,0.7136789727207514,0.07358376038539459,0.06804045330797269,1.2870705145256076,0.0226361790662871,0.8769430735862195,1.2545610068406152,0.010070611801208301,0.07326294534500395,0.8323948668420126,0.009436045169687829,,4.9929612670445795,14.497233037023367,0.027994422963686132,0.008298753157019985,0,-1.4109502472621626e-05,0.0066408168676253205,0.005924186543621813,38.068737952331546,0.9296557367091354,0.7200088575085496
1866.3562119364717,0.7146272272740843,0.07365634471620709,0.06825546443009727,1.3007180937337577,0.022658636432798366,0.855469299079435,1.2353815905682397,0.010000493945676748,0.07295440071224651,0.8344464731743417,0.00767660369597182,,4.957632898751359,14.27068525555465,0.027427120133920103,0.008372752137546688,0,-7.668554422819443e-05,0.006722108662294002,0.00523821301545634,36.11316808928758,0.4076385579875671,-0.9639897026065356
